Logging output to: /home/guest/Thesis/MotionCLIP_experiment/results/finetune/allSplits/fullContras/NTU1-120/anomaly_results_random4.txt
Loaded embeddings:
Z_train_normal: (3020, 512)
Z_test_normal: (755, 512)
Z_test_abnormal: (10590, 512)
Normal classes in training: [ 3 13 33 44]
class 3: n=752
class 13: n=752
class 33: n=758
class 44: n=758

AUROC : 0.7645
PR-AUC: 0.9706
Threshold (95.0th percentile of train-normal scores): 26.9116

Confusion Matrix:
[[  204   551]
 [  367 10223]]

Classification Report:
              precision    recall  f1-score   support

      normal       0.36      0.27      0.31       755
    abnormal       0.95      0.97      0.96     10590

    accuracy                           0.92     11345
   macro avg       0.65      0.62      0.63     11345
weighted avg       0.91      0.92      0.91     11345

Train normal scores:  [23.53276125 19.35525012 24.27235701 ... 27.07391504 23.79849979
 23.69272456]
Test normal scores:   [111.3380262   76.56624199  47.04669946  16.33241649  28.39367065
  25.16797156  13.86701121  40.68294407  21.59552058  21.47902712
  33.17319984  70.59421547  23.07271211 104.56373746  37.25014795
  31.0249685   95.38975159  33.65764134  58.91660761  18.59729749
  53.20418635  51.5250294   68.82543914  36.28302044  54.01265837
  41.23366455  19.20523367  40.9395598   29.10336884  26.35032092
  98.46146763  24.4194159   28.96725371  53.40572952 172.49536734
  43.14582866  28.02341532  36.75890487  25.07920013  37.2136068
  39.8692923   48.87080483  18.53359819  41.49303956  37.73991427
  25.32700894  21.05523573  46.89497716  46.73104748  15.70934744
  69.08291507  39.02041763  67.72106679  94.6955132   20.48919676
  26.22038373  34.68996347  32.99528331  39.82516602  40.26607672
  17.02985429  90.70446448  90.15145396  28.08621764  53.99330268
  89.71243944  24.59672768  19.30417577  42.54731339  87.0259908
  28.05836459  96.82170918  45.42811047  90.39890338  60.66905899
  21.90203429  24.61485636  51.9428013   67.48800982  22.35052552
  25.09903279  40.86205382  50.33291001  21.27203689  47.46714944
  71.20363302  67.03705781  63.76190264  49.48731251  42.11192043
  74.21981927  79.41830017  34.40459797  29.37408868  22.81326731
  62.09699161  67.88652551  15.38520952  20.57715293  31.63748408
  39.53307716  68.11254528  37.63253849  47.30236782  49.93405201
  10.8381214   30.85269871  18.79959612 116.12029323  46.34673319
  13.8542134   47.12796304  28.87970215  46.61806635  28.43559834
  23.75327349  52.73304951  54.48129008  37.76303395  17.62366741
  65.65649744  38.43885175  36.32550707  43.11343555  19.93430958
  27.45711053  40.865969    43.30554837  41.36121299  70.00740717
  21.85368834  60.6456305   15.60120017  55.97807145 122.60874398
  26.78254714  64.81208418  57.86517311  52.33184512  22.75303232
  85.45924918  17.85950181 109.33598315  63.24063713  41.13601586
  56.64399887  15.77366472  20.79761901  55.91473427  92.72170219
  17.52374843 116.51089092  75.82458059  24.89187418  39.52683441
  94.46961342  38.80485923  31.97337834  60.74618845  24.14977853
  80.21765857  18.46513469  78.50622212  31.83008414  36.48943369
  44.59074894  38.85636716  30.02932065  58.04485941  60.7966448
  99.90527928  38.36084425  68.49766335  53.78593171  76.03075772
  30.99372946  35.75424956  30.81052495  22.41050152  47.81925252
  32.42416532  33.34008018  41.12775079  95.04846794  35.9984731
  40.81075423  15.61747593  31.32906193  18.56387845  20.48776582
  63.68691313  77.0205944   86.21008776  24.88276489  24.15317121
  85.17622855  38.29547454  48.59099148  37.74843951  24.73732721
  39.60275227  21.17957997  60.29791959  40.61017592  29.56012016
  51.02949536  76.58083455  26.65549496  16.40741268  74.0691921
  83.08657498  56.27667656  96.64365469  58.09397168  31.88991389
  65.51611692  35.86392501  47.37176736  28.59082748  23.63496605
  37.62613255  67.20557578  88.08226835  19.57447764 132.67235232
  45.78261814  27.23245078  82.48928669  48.39286302  35.18661807
  23.27339996  26.14568092  18.95712259  30.99542722  79.90774464
  45.40191585  33.18223009  18.686416    28.13309909  29.44798127
  25.7390096   13.23706916  21.89425121  16.11983945  13.60139866
  23.73278552  39.77985547  19.15383264  24.31557415  20.09861361
  36.4511358   28.41309732  46.42366802  39.140018    16.80397573
  11.75271937  43.47560927  23.39300927  27.84225024  30.36469116
  27.23853566  78.14899478  30.73742504  43.51452514  34.76487657
  14.17577812  38.13628173  22.00560586  34.33313741  83.27304797
  53.31161729  20.56216588  39.66009468  38.78207964  38.85778588
  44.89665375  57.36004973  10.56328172  30.48674411  37.47368608
  37.89404964  29.55066937  38.94592277  39.29075083  94.7498214
 134.57162345  78.93228641  85.48220245  52.88148661  38.61902245
  52.35758716  26.013355    34.89528921 107.16023668  14.370722
  28.77473093  45.25907962  36.6131933   77.62833745  40.35508633
  34.59042177  17.61910243  21.56441882  26.60515165 100.24561082
  21.56568759  68.52557418  22.58460045  44.19917805  21.24061294
  39.61916049  48.53152425  24.75162244  31.72830122  24.71084161
  28.50653182  29.10131607  66.0500867   30.85389697  35.03165168
  63.1442745   27.01796396  52.63579564  63.4985998   95.32965135
  53.19863638  26.5630416   41.50223825  49.19584073  84.68747703
  32.71833158  20.19261715  17.49797631  15.90232647 153.96363947
  38.01049701  32.34194084  24.59243668  43.97318493  87.20221419
  56.12817617  22.52100087  26.19620384  34.61840275  67.6078546
  18.85244162  32.46653678  87.60408445  34.63248059  68.89549438
  52.45769706  16.97959305  64.0739832  167.76068804  32.32779634
  37.92674045  40.93720112  42.59726615  37.58258419  42.46371924
 102.06857826  13.42217422  50.28509175  35.31589716  71.82558845
  40.38147026  47.90089832  39.46080531  52.32232162  20.72924221
  25.25165711  16.93635042  26.30172331  39.48741995  99.44437063
  39.50115987 107.46078315  84.36231848  16.61102834  19.3548186
  15.41432186  48.98968974  72.66163921  44.63524497  34.20396093
  14.24766363  20.30418335  81.27886376  23.76352509  30.33823389
  71.10266515  74.5803666   31.09938064  49.09717109  18.63215777
  47.27383123  85.3809066   62.26492241  39.49535039  31.71555966
  51.6198907   28.21611999  55.56656635  89.64294704  33.25208889
  23.74296632  32.79818602  71.24385042  25.62183031  18.81200469
  41.32968339  52.74901767  39.74502144  34.78436098  50.41253273
  29.98000304  58.76532275  36.34178611  72.13330955  81.13158902
  46.7406105   16.02227643  43.39751183  57.68795747  51.77811076
 121.59538551  16.73325654  94.71104409 123.8330689   58.648251
  14.16678669  58.8034277   51.31134052  34.42318802  32.61615449
  39.80743447  94.17094963  96.91691159  25.90643304  30.74190592
  25.5019542   33.43553234  45.13118067  16.73472545  56.31966492
  21.42673569  63.19471195  36.5861372   51.65935644  55.05056043
  29.86451819  35.9083438   22.66046831  86.81927992  89.65977407
  48.89703218  15.20250716  28.17864638  15.41730488  23.3123514
  27.16902042  42.7023156   50.23976215  20.3514749   34.14809369
  59.38269552 101.60345408  23.91501321  65.61877658  21.03098723
  16.50224351  60.24760553  29.45273876  24.64148678  44.16571363
  23.83362498  70.31558044  33.00433876  24.40526569  65.12838867
  47.11835986  15.96801401  37.97596003  18.40099324  20.24811292
  14.98352027  43.0062199   28.88640101  79.52906043  68.73317732
  85.52902987  49.45807928  70.75949421  34.61928199  46.80943346
  27.06310181  53.50714596  29.77002493  84.96645429  26.65980244
  37.03431229  24.14987768  37.71951807  55.82984449  89.06224813
  28.92936655  24.87088356  54.65022382  25.52766156  88.72091792
  75.9820271   32.52840036  52.01669331  59.92694364  29.08896311
  62.12779246  88.13163599  40.77572795  88.90963618  31.8384844
 112.37615067  39.18410217  19.82390507  29.2669941   35.54460994
  53.2899073   39.92808203  14.17885819  90.39570305  37.14739424
 105.68702623  17.58599351  28.63529062  22.64582838  30.10865232
  27.81327264  19.3727215   26.25169699  47.32372368  40.78322994
  34.01286595  81.96827108  24.69137272  67.00893855  21.5215932
  48.49612205  37.61357125  24.98105827  52.26521747  72.05719356
  29.8158897   46.64985062  71.55494784  28.13918195  44.94378894
  24.98982734  16.18257088  19.0628254   28.5163772   30.1638379
  35.83187984  71.67489328  37.05201971  27.11601885  57.91663399
  17.12395143  29.40038891  82.1667436   27.22957528  51.01204154
  34.30344202  19.50488865  53.82743034  18.53998571  42.59157217
  25.76073435  29.54447364  62.90697893  92.77994677  76.10648527
  12.27902063 128.81332754  35.03118779  54.9181901   28.01444518
  66.29507258  54.74553796  27.73343013  75.4540554   25.01403844
  17.98760993  88.59099561  54.28671316  15.29334703  22.72152634
  19.33681066  21.92716513  43.25436095  31.70375678  15.83398265
  73.15794294  23.685571    26.63806648  43.93152153  20.51247788
  24.84444448  60.57433356  41.98852254  26.17492824  28.15288261
  11.43834055  65.92764473  23.31458142 114.56252458  50.87577502
  28.10366703  44.02327188  83.33274146  26.10532375  28.48600302
  59.13739472  21.05177958  24.99838678  15.98552793  41.69826589
  34.36596102  15.9175345   38.38983158  27.08346212  45.57134066
  29.6856881   75.89457431  36.91818964  54.609178    24.50291888
  22.50980922  62.32970938  87.45345122  30.13659877  56.37267745
  46.63173462  21.12076231  49.89128164  33.41777466  18.62216401
  40.5243808   16.69387573  57.03988103  55.12624286  69.97132933
 151.96953053  27.74496674  34.53337807  58.19606519  24.80586782
  18.16365298  44.15517506  68.0066916   21.42543879  34.00065551
  42.12570604  72.13637744  28.58887994  83.61836393  42.90895986
  67.89900346 104.78476315  31.37769806  21.5889284   21.04364207
  61.55125676  84.89614721 123.66159522  23.48781449  16.64266519
  51.10011004  29.45484283  42.7389225   50.91621144  40.92933929
  29.72415176 126.4334704   43.32199449  49.28689301  48.42910092
  42.37486798  29.08135334  69.78428901  59.29953982  46.29799759
  44.14278205  17.35252182  61.58525337  50.20343998  62.88047576
  28.77091755  72.29582567  43.41029752  43.52083702  24.55503083
  22.05660479  47.4149368   75.9851962   31.28255419  42.07391676
  69.78499046  62.11080014  49.35021825  18.89772261  28.52506522
  74.16250052  23.54604067  22.85873802  65.55729332  17.28990343
  35.34290416  58.09427223  88.48321334  22.77711489  86.41616906
  14.61836657  16.24736272  56.38758212  59.11285832  78.388934
  24.79051905  43.7524304   34.53255752  16.09015395 111.94958335
  55.92478932 136.04296485  15.21517756  35.8387912   26.75258821
  69.94766026  35.87941661  30.08246091  13.69738257  16.16731185
  52.4764947   22.86081142  64.24186505  60.60515452  59.11089655
 122.38550327  19.56076201  39.24239786  26.27016945  59.05839836
  44.31875702  34.01862594  27.28311811  28.23119399  37.90943125]
Test abnormal scores: [ 26.21809451  70.57227459 107.41737329 ...  22.50786416  96.27050813
 104.39361457]
