Logging output to: /home/guest/Thesis/MotionCLIP_experiment/results/finetune/allSplits/fullContras/NTU1-120/anomaly_results_handshaking.txt
Loaded embeddings:
Z_train_normal: (3032, 512)
Z_test_normal: (759, 512)
Z_test_abnormal: (10586, 512)
Normal classes in training: [56 57 58 59]
class 56: n=758
class 57: n=758
class 58: n=758
class 59: n=758

AUROC : 0.7640
PR-AUC: 0.9767
Threshold (95.0th percentile of train-normal scores): 26.2531

Confusion Matrix:
[[  134   625]
 [  389 10197]]

Classification Report:
              precision    recall  f1-score   support

      normal       0.26      0.18      0.21       759
    abnormal       0.94      0.96      0.95     10586

    accuracy                           0.91     11345
   macro avg       0.60      0.57      0.58     11345
weighted avg       0.90      0.91      0.90     11345

Train normal scores:  [19.17864068 25.15704679 27.07170027 ... 26.14238319 14.10869614
 21.5058934 ]
Test normal scores:   [ 29.64723434  20.53724747  21.2322498   35.43158188  30.58199841
  23.67360425  42.56623839  28.4155219   50.27112308  39.70120036
  36.47681307  42.73073868  14.38823974  26.81282543  56.24839608
  45.70690951  28.08502655  82.47153745  21.79321743  43.25741398
  49.99791617  49.00028672  71.18578699  63.30576859  35.07897925
  34.77432946  37.36679061  29.82388791 122.94828273  37.05106095
  26.50656246  32.38388817  63.73930986  27.16258422  26.02873509
  39.87831566  26.5388381   48.17307785  18.20438353  42.04681249
  32.40108002  83.28547136  47.13900278  23.18940007  53.36979282
  31.25679988  48.52194032  51.61082781  24.06546325  36.8492287
  30.51243754  21.7733822   25.23360384  37.23509265  18.8594101
  39.63987824  41.01161942  34.61046958  88.35445664  61.75017959
  20.10903277  50.77672917  22.57266945  49.29267813  47.77787688
  50.84144574  56.78948803  26.71856625  24.87657027  52.88598702
  49.99338363  37.04242463  48.8331453   96.31748424  36.4148975
 106.80817546  34.80892227  30.65829885  39.8348383   42.67682906
 126.58750668  57.47599495  24.85105443  44.35682444  34.87118296
  33.19559734  58.39532747  42.16513616 118.48896058  19.54351198
  28.09056659  76.95514256  45.04185199  29.26612691  41.97427284
  32.5987265   43.03549138  33.63565735  33.59532051  14.86916605
  44.63623331  29.43991893  47.07492386  18.77377326  39.98288111
  74.94504521  30.99979461  43.24544607  47.15330535  66.81219372
  56.37607687  42.18055508  35.92998215  46.21644229  57.95908971
  49.59094792  25.42982068  26.76365335  45.14515648  27.40965161
  17.81210227  27.53829557  24.43108918  47.09271737  34.49387508
  56.37513997  30.04672074  43.03191483  80.75363921  24.21678793
  34.61123892  42.96343956  45.76595315  32.3638109   34.90062998
  61.18977668  68.99713931  39.61559662  64.37760514  23.73584187
  24.91564238  37.6114219   26.86434534  59.80987198  63.57095816
  28.62259886  35.53945607  26.13375989  21.41340951  39.58236108
  44.03003678  22.40753358  21.14954334  36.62898545  18.94810736
  46.54201091  43.6630084   48.96285784  88.96299866  21.97236719
  50.26281353  25.59713363  25.44029168  66.12025855  34.6867451
  26.01247435  48.78600712  25.9097934   28.29165032  39.88620732
  32.90923588  21.93347108  32.44574566  36.10171875  43.23950911
  36.65125214  40.52831242  48.28294163  32.43252751  26.43630358
  39.06623768  37.35773847  43.18872739  27.72338412  55.31601798
  31.5486064   82.19919894  73.03188838  34.04911743  30.23707351
  26.57015253 114.76529809  70.14097109  53.94714955  26.35735822
  34.37495958  45.23952501  45.95479048  28.4130121   66.55917319
  56.39232772  31.54019239  29.21005924  57.19392082  39.68703476
  51.28251528  43.6545984   46.55492436  44.38936003  21.78612842
  36.91324292  42.41109027  25.94849777  68.64036012 112.892281
  51.2895698   29.6087414   36.65675374  67.15389449  33.48039767
  67.57234062  18.6722063   46.58901032  38.93314173  48.77820475
  32.04966163  43.28723678  75.49943485  58.4789077   34.9950254
  28.37434218  40.69033375  26.47355771  33.27585208  40.52940092
  29.45870182  83.40306836  46.57414907  51.0456439   87.00074147
  32.28840775  71.52569191  53.00943698  21.49545027  31.0322608
  66.06417119  44.91292851  33.23391253  40.71610652  23.30532844
  28.06117645  28.4651798   28.44761592 138.51790846  51.43792905
  42.73722316  33.27449854  33.77781021  70.69550648  51.48307494
  72.78334015  31.78187218 145.71914518  53.65919133  59.31821037
  33.02567202  41.38600962  30.64066033  20.03937335  42.83381907
  21.73593492  25.12981032  76.11389511  85.69251893  62.88602629
  27.711827    37.8942154   43.56754779  18.6699047   37.46320959
  45.35964445  43.32230522  21.50966173  54.17215476  32.22465939
  18.46264512  96.56754337  49.25346138  25.92314094  48.77775807
  58.37540088  48.4479308   28.04558296  47.42668078  22.73361408
  31.73551664  27.95142308  47.24931935  24.01967299  45.49937818
  34.32214378  47.51825053  50.44369041  32.98612453  98.59135042
  41.2048282   36.55411043  21.99211599  45.88393589  24.71456055
  29.34196145  68.12527934  18.43433054  40.55213062  27.31672407
  43.43414648  38.57009312  94.89985102  24.29081312  44.92964223
  40.61086182  56.96674658  43.23313768  46.88593322  79.66270742
  29.71498577  70.55958547  34.90203899  20.41014216  35.29151286
  50.55900483  49.0969651   35.1237836   25.79660845  31.44397955
  58.19426752  43.64531168  64.96543695  85.9251509   29.54998329
  45.09026573  51.18755525  64.38492497  30.02967864  51.81668874
  27.11475086  43.60192301  53.72261671 105.85785973  41.69749559
  55.05638493  43.95176632  51.02587876  39.54153562  52.4361355
  45.10249518  22.34165347  22.82423842  35.87180791  46.7373195
  51.25797804  41.51530989  41.20893521  36.49043389  30.54765895
  64.92727571  66.10984709  92.79381262  84.21894619  44.77458885
  46.3099149   33.83030456  19.16189957  21.6109915   18.7113992
  48.93490862  36.03121907  32.80306818  46.50841308  30.09231542
  34.91735043  30.07107053  31.37522624  67.72161749  42.45292564
  44.804659    20.62986949  24.2170416   50.05602508  40.73112021
  48.50847449  22.84504403  61.13700613  43.33353347  47.6959044
  20.68566365  30.58133127  88.89263983  91.45240994  38.30669852
  22.74146201  53.86361147  36.68191732  47.28423786  17.96019328
  24.32505574  35.34302101  32.57594762  35.13285123  17.64641582
  46.46941139  36.1551254   30.51613217  58.70368184  46.90107878
  51.39888206  37.9109937   61.67476618  24.64250957  27.30896443
  32.35199613  24.19094979  30.95408488  50.13187202  27.56071066
  60.27246226  25.64666895  41.04308085  47.46780876  15.69557196
  58.60097871  22.08213983  64.26717959  64.21153116  24.02603283
  42.01563815  64.55140178  31.26145832  29.03335958  32.08095092
  28.48909773  37.33799119  37.67978253  42.79913167  83.77966657
  75.86409771  30.43625191  24.02229756  71.77051804  39.62916916
  35.28855223  79.29574728  25.06205763  32.90294979  44.52349565
  56.34606536  37.17094227  51.0051735   34.71337965  15.9650181
  41.57108772  44.77583681  51.68819915  26.23594958  33.66644269
  30.4896114   52.59620824  33.34128434  36.07667667  29.77453921
  27.29353265  46.44502515  43.96482492  44.91399861 153.89260874
  52.03264998  37.40564108  77.40794675  24.29830837  51.82317436
  33.87764063  63.70608104  68.12997754  34.07556061  20.13549412
  40.77595544  37.08640268  51.16634945  17.6573063   32.72331777
  62.67516266  49.18949896  58.65267147  23.08614035  38.04037182
  28.31460737  53.15081031  75.38219936  43.90192795  30.08336101
  41.89555255  25.31845078  27.97453049  49.47320742  57.29865329
  28.52253413  36.26295008  40.0606736   49.43417133  45.41017283
  55.43107564  24.87615775  46.05202078  34.4951628   38.75846658
  30.62250785  46.61076062  54.80120467  65.73606178  20.70981799
  51.79696265  32.8607469   44.23376936  20.26709082  42.90312481
  60.93987101  53.87729991  32.30129419  36.84998089  81.47135032
  33.26274339  21.00082733  76.10780362  22.05783879  48.85154795
  41.6453759   23.39698766  44.36470254  31.26355023  24.94675781
  72.75682069  42.46971526  23.18795214  48.08062384  27.08931037
  81.85730829  52.44755569  41.97155159  23.383923    45.5481895
  46.05529916  17.1524376   38.54231354  20.49438328  35.83896115
  37.1814454   28.6349824   30.48794757  34.07012141  29.3521016
  40.38005494  16.33776294  36.95301971  43.1557467   61.40185575
  25.28453392  44.26609199  36.98269955  39.56882598  96.58828677
  18.25871096  32.70142423  36.43801113  56.3227284   34.06927475
  74.51907757  56.30896116  52.95235814  26.98378659  35.68573432
  52.22883566  58.04062125  38.38606581  49.94252833  64.89722073
  26.99139624  48.25849146  34.66966637  56.98893966  19.69390555
  16.95797142  21.00753944  28.28450208  26.51426742  24.27956226
  45.02737261  48.37455561  37.29345445  23.84171422  51.88067104
  61.08544834  14.89436002  35.32284231  24.4999798   44.41307604
  42.81450078  40.03193313  40.60476458  46.96420196  26.50832
  45.99101114  65.49374724  26.27680247  21.4291774   26.49818548
  53.74028476  22.08479316  33.46331043  18.76775018  28.83367103
  32.01141851  22.68925052  33.66243633  25.73024625  47.32493049
  43.50901234  61.85874474  27.26195855  49.44186661  37.14056479
  19.46798155  21.32691606  34.9865217   59.91200685  49.53816222
  37.45562979  30.40244968  27.482736    21.77907717  25.57028544
  89.23334045  23.19567568  26.87394624  26.11684097  20.3583529
  34.88256254  24.595763    41.45160526  43.69697531  43.76395365
  37.5139014   22.78312287  38.72092614  68.28004522  30.52474867
  39.05061609  25.82917525  50.39882611  35.87436719  45.94748049
  29.75488581  41.82347212  31.48280196  39.58248244  46.21103626
  53.35036264  66.55188026  17.99462971  21.57028937  82.92285779
  27.8959453   36.49143776  69.71050365  59.99473206  27.38140716
  19.61697805  45.19677553  31.71977063  39.0866565   59.27140045
  51.37367133  49.29434072  30.42207038  41.04623691  38.07478854
  35.11030904  47.27481328  54.83281957  28.27423798  20.44215284
  42.78732781  23.07207172  37.05230297  27.34264334  39.8611881
  29.27215213  17.14703437  30.20124808  34.04927077  55.49993852
  61.29484304  79.83744397  36.06202899  35.20864232  37.43226426
  50.3650144   37.22754711  42.23069524  58.06912206  29.7349804
  32.93720739  23.05990949  65.22953242  36.11746161  67.604092
  28.98432033 110.7530643   39.28061399  29.55302163  29.60649201
  34.0391651   35.77937225  33.14811284  41.00426224  27.77970205
  20.38804523  62.7250364   29.62324681  38.0481769   17.91012205
  53.77317186  23.26258468  45.98374978  41.3119603  105.725122
  20.12912643  48.12284616  49.64047934  36.38252842  67.07545518
  43.3775248   41.58281322  54.21185691  45.94141721  59.73365512
  24.68671347  40.76437096  72.98956928  23.8104258   31.3126738
  29.65831939  23.2670493   28.12372241  52.32703522  41.58094308
  50.71536406  91.74096346  29.36551671  35.76230473]
Test abnormal scores: [45.63944282 44.31740796 72.6211343  ... 26.30679143 39.42114544
 56.82418042]
