Logging output to: /home/guest/Thesis/MotionCLIP_experiment/results/finetune/allSplits/fullContras/NTU1-120/anomaly_results_random6.txt
Loaded embeddings:
Z_train_normal: (3017, 512)
Z_test_normal: (754, 512)
Z_test_abnormal: (10591, 512)
Normal classes in training: [ 3 20 22 25]
class 3: n=752
class 20: n=754
class 22: n=754
class 25: n=757

AUROC : 0.7544
PR-AUC: 0.9695
Threshold (95.0th percentile of train-normal scores): 26.8426

Confusion Matrix:
[[  185   569]
 [  337 10254]]

Classification Report:
              precision    recall  f1-score   support

      normal       0.35      0.25      0.29       754
    abnormal       0.95      0.97      0.96     10591

    accuracy                           0.92     11345
   macro avg       0.65      0.61      0.62     11345
weighted avg       0.91      0.92      0.91     11345

Train normal scores:  [18.82657266 18.23121961 21.04294769 ... 19.25592326 21.77517729
 15.25293074]
Test normal scores:   [136.21025457  32.46563293  84.87426193  28.39367065  48.54236807
  98.60927744  17.98241945  33.06630285  60.77728021  76.60807658
 105.24586806  39.30507442  44.05896688  33.99385063  40.04378412
  50.9734361   28.93888182  89.57445797  36.14567384  22.17748422
  20.09822802  49.29706855  37.28671846  49.69615158  30.68620985
  19.20523367  14.34284363  49.8265656   16.39499895  33.53019272
  27.31620233  20.6278172   56.06611812  31.67010901  55.94226988
  62.75151509  32.29143355  32.72716793  36.75890487  30.66398843
  23.84583117 111.03901119  48.34624195  22.56335141  38.3906379
  25.32700894  32.8289081   47.24768209  46.73104748  35.83685666
  45.27099242  85.10834691  22.42324985  18.869894    43.37774775
  29.076316    58.95235389 108.72067724  21.177562   108.80517441
  17.02985429  31.91305355  85.44195485  33.58505343  29.47478356
  50.3350798   17.89728776  71.54405017  79.95868799  28.11580593
  26.45446657  67.18487913  23.25598508  30.30623669  24.96815992
  96.01154661  53.51653468  43.22651827  22.35052552  45.87726947
  28.99163037  40.86205382  19.20405077  58.65739605  50.68343722
  60.87552103  58.72635191  29.73811619  40.14121293  25.15030839
  28.82558953  29.33949473  58.84159082  45.92103016  23.11140689
  15.38520952  20.57715293  77.64868199  25.89113349  23.53767737
  67.07916202  53.55973241  10.8381214   29.68118878  51.90937738
  57.76214423  64.35595093  23.80526553  53.57284147  19.08570231
  51.012749    29.49576319  28.68065581  78.97594028  23.75327349
  32.06764381  34.07917528  24.0602289   28.11623946  73.17096277
  18.81327317  38.43885175  71.26953346  43.79241107  40.15100332
  59.31682968  96.15676769  25.80338697  52.49632226  40.865969
  23.29254893  72.75922729  41.36121299  74.10163594  24.32974729
  63.31471527  41.12122679  45.16517209  44.04934012 101.2499619
  34.9838967   56.91249744  38.61117005  52.03891154  24.39961296
  62.39382711  15.77366472  22.90920774  22.64994322  54.13595033
  77.77669234  42.07796679  36.8032793   83.86391083  17.52374843
  65.71498804 135.94915738  92.24492373  83.71497888  28.05929195
 178.95121305  61.21093915  47.1927568   22.74892606  28.49120457
  30.43245382  37.69998811  45.70724928  30.59691378  36.97084176
  28.85612592  44.59074894  19.08812722  51.44034834 109.93006678
  43.04249611  21.54816614  35.98206536  37.09859858  20.01310243
  32.62569137  35.75424956  27.46251044  30.81052495  29.438985
  44.18757058  47.81925252  21.07594334  83.359528    41.12775079
  55.44895409  38.8399818   42.99153287  20.60163213  26.8033439
  22.17097045  76.83799996  50.09019924  18.56387845  20.51937506
  97.52695959  19.70033152  24.88276489  55.39415595 131.51848001
  40.76921757  22.28210877  20.78700782  50.80285413  23.65829099
  28.99692976  69.6256805   21.00206948  60.29791959  23.79623241
  32.01620991  85.96930083  34.98633398 109.36985608  97.91689158
  24.45129499  16.40741268 101.28102787  68.72974416 102.05208823
  74.56679438  92.75940373 122.37105726  34.94185316  20.5233149
  68.26592279  48.80193389  30.7014097   53.89443417  28.73921182
  17.94340938  66.09494523  32.62993826  35.65884637  64.46145726
  53.4131737   39.25941711  19.56081049  45.40191585  30.40315443
  20.06900532  79.58377274  25.71046184  19.16194829  13.23706916
  35.42581666  30.58464197  16.11983945  24.27006256  39.66961755
  22.47313204 132.64429052  31.45610552  22.78774298  37.03784872
  52.43272435  92.2694623   34.76487657  79.56270483  14.17577812
  24.42802112  33.60032856  53.31161729  88.218951    39.66129782
  39.66009468  23.71169645  27.83992476  26.82875343  10.56328172
  27.74950549  22.60615337  28.868252    58.32714186 124.57359445
  40.10797129  26.81621503  32.48644627  51.92833908  93.94640494
  72.44895829  52.78361457  14.370722    26.02707099  87.88585668
  98.38110435  17.61910243  58.00039352  54.89801176  92.73205854
  54.63203288  22.21796603 103.32754858  61.66858698  51.99332006
  24.75162244  21.74401667  74.47773144  14.25480373  52.2489878
  69.22223072  73.61433314  95.15806861 120.47478248  28.49420928
  41.83814511  48.59168924  19.18040203  15.90232647 176.3013991
  88.88958324  68.15192136  97.06892403  96.34085     35.70614614
 102.07036144  43.22526947  29.43141683  28.61577038  18.85244162
  29.16890231  69.99613899 138.15481706  59.93210853  37.92674045
  19.86907648  37.58258419  78.31662938  28.36406013  13.42217422
  62.68530646  19.62041054  43.63836254 123.25378565  44.80978692
  80.38100755  68.68401029  36.35111449  51.07394903  40.37825698
  26.30172331  63.55802671  65.84179924  82.86106774  78.07989218
  68.44273981  24.0297962   42.77462962 207.57660532  67.93991949
  15.6010596   45.47654379  37.49455945 166.75186243  91.7161518
  87.63154879  29.48588702  27.04042033  22.23215534  31.09938064
 186.09331089  47.35675346  56.47367132  37.4497548   78.96954406
 151.98458323  27.23193992  77.02567364  36.80648221  71.70579039
  76.03431868  24.39637979  22.21769886  36.54105071  18.81200469
  30.28644968  54.55080531  36.87344758  42.17331232  66.53046711
  89.1564024   32.52365543  29.23479017  50.80479559  76.82281684
  92.52068509  45.34164111  30.53771589 111.55739484  63.32869442
  33.74279011  41.15034525  42.01651095  47.37893223  21.08685092
  35.62691171 119.83984073  26.4142588  163.25774235  71.13272483
  29.05315064  34.42318802  35.47892545  32.61615449  97.88388872
  60.06056714  28.03277154  42.77573283  27.53805848  62.59541636
  52.70894393  26.26959246  56.9019268   16.73472545  56.55019262
  25.70503131  65.88442288  44.36429261  44.07248009  29.86451819
  53.12018262  44.77455057  28.76998013  41.83976138  27.94150223
 102.77409296  35.02226076  28.67634926  15.20250716  15.41730488
  90.54050638  76.81450591  93.81491981  41.26345055  52.94734324
  30.99918811  32.08001328 118.41670557  66.09369516  25.93867187
  24.17801713  20.22897484  74.46749264  16.90880575  40.31297042
  11.51120402  70.93024591  95.59018156  41.47520364  54.6022228
  31.5880029   60.2041504   23.83362498  54.6564038   24.85842104
  45.6120711   23.80190974 106.65438681  51.72434775  58.06853583
  50.01455195  28.41441932  71.08383028  60.77551561  37.92133492
  29.75290903  24.40526569  47.11835986  25.55656002  18.40099324
  24.9626294   38.15834397  29.2263129   94.31712407  56.85310888
  34.08804071  22.61233821  85.37515442  26.11742591  25.67015726
  85.64929716 116.59734771  32.52224604  71.94283026  66.74843103
  34.35635555  28.52641057  65.7284455   21.89575011  92.66422582
  32.60885292  39.68547519  32.52840036  22.1290154   22.87426306
 174.60359935  89.17496129  91.82120402  48.05546024  66.27355714
  19.82390507  35.09081403  19.81681511  35.54460994  13.76496288
  21.93216153  38.87890406  82.85482075  48.57267018  14.17885819
  78.16357551  22.20801684  90.0373525   22.94127952  21.47747206
  34.8149313  133.79850741  50.46084066  52.16100489  22.64582838
  24.80319076  19.3727215   27.58412843  47.32372368  33.54099459
  43.28786616  49.88691226  83.79192221  51.49441453  21.5215932
  27.21925467  58.33749601  21.23266071  25.29042113 121.39131444
  43.8027656   38.86067567 135.19278645  30.10420249 108.60699218
  44.42086563  43.16533339 114.48629361  27.64743309  19.0628254
  74.25691621  30.1638379   35.83187984  36.86014837  38.85489448
  37.05201971  21.72873824  17.12395143  64.70617214  63.79955392
  55.63169309  18.05693273  20.98637311  34.30344202  57.3161093
  30.82697136  44.39292509  43.67632709  68.20768231  29.95886949
  29.7509205   58.23501851  22.92253379  78.14629844  28.92535659
  57.6311892   22.36706244  60.94111363  52.36249822  17.98760993
  48.39724989  38.29483134  38.40241218  27.48566871  15.29334703
  17.82397775  22.94200803  43.93152153  88.70383556  39.5969703
  39.00255675  84.43115395  53.7433834   39.00791127  25.45977215
  40.31827821  57.06549967  36.08492472  68.75234689  26.17492824
  28.15288261  41.91089014  11.43834055  33.98545903  66.87553404
  36.58558261  55.5808195   90.99308977  83.13563128  23.34992909
 118.2433584   46.52139625  28.48600302  29.57968871  63.38168384
  35.90307483  66.30355262  44.34557965  41.24491221  24.71132175
  16.89341754  33.8766453   72.18959663  77.75370755  39.92610423
 162.19565974  61.4003626   39.13628485  67.70476217  95.75856554
  24.30538144  29.95757599  31.70083782  33.58443656  23.30703356
  52.86456504  32.83558792  16.69387573  63.46391366  21.95720399
  60.58361767  57.43606685  26.666669    59.68294153  55.93458248
  40.19474366  18.16365298  92.50678199  58.73155423  30.12786389
  26.25935834  28.8174577   37.26013233  37.59920749  54.10896853
  52.39695168  23.89843931  62.61900026  26.90521756 149.13868634
  27.6126333   28.58887994  84.69152066  25.08560586  39.13480048
  27.63762699  33.44985362  49.82902677  21.5889284   84.17720558
  62.62832975  24.16537274  79.56530267  19.9539625   22.09882683
  93.56916636  49.74343475  29.72415176  48.42910092  41.61093849
  23.65388771  40.89450452  29.08135334  82.22695174  61.40739582
  60.44254071  19.55344707  56.27645972  49.14576216  55.97667567
  63.03924415  67.66434426  43.52083702  31.54877589  30.40831367
  30.00118759  58.83334779  39.82357484  62.77770088  39.035494
  36.65222631  41.27287061  25.48498555 102.5808935   34.32317639
  67.04429251  71.81766484  18.22947077  86.51846579  30.27521639
  58.00860427  25.04868241  92.53817977  44.50707009  23.81841869
  21.67786014  45.54655364  34.69317136  17.28990343  24.03454762
  35.34290416  33.16919008  58.1757725   60.83047408  64.83997875
  27.39044899  18.72164043 112.35903538  20.26590512  64.62442294
  48.29980313  39.6255729   25.28186109  40.53761531  56.90881336
  43.7524304   46.02397921  15.63852807  37.45772024  23.38699742
  30.3023975   99.70083519  13.69738257  37.24257679  39.7228242
  23.82176045  26.39939825  78.85303026  80.13663861  50.7468353
  25.59357184  88.53047479  27.28311811  17.53194628]
Test abnormal scores: [121.01457465  71.59251354  97.7813937  ...  50.5302114  108.14641338
  61.50312059]
