Logging output to: /home/guest/Thesis/MotionCLIP_experiment/results/finetune/allSplits/fullContras/NTU1-120/anomaly_results_dressing.txt
Loaded embeddings:
Z_train_normal: (3019, 512)
Z_test_normal: (754, 512)
Z_test_abnormal: (10591, 512)
Normal classes in training: [15 16 17 18]
class 15: n=756
class 16: n=754
class 17: n=755
class 18: n=754

AUROC : 0.7844
PR-AUC: 0.9774
Threshold (95.0th percentile of train-normal scores): 26.5600

Confusion Matrix:
[[  133   621]
 [  277 10314]]

Classification Report:
              precision    recall  f1-score   support

      normal       0.32      0.18      0.23       754
    abnormal       0.94      0.97      0.96     10591

    accuracy                           0.92     11345
   macro avg       0.63      0.58      0.59     11345
weighted avg       0.90      0.92      0.91     11345

Train normal scores:  [25.02590922 26.15917256 22.80373237 ... 24.43932008 19.37749719
 21.68544465]
Test normal scores:   [ 57.09014102  25.31530285  95.56726022  83.71511337  18.53795219
  41.1346761   21.55950267  25.56360803  31.84964714  25.56452921
  65.84705298  41.98398687  51.26851896  55.55285815  40.64991918
  27.58955043  67.80959495  70.38352438  25.50874203  29.27047663
  23.85638212  48.70555325  40.27592654  45.25259013  60.54829401
  83.02841245  41.7291729   39.41498086  24.69229958  34.4739441
  50.57858968  33.37564275  67.23269264  31.59294478  48.47850637
  36.43596942  42.62866807  50.61516021  50.83103236  18.97419531
  25.23692603  31.7964199   36.98743118 122.17706426  39.58415197
  86.35740138  52.21463817  36.05859538  32.60147787  53.80706936
  29.36862023  34.21671332  50.7595516   29.58381699  84.53160388
  85.95625577  22.92941175  68.36156869  44.54986569  37.0116018
  49.69355446  75.83526264  41.95515904  35.34359581  23.01505391
  20.63951807  48.46788039  23.41286543  45.72840772  46.23687972
  32.00473743  19.34230104  58.41465049  35.54537685  48.05752646
  63.41459396  31.62589097  25.57516336  43.26093455  42.07398006
  17.01914683  93.30442573  31.39644902  20.68375029  73.95681146
  73.63462674  40.95180973  15.89933739  33.33976548  34.94016737
  17.62209624  54.11141583 133.54239009  29.49189411  30.65117899
  30.06500118  68.77096661  90.72397783  30.37683139  27.64972049
 126.49331087  26.15039377  28.61784731  30.10449183 108.41592682
  40.89425963  30.24954482  15.69320353  37.61702463  93.05673643
  32.17769589  46.84572218  34.03209958  43.48105344  29.2187469
  34.42799835  84.61406638  34.96359051  28.44134029  64.42105931
  66.11925965  27.25043291  30.31104548  28.3274271   20.45014482
  43.70263244  47.16996768  15.70735176  50.35205377  51.11997496
  60.29719908  65.14861029  71.64771873  32.82894183  14.54557587
  39.47203548  87.20634581  69.10858396  19.77175399  81.0713732
  27.76085058  65.04339821  51.88448257  77.34992271  68.18519695
  65.27800999  23.30586791  65.82748587  42.85159008  26.57152601
  47.75510026  19.17472236  57.61831356  56.18157774  36.0302974
  42.36261922  20.24183719  23.3323006   24.86474643  43.67353946
  31.65094374  17.21025557  48.67249026  40.96372621  50.50521046
  47.24303149  28.51777114  58.60242357  47.24280271  38.07366378
  26.55029979  42.1276465   29.98826873  60.95034072  30.92765304
  61.05488842  75.11468326  35.23521358  56.49272444  39.84005362
  31.12067002  47.39552703  41.83741301  66.28013955  67.59828726
  21.44301285  54.04959532  28.43077425  32.10936482  48.36054552
  90.69586294  41.94097525  48.73165535  17.07757288  39.32226551
  23.71761071  28.37715167  32.52427689  67.28838404  22.35428602
  24.62567584  27.44242347  43.93902873  30.39572265  48.09256248
  33.3523419   61.33877094  40.97481189  70.09837471 139.57207779
 120.11735124  31.94292234  42.24697579  37.49156266  25.42395705
  46.16137662  37.34028784  32.07274734  29.32727564  44.08238407
  33.87361894  42.38405812  53.5662485   77.26825784  73.56233684
  32.47712834  45.91636111  94.25751443  54.5651478   44.3312937
  27.81410149  36.48497315  29.77716777  44.09475907  22.49434413
  22.97422927  29.6549551   64.25843641  30.74191375  43.42287674
  83.45462761  24.06993864  19.45533751  36.41356635  40.70353699
  35.20121788  27.73581001 106.57538071  44.00132816  43.28502684
  23.86033261 152.05727801  50.65728722  19.32742082  26.43178262
  20.15269718  28.56435909  74.97778801  43.54109394  91.39270879
  45.39350022  87.78998975  39.0532236   31.72919072  28.3125049
  26.98627044  36.59123216  21.93365168  56.1996364   24.88190739
  21.6222135   74.05822585  29.63886998  30.33523746  35.97056216
  19.99465384  26.72545931  47.65687547  57.35945455  80.52788605
  33.00509982  69.44177503  26.24867482  26.28998601  19.16463101
  65.3917365   71.58642398  56.8972589   25.53651531  41.38931376
  63.82138443  45.93602481  31.46557403  31.81285934  20.12074335
  46.33729149  24.55125035  41.76416369  67.67683657  68.07536688
  21.73079014  25.87691759  51.22217394  66.66308561  52.66239006
  35.56406596  28.98830805  54.44516015  56.18564142  32.23943092
 120.26953874  79.09454852  76.85664075  50.99837246  24.04291628
  32.28902069  28.47618343  38.49529108  32.14180295  41.7255978
 125.37616332  39.4056385   18.43797281  65.35802357  34.89662413
  88.41944977  38.44432816  49.27238413  26.79066933 133.57804574
  41.45676915  20.85570243  34.13988415  51.07010221  39.62172407
  75.95590144 100.24464771  29.01011955  77.30429554  81.44120645
  96.76746705  57.05726216 101.78747401  62.55864387  36.89600736
  48.4960492   42.86820554  37.86013875 165.5770252   62.16802606
  34.19755001  30.61953525  52.54594205  38.00775021  19.96884387
  21.83439681  38.31189768  35.82576257  44.88563694  62.9805344
  42.60607591  49.61690422  34.58970406  38.31925876  36.59028327
  72.72850879  46.98604091  25.94948072  30.79355553  31.18402311
  53.48581837  33.60681844  18.25511292  36.09030264  36.61587598
  22.3777728   66.01419889  44.69406921  61.55539644  19.9733737
  40.18170259  97.44656145  23.75690054  46.09671758  75.80500637
  55.39357269  29.63571732  26.7781471   39.8948325   73.6478661
  56.34312589  41.52815074  15.62267523  32.06221811  41.66101403
  28.67454341  21.78171003  46.34918176  23.09491646  37.46093253
  38.83102547  82.88377191  70.92135981  69.09856065  40.99235083
  21.56348283  29.42191133  22.43472258  71.14444161  14.25298836
  27.52923521  73.33310291  17.89909119  79.47319647  28.15692281
  57.03572631  33.42682192  23.46491542  47.13315669  44.47944157
  40.52803524  41.27624523  33.11176202  57.03674349  41.90088976
  58.90739361  31.36254189 109.07883749  31.6815056   71.01291038
  37.48319179 114.53664925  39.60892881  73.50608654  44.58767799
  18.96782497  30.39782866  26.07494841  63.91952624  34.16717736
  59.87965233  36.36640342  78.56721871  31.16932509  59.68061521
  63.71136425  24.7613458   39.29707651  30.86942701  62.51037995
 100.46477957  28.8665724   75.59389764  49.51167256  85.05780466
  29.15565634  35.68164692  23.52432126  37.8279103   34.72922888
  67.59278043  55.62108536  82.22296376  45.74654121 129.40266453
  21.99472391  25.57408182  27.97302035  23.54622357  35.76128887
  53.32957211  28.92348803  18.36006661  18.75452959  36.37310549
  18.19910328  56.90989545  49.12494656  65.11566101  75.057096
 124.02023557  17.19677678  39.46001645  19.43241791  40.76928379
  33.06231149  45.07427805  58.58394233  25.07375509  18.62480393
  41.21150163  86.12717481  43.9025088   36.9521651   33.72944336
  27.28288869  40.82560936  49.70086116  68.6403831   51.61644729
  42.90290606  81.3398327   68.67021066 105.16778172  35.3503896
  53.69572878  69.52637069  25.25647349  74.78222939  22.58029455
  27.51343507  32.08000595  43.4732219   35.74599747  65.82385142
  26.11280908  20.28964771  21.58173923  39.16137738  64.19099356
  74.31472312  56.29149404  31.79136186  62.47058455  66.56381866
  43.1566828   32.88878415  82.30672524  53.32315157  56.70251391
  54.82348536  47.67017884  77.94714881  53.41824018  43.24180435
  20.80770829  18.09827099  86.21840772  62.85539383  53.36891303
  59.97931053  47.09951997  49.14284504  27.23368947  42.18943241
  44.96362821  30.10074172  36.83415759  34.09503451  35.82158994
  32.68662098 104.31861557  19.5264477   18.85824767  42.05146482
  34.62363166  37.23869619  21.99791991  37.68215322  57.55854472
  39.12712746  96.30243926  65.20864959  48.77536027  22.5656193
  29.19760187  91.91736424  32.47399127  33.92299596  44.23120485
  29.40601262  45.96815933  21.4347998   39.43375647  43.42320854
  74.30081487  24.8541614   35.27850158  50.60523348  39.9939103
  51.27049705  48.85835595  40.67167802  24.10847922  24.35183645
  48.44390781  49.0522016   48.56270235  41.50376874  86.41418198
  22.21716918  65.36093042 117.26478522  45.02790517  64.46956383
  43.1850148   24.36952179  49.1195185   36.2042047   73.20762572
  23.18995143  42.26926283  42.00976795  55.18628121  40.33103897
  78.09543541  46.62718626  34.70485467  51.67960481  41.45724512
  38.64476383  28.48125983 103.12325592  66.30249705  44.86214048
  34.87063014  29.23015202  91.68748467  70.29250264  15.22764901
  38.6287616   21.56790375  41.45176952  80.54548382  34.84347973
  39.50301457  36.40161748  20.6009765   22.55877738  27.4545952
  61.744414    52.68929015  47.16745914  15.42240039  42.33542267
  56.5752939   61.00770727 125.51608457  22.94331601  60.84562308
  28.38342675  33.25093942  26.46328861  35.49215422  63.25723593
  26.96289411  51.86378148  18.24477772  35.76000929  65.20983854
  38.61553521  40.38826587  53.52085719  22.21332993  48.71074837
  31.33053212  39.32039517  29.85669223  20.08420037  20.27268764
  50.60668134  64.98661952  29.89746063 113.69040003 118.54528799
  74.31879904  21.28764814  33.48999819  75.47356328  36.33849571
  71.29106445  29.07082268  30.6139223   45.54205522  30.60715423
  29.37904853  62.83604276  18.42254985  93.58909514  27.81389851
  34.14470705  27.99790858  40.60373563  86.82609274  49.56584123
  60.24998206  67.76413116  33.87769731  27.0573753   25.83256756
  23.46387262  29.01856851  85.91934031  37.98101244  43.90720178
  65.718086    37.71013798  25.64867709  40.16130073  31.50919026
  82.52421016  22.05465042  35.93670037  76.30611626  28.57737412
  28.96155466  76.10570908  38.00901505  78.57330096  36.889211
  27.7088662   86.25374238  35.85489256  77.43322761  18.64598112
  52.11280092  33.27195884  54.11116032  39.58572427  46.02738548
  37.07823027  36.53958672  37.15884906  33.47888819  51.46615311
  32.82580581  23.45264094  36.49606107  74.68907379  24.72465781
  39.98322754  55.38882779  37.50537772  48.24263789  67.55545418
  49.14893568  50.80237073  21.69845811  52.78013675  39.47004371
  20.83241978  19.04562876 119.18263955  38.88899286  53.70279423
  56.31341977  47.49552275  88.84816748  40.12804064  39.40223816
  26.08416131  70.54065206  58.27897654  50.7860852 ]
Test abnormal scores: [136.00413559  95.97495235  95.21509842 ... 106.66656053 114.72013344
  62.89426312]
