Logging output to: /home/guest/Thesis/MotionCLIP_experiment/results/finetune/allSplits/fullContras/NTU1-120/anomaly_results_random5.txt
Loaded embeddings:
Z_train_normal: (3030, 512)
Z_test_normal: (759, 512)
Z_test_abnormal: (10586, 512)
Normal classes in training: [30 34 35 53]
class 30: n=756
class 34: n=758
class 35: n=758
class 53: n=758

AUROC : 0.7035
PR-AUC: 0.9636
Threshold (95.0th percentile of train-normal scores): 26.7677

Confusion Matrix:
[[  175   584]
 [  541 10045]]

Classification Report:
              precision    recall  f1-score   support

      normal       0.24      0.23      0.24       759
    abnormal       0.95      0.95      0.95     10586

    accuracy                           0.90     11345
   macro avg       0.59      0.59      0.59     11345
weighted avg       0.90      0.90      0.90     11345

Train normal scores:  [16.74681985 22.72334722 22.24561121 ... 26.51305275 26.52382551
 20.09323177]
Test normal scores:   [ 35.88273717  20.99875996  20.65209811  44.00604288  59.35762456
  36.53185191  44.34180186  50.74372855  30.74096066  47.70188289
  94.57025423  13.58547471  25.05743471  84.24182918  66.56385129
  33.28100686  51.5853353   81.04428752  19.02331465  40.08624134
  63.22281487  26.90520574 138.77280106  45.56244142  88.47282441
  36.88476088  31.89012192  75.3957715   61.31236764  98.47456679
  31.99240916  80.1377487   39.27059064  50.02580963  62.56354552
  71.36420045  25.41188852  36.61677366  40.49291187  64.8186425
  57.79400081  19.36432795  18.35795257  68.00997983  25.4102458
  84.64009916  50.8054873   39.67128992  49.20203188  21.99834404
  57.36701208  82.53731416 113.21690079  22.07441394  48.9545066
  96.95543012  57.51655795  24.54998045  23.094438    29.1774871
  16.82582299  31.76694976  96.84066054  40.98510187  71.68422781
  64.87761401 103.26571653  71.59730516  20.17652872 109.08067061
  82.63495274  27.97072139  85.45071706  17.24725326  16.76018587
  24.66972344  21.4921031   78.11803283  17.49329006  78.80626338
  23.17434268  35.6763144   41.15156501  38.49426285  51.57288883
  68.12394352  42.78560084  31.55787784  85.26535575  30.05723949
  35.32593059  28.8562633   23.33496656  62.06759111  16.66069137
 101.60137008  58.25783095  19.79666388  62.80357247  42.91585134
  72.15127943  18.91555342  24.00083862  70.36977002  29.59968057
  29.25033198  37.76578704  41.09427161  50.98367246  23.41625788
  69.86714764  84.29405717  28.01831559  71.43094901  34.35022746
  56.79028462  19.50043612  56.40655898  25.50561796  86.09787636
  28.34597874  27.77763345  37.48826898  19.12928873  78.11150258
  32.06000916  15.41883194  33.97795627  25.51165222  17.05100416
  31.9409864  106.29269255  19.38127449  67.8470739  102.96645597
  21.49012038  31.81204638 110.77322992 128.20331218  35.59131416
  28.93124935 151.17259756  49.77085846  88.9759672   57.95869489
  31.98636569  13.23643571  28.92526702  18.49957203  71.77693697
  41.02407994  55.1537499   36.70097037  50.31099247  82.09619517
  49.00762898  32.7988696   20.36627576 118.31864395  12.6813447
  47.01524029  57.58699849  76.65594316  19.33381053  25.1438216
  32.94732932  27.68975757  89.71304354  78.98958383  31.30964476
  19.32578933  18.4734533   24.85906402  68.98842675  38.12075299
  28.64891805  51.21881974  27.18996465  16.84474111  26.91721796
  40.17007073  33.66177671  68.54796174  54.38671006 114.03944785
  50.72278222  64.26578335  47.46361057  66.61962951  58.10755878
  52.88015408  36.35814581  87.63488143  44.24268313  57.74785142
  45.67996651  48.69704973  34.39043321  81.19659267  25.74298219
  32.36253456  14.44233832  29.82471024  25.65989727  17.58362815
  29.65537971  51.0691718   72.49082084  25.73502534  44.38071557
  21.73485162  44.90850923  32.23449543  42.33687403  27.73305124
  30.97626096  74.97138095  38.28949098  38.80978876  17.16709526
  34.33787956  21.64353166  93.56680933  15.46563151  86.65023437
  70.95123952  58.80841624  67.36500537  31.59832464  47.94303257
  26.03116665  36.58992349  15.28268376  37.11699534  38.18889439
  71.45053744  25.86661989  84.61453739  35.1799614   44.3144322
  31.96356577  38.44534501  65.82644692  32.19677993  44.2388751
  16.94408901  19.42488587  61.09472105  18.97782417  23.4652039
  35.07023189  19.85540402 111.15500219  28.0971238   71.90999705
  57.66269437  47.17990538  65.82970044  36.13286563  84.73142769
  29.4235609   81.01002958  33.53937056  86.85572359  49.83153451
  32.81185699  51.96368812  26.21485132  23.30518211  71.01462808
  44.5697933   24.72891435  45.80073099  54.02067076  41.84500642
  20.35574261  45.18864569  37.45488454  33.4049805   36.72493728
  27.05675194  31.13360916  47.07285661  28.78716935  20.41435132
  30.98999037  20.90015369  25.50533443  46.36061767  56.01255557
  24.08810943  86.00250678  89.29402617  92.15678408  50.57614182
  43.66627816 121.06604839  10.64512643  48.96324797  80.34787284
  29.1813821   19.17903035 106.12618109  28.90966301  34.55557477
  25.77774462  20.79481101  27.39025607  69.17742434 104.98336453
  56.24828999  67.2762516   75.14500718  68.72135922  48.29292901
  32.50815077  24.74052794  78.18810202  32.32142253  88.25994463
  73.12415961  62.72239406  13.01450068  38.90807944  57.2474234
  36.0731276   49.3435443   35.01618208  22.94234841  78.69632435
  56.63050719  66.39684423 117.97974117  58.50486332 114.07706052
  37.1291393   19.14222283  45.52790079 146.26654099  92.15114519
  35.29800809  27.52084595  21.63875449  33.71941727  34.36634081
  45.99298251  61.50336601  55.47985039  26.72581089  14.15407537
  29.31697872  27.40115028  44.14238652  52.63323155  31.67161279
  55.29980051  37.83347403  72.11584097  52.83367555  29.98586767
  41.10248733  42.98100353  35.46691383  42.22549745  36.46681457
  80.40805337  42.33247186  50.43653975  49.98426413  30.59875775
  64.26062454  70.42893818  46.76187695  76.3711206   27.59993336
  49.11416081 149.85108114  10.74784219  33.16670743  51.01311946
  58.37332008  54.07788273  64.69523092  49.69184151  38.71176156
  22.46913165  34.14668428  15.60921392  28.53715172  30.67010807
  69.2176264   14.6501926   37.08298506  42.93588893  41.04863946
  33.88674325  49.72703741  24.75231086  43.56665779  24.74454193
  80.01414572  36.96724713  58.46059767  83.54521864  46.49745696
  25.69569156  42.44309494  31.07985896  64.28233642  79.52589616
  79.37980796  30.27573304  68.01700377  14.7313782   19.6943847
  42.71219893  28.70140354  54.42772235  15.82890348  62.16627295
  34.77624127  66.13565519  21.17638887  17.55401707  18.12171176
  72.32524991  67.44454781  81.51188237  14.34160093  25.22540946
  26.5100199   78.49215385  37.64087804  23.04179515  67.84522735
  78.86502664  44.78556878  38.97599148  34.17564298  84.87088803
 100.68839321  32.17446098  17.22518177 112.7763625   39.77679711
  37.26353235  48.85213154  26.72872484  15.45883005  40.11867773
  64.79668662  32.73526538  33.46120159  68.83133486  24.25413404
  59.60806241  37.81032861  16.26354542  25.84419118  96.90185138
  42.25668147  19.53883604  87.66594444  46.49460636  47.93431265
  35.46940109  37.73793178  70.74602901  31.85053277  66.49980463
 117.36143511  43.27218151  22.18792319  17.52986313  43.58553389
  32.26953825  25.88336325  87.40908749  59.23708557  39.2271823
  20.69304725  53.56419119  23.42012506  46.71953313 108.30937196
  44.82293015  79.72926733  53.1440852   40.92498301  38.13357462
  40.44493267  22.99335427  39.40619308  24.47290047  51.57774972
  90.1686087   23.55898935  49.44383674  67.97209161  24.4064682
  45.18018665  79.44591859  80.4756195   26.45970613  46.33938425
  39.8535443   35.30524859  44.52913647  27.26660565  34.53102223
  45.84198268  49.58120031  56.05575826  78.95868841  23.96733791
  75.14031405  21.10266255  29.11230731  25.44049124  20.75615791
  34.46004525  28.65603915  20.05867085  20.58755193  58.89965369
  16.4643337   12.2550748   32.4672911   32.91495765  38.07885648
  81.23559624  28.3637601   36.21476682  47.007926    29.71451399
  32.00406403  45.90545311 108.37231291  32.8408371   48.87098242
  73.96928205  32.22838606  72.24570385  47.41704779  32.82435854
  49.5716836   58.28669114  53.71112701  39.88319278  41.31537117
  32.98908807  23.68705937  86.41531905  75.12759884  33.56657762
  34.90644393  64.18782202  48.94524952  36.05258258  34.13848564
  74.87095593  29.78657868  31.03510875  22.01023795  17.35939705
  24.12924213  48.65185224  15.50453213 117.42550136  38.28933447
  47.36960577  30.64993516  15.20935456  48.87828035  26.97094644
  61.80935445  34.70747802  74.81805743  71.22705904  49.34355132
  30.18333489  14.32945937  72.23790174  45.13335163  20.42313583
  48.2995567  129.52287046  64.03405758  65.74446259  24.04040095
  26.18457958  33.86917778  53.74598292  69.2885345   34.1541873
  33.82611623  63.02452682  16.4387793   18.81836124  25.72367762
  31.05998115  43.20486101  66.81598993  34.31213144  51.43096006
  38.17541115  67.71372509 105.29336803  19.12095657  73.16481767
 133.44196266  74.07480618  25.78882706  85.51789416  33.3593792
 106.93838919  81.80088677 112.97383522  39.56046761  67.54445208
  19.77495727  63.63535528  35.16058409  65.28849818  15.56267592
  43.1833859   30.86349243  85.14077609  46.09014359  45.60881503
 136.2287469  128.36349883  20.39767583  25.87585905 109.42520548
  23.79249988  41.77804005  66.2918563   37.39034972  74.55869576
  64.28599444 192.67588091 106.68920816  73.37306345  48.25774873
  22.04274912  21.06851233  17.82958155  20.52812304  16.49971944
  69.86724356  66.53384626  49.07995808  59.88079734  28.73442524
  42.25845174  23.60469535  47.34680511  21.46866002  83.04838517
  26.47199208 124.65765624  34.49884496  21.50755742  85.30534218
  25.17639014  82.97910945  35.33366331  47.25386193  41.7206973
 112.73829644 105.19740033  69.05861354  22.29206184  45.73955467
  58.26052184  84.09045823  71.31508437  25.37650576  24.58810636
  78.96279743  48.8440817   81.82912368  64.26818134  57.91113507
  52.61082391  16.15252795  41.89000919  45.51412717  72.07423738
  59.42501552  21.36498183  30.21034571  32.76438609  37.57459063
  48.69363466  23.73943951  15.16264314  39.58095681  32.5712811
 125.71035344  46.24879411  90.12136468  55.90041282  65.5069442
  40.17195447  39.47688807  25.88891157  26.66418531  26.77040059
  25.83673747  88.01904937  51.79962605  23.42111096  30.63503289
  40.47104748  74.79834026  27.14603729  19.52370693  12.66680991
  23.66925202  25.93466902  59.30018316  22.91454474  31.84552118
  34.31660971  31.51960969  27.97006939  27.95105938  65.53157562
  27.24681169  55.2065494   77.85889633  81.53774289  38.63955952
  46.47787244  55.2561578   44.50366908  20.984014    21.92893805
  43.86784293  28.93301187  24.69538794  42.65314104  85.56250954
  20.81645412  39.59215787  30.79537361  83.92900535  31.68853552
  40.091356   152.79636043  47.86558911  48.21791128  23.78523097
  73.53378993  54.31556456  35.86485511  18.40190614]
Test abnormal scores: [30.00273186 48.24391544 95.22926159 ... 40.89163069 88.38054306
 59.95326926]
