Logging output to: /home/guest/Thesis/MotionCLIP_experiment/results/finetune/allSplits/fullContras/NTU1-120/anomaly_results_glasses.txt
Loaded embeddings:
Z_train_normal: (3017, 512)
Z_test_normal: (754, 512)
Z_test_abnormal: (10591, 512)
Normal classes in training: [19 20 21 22]
class 19: n=754
class 20: n=754
class 21: n=755
class 22: n=754

AUROC : 0.8510
PR-AUC: 0.9845
Threshold (95.0th percentile of train-normal scores): 26.6974

Confusion Matrix:
[[  184   570]
 [   94 10497]]

Classification Report:
              precision    recall  f1-score   support

      normal       0.66      0.24      0.36       754
    abnormal       0.95      0.99      0.97     10591

    accuracy                           0.94     11345
   macro avg       0.81      0.62      0.66     11345
weighted avg       0.93      0.94      0.93     11345

Train normal scores:  [18.82657266 20.46766757 21.04294769 ... 26.87823981 26.7663773
 21.77517729]
Test normal scores:   [ 44.71400437  43.8660856   29.50967309  76.95519106  80.92388375
  17.98241945  60.53226579  75.66242057  69.97813202  46.36050364
  30.91437381 109.19504788  39.30507442  25.26401959  44.05896688
  33.99385063  37.36082892  59.76975007  50.9734361   76.81700833
 122.07030247  18.86231538  28.93888182  75.34653166  36.14567384
  22.17748422  36.13537008  60.12294041  30.68620985  28.27016019
  42.33929171  14.34284363  16.39499895  20.6278172   55.94226988
  62.75151509  42.70368048  89.51788153  32.29143355  22.89485932
  30.66398843  23.84583117 111.03901119  35.62963425  29.33803208
  58.11990592  76.06642698  79.83369596  40.68965391  18.869894
  15.68578185  39.58718581  57.15774229  26.41277277  93.97159812
  47.66036603  18.90807775  71.86876479  31.91305355  23.69739986
  98.28395722  45.29613468  17.89728776  35.10371106  64.78634743
  66.23020052  25.78579881  26.45446657  66.29023152  23.25598508
  93.48342825  90.77983114 140.91403561  24.96815992  43.22651827
  26.1091259   31.38676368  41.83084124 119.09366896  29.79585328
  60.87552103  31.41244473  56.85954521  48.46675218 110.51531936
 148.78193309  38.59381692  28.82558953  68.4647127   28.07338533
  21.11994462  28.89483789  38.56728879  22.60468793  20.54480395
  34.39434383  25.89113349  21.02175973  23.53767737  67.07916202
  40.09451658  44.10710134  28.673862    33.68234369  21.71602735
  52.70575347  53.57284147  27.19881117  19.08570231  51.012749
  45.86904552  28.68065581  21.45085344  32.06764381  24.0602289
  19.8691386   18.81327317  71.26953346  59.31682968 101.66757341
  25.80338697 133.57171947  65.46733837  59.45637589  26.5585609
  71.41399136  29.87736947  40.88942782  31.47584017 100.10511649
  34.9838967   56.91249744  38.61117005  52.03891154  18.61500353
  41.054101    58.84986569  51.29022142  27.07135793  83.86391083
  67.858143    47.1927568   22.74892606  24.48469905  37.69998811
  30.59691378  28.85612592  25.04499448  19.04417498  19.08812722
  39.58030063  43.04249611  31.66506054  47.16240973  47.76864346
  39.97282618  32.62569137  27.46251044  30.04927269  33.27174719
  44.18757058  59.9035236   24.47091551  25.91453325  39.10239862
  20.60163213  23.96195167  63.26133195  20.51937506  19.70033152
  50.38648871  84.86779959  40.76921757  39.67659831  18.67178047
  84.32402544  20.78700782  32.98887382  28.99692976  24.25378437
  62.30399842  38.79905557  70.583073    23.79623241  35.80871794
  51.67953047  28.77279042  23.21860057  85.96930083  24.61370555
  34.98633398  97.50946777  24.45129499  24.12725048  31.05954826
 115.56908939  65.35382052 122.37105726  52.1578607   30.50139333
  43.88872841  29.32835543  15.91107763  32.23397016  20.36420148
  32.43755452  68.26592279  21.46807894  30.7014097   42.8417943
  26.75418795  17.94340938  13.86017708  75.22110192  19.53590669
  56.06564759  32.62993826  21.60074156  23.68342237  39.25941711
  75.93150192  42.47710878  27.60395365 104.27228144  23.01765119
  19.16194829  28.66614944  35.42581666  99.50244776  53.61562691
  39.66961755  48.0536651   22.47313204  39.28531363  30.15171788
  19.09888002  19.63718848  37.03784872  27.35432782  31.72993526
  30.32219191  48.40772285  69.86965894  49.50990531  82.91827354
  77.78653809  80.58992433  24.42802112  33.60032856  89.66463117
  75.78504791  39.66129782  23.71169645  27.83992476  31.7505898
  48.4952466   22.60615337  58.32714186 124.57359445  26.81621503
  20.70319929  32.48644627  36.70958347  16.74808773  37.59220396
  72.42710178  37.26080488  19.49916693  41.55932202  24.64788764
  29.48980233  43.78527012  26.02707099  71.76247718  55.79543174
  89.51545341  36.70910239  58.00039352  50.44190931  92.73205854
  34.96318845  54.63203288  22.21796603 101.93075379  57.69023489
  24.04405927  68.27736731  35.113884    45.42823376  39.59629595
  21.74401667  39.1630761   67.45445042  95.0952461   14.25480373
  52.2489878   65.98920521  86.25474423  28.14705935  81.32639182
  30.61359672  83.09028235  93.14756248  56.50491337  37.25094966
  28.02838474  20.20224351  53.31790621  40.72022985  43.5929227
  21.89239853  31.75410281 128.67700306  90.04476317  48.09836133
  25.18647421  80.11025116  29.45285001  35.93973791  50.01547881
  59.93210853  64.76440004  97.65366499  19.86907648 120.41041985
  93.31129361  78.31662938  36.82133524  37.13416786  24.37663793
  44.80978692  36.66240742  80.38100755  60.72881854  17.96445476
  20.23297436  71.74469357  36.23841223  67.36283327 104.40457287
  58.22330354  65.84179924  78.07989218  24.42217268  82.27142253
  42.77462962 186.35001961  67.93991949  45.47654379  47.03311969
  48.16677436  59.27146061 144.37719386  63.22106124 144.30255211
  24.27906233  29.48588702  17.4940822   27.04042033 114.08351635
  47.35675346  33.21324336  78.96954406  95.286776    71.71263296
  49.54230374  36.80648221  19.37882896  36.54105071  39.72293132
  42.17331232  59.4799339   89.1564024   32.52365543  35.96979025
  76.82281684  45.34164111  39.65814022  30.53771589  42.09286734
  23.17359028  22.5766196   21.03545916  93.38210102  33.74279011
  60.60928886  40.10001386  42.01651095  35.5990083   23.37068536
 118.50260428  55.41415025 134.69651407  35.47892545  24.12332687
  18.67261388  42.77573283  93.6104215  130.60062835  42.80888978
  42.37734659  15.1859034   52.49178501  56.00908681  43.62377899
  25.70503131  33.10178758  66.32759502  23.40437878  42.24476426
  44.07248009  44.77455057  28.76998013  41.83976138  27.83667022
  27.94150223  50.07125288  26.64396307  28.67634926  75.85522409
  55.81257401  20.32603127  24.07591191  79.3862915   41.26345055
  99.3943836   32.65496187  52.94734324  30.99918811  30.02310018
  49.90058671 151.3256459   66.09369516  37.67784484  24.17801713
  20.22897484  68.02372305  40.41773435  40.31297042  11.51120402
  69.02772164  85.64377442  22.14841441  41.47520364  47.79100588
  31.5880029   60.2041504   35.10545636  26.48938702  28.58664963
  48.95535787  48.94328057 110.3643746   45.6120711   23.80190974
  29.76603221  41.48554977  55.84245936  50.01455195  28.41441932
  58.8184088   29.18915236 133.43047325  60.77551561  29.75290903
  27.74052997  44.97082745  66.80997329  25.55656002  26.79506937
  24.9626294   34.93779763  47.76883566  85.54828772  19.58624236
  25.67015726  32.18394076  32.52224604  54.57303935  39.15905204
  71.94283026  30.45786454  34.35635555  30.442235    65.7284455
  21.89575011  78.91467681  29.76284758  69.37849982  90.19608696
  32.60885292  39.68547519  22.1290154   90.93768359  48.05546024
  34.02293105  66.27355714  27.03060659  19.81681511  13.76496288
  21.93216153  38.87890406  48.57267018  56.50088743  22.20801684
  29.95612433  21.26482452  23.77381339  34.8149313   29.55841771
  51.97024158  91.77582328  42.87048163  24.80319076  27.58412843
  33.54099459 116.30188043  43.28786616  53.7925525   49.88691226
  70.53640619  28.0712183   83.79192221  45.10732288  51.4051615
  34.76747003  50.1322112   18.38843007  41.02541673  16.35404664
  21.23266071  21.10010879  63.45145884  26.68409648  37.09304244
  21.30769357  27.65951552 108.60699218  44.42086563  34.63584462
  34.32868185  39.57962069  38.85489448  39.86454348  21.72873824
  26.15222097  55.00400599  25.98755616  50.30616505 139.92253372
  18.05693273  20.98637311  60.02626183  24.37206727  34.54725852
  57.3161093   54.23607176  68.20768231  57.54225256  27.04644951
  29.7509205   65.38399665 114.32590899  68.82826185  58.23501851
  80.06452088  22.92253379  78.14629844  28.92535659  38.21031159
  24.80769223  60.2334577   64.32513506  17.91931422  44.77570572
  41.7144481   28.091017    49.20352243  32.69229975  38.40241218
  27.48566871  15.6362564   39.83411332  45.61444346  48.93537462
  88.70383556  53.28302888  39.78650988  37.29187568  23.58515148
  33.69199189  39.00255675  53.7433834   39.00791127  22.7061505
  69.8225491   40.31827821  17.60193005  57.06549967  41.91089014
  33.98545903  25.40433631  56.39418493  53.87826484  36.58558261
  43.4391266   23.34992909  72.64712932  28.71107406  28.06038428
  23.09671029  35.90307483  61.66461612  57.50445225  66.30355262
  38.61410737  24.71132175  16.89341754  73.50001566  64.18139454
  39.92610423  29.21647342 144.56478865  39.13628485  22.60277685
  95.75856554  24.30538144  93.45351346  31.57023242 102.55467823
  23.30703356  33.1576094   21.86708582  21.94871744  54.67082787
  44.53437315  57.43606685  26.666669    39.96448797  55.67850901
  52.7483952   33.69172026  58.73155423  38.92684776  30.12786389
  55.35570824  54.10896853  52.39695168  23.89843931  51.55162711
  21.92410585 145.84564624 152.47992757  25.08560586  55.24828016
  32.85866224  33.67733798  42.72521065  24.61002115  32.27660335
  49.82902677  45.96741927  66.87336859  22.37892653  64.50981517
  65.25762999  31.98235013  19.9539625   42.88685453  99.93312391
  22.09882683  22.54676492  82.74335952  46.66250382  33.50672698
  22.90255297  67.73121674  22.53617161  40.83942294  18.46525608
  61.40739582  87.01932852 104.46624902  39.76255552  23.79415503
  45.71827732  19.55344707  49.58261163  53.26742045  48.38130756
  67.66434426  25.3186361   59.49569168  45.2520816   64.69536746
  30.78101607  39.035494    91.2923327  115.16070599  40.86663766
  24.61272338  91.33188262  31.41913255  18.22947077  80.64636095
  92.53817977  60.69614548  44.25928756  21.11526303  56.55259179
  21.67786014  29.71263477  46.55320642  52.92451669  36.4044929
  24.59870104  41.98284979  37.32719485  26.3368651   22.50466325
  18.72164043 103.89795767  33.5270647   35.46164254  20.26590512
  49.27724982  48.29980313  40.52139896  39.6255729   25.28186109
  40.53761531  52.81067817  19.37424167 125.009264    51.88175038
  54.01783763  41.58767683  26.36376727  48.1293508   16.42857352
  88.97476941  37.24257679  34.38320258  23.82176045  26.39939825
  20.75932852  22.27647249  80.13663861  89.07864827  48.87289027
  25.72202563  69.0426975   80.79999755  16.23747947]
Test abnormal scores: [ 96.61146489 104.4997195   95.74757458 ...  71.50654504 138.87745524
 132.64143229]
