Logging output to: /home/guest/Thesis/MotionCLIP_experiment/results/finetune/allSplits/fullContras/NTU1-120/anomaly_results_random10.txt
Loaded embeddings:
Z_train_normal: (3021, 512)
Z_test_normal: (756, 512)
Z_test_abnormal: (10589, 512)
Normal classes in training: [ 8 11 50 57]
class 8: n=756
class 11: n=750
class 50: n=757
class 57: n=758

AUROC : 0.6708
PR-AUC: 0.9576
Threshold (95.0th percentile of train-normal scores): 26.4238

Confusion Matrix:
[[ 159  597]
 [ 697 9892]]

Classification Report:
              precision    recall  f1-score   support

      normal       0.19      0.21      0.20       756
    abnormal       0.94      0.93      0.94     10589

    accuracy                           0.89     11345
   macro avg       0.56      0.57      0.57     11345
weighted avg       0.89      0.89      0.89     11345

Train normal scores:  [20.8806346  25.15704679 23.23693167 ... 24.27032894 24.45573596
 14.10869614]
Test normal scores:   [ 25.36333177  52.28214934  38.57404371  48.43693234  52.23886093
  46.38007508  34.06458166  18.81437287  84.93786679  55.77701254
  45.9574173   36.55805677  30.73202008  33.21121196  62.00916822
  23.67360425  78.81504508  89.11339205  58.57256208  22.52409582
  21.37104675  14.38823974  56.24839608  19.46447545  51.71001735
  39.27088331  27.51564836  16.64733078  63.30576859  16.7883588
 101.85669358  66.03228485  81.50004179  28.05097531  42.59598647
  59.26140254  22.39228399  32.38388817  38.08369     63.73930986
  46.62345191  27.81764724  62.43896559  26.45015059  27.33813167
  55.94789485  53.82022044  45.37598913  28.00039644  74.21095208
  47.38138361  38.3214837   42.39140639  17.30134699  29.18865667
  38.42320036  24.68969088  84.93029632  29.45144193  26.08365458
  28.03525626  57.5118299   43.66862734  19.72211943  43.35053098
 108.83684512  59.8613756   20.10903277  46.55175684  44.15084742
  48.24264696  27.78495213  46.72834218  24.32747874  52.88598702
  73.06446257  77.80735162  57.73204422  43.91698948  34.81800867
  26.4155234   22.88056082  35.79732108  12.34838593  96.12844901
  39.41809475  43.34493054  44.33931992  34.80892227  41.15787135
 126.58750668  41.39050734  44.35682444  39.62164815  96.77581612
  76.07627817  19.57769833  29.08959572  27.10124065  52.49306715
  45.04185199  25.80294161  19.95619925  21.72105808  75.62198838
  49.05345845  27.568798    46.40273948  30.75515121  39.84579037
  36.59884969  26.84024208  29.15618542  54.18240304  62.20066287
  49.87549151  65.11714188  52.33593079  30.90619191  46.20273252
  26.84339264  29.58595386  45.7922401   58.77075745  67.40190375
  77.68866578  27.40965161  55.77564877  37.98894989  49.80861161
  24.97992947  18.82556725  46.9713409   85.05693741  32.83294636
  24.83007463  21.06776441  64.94413028  41.16060084  84.44256687
  41.42426681  42.96343956  87.42673905  42.2866775   40.19817925
  43.82728833  23.54628131  54.65155287  24.21784764  28.94513557
  20.51152666  81.43172264  38.0314329   13.44190275  50.19747171
  27.65835457  65.51631165  23.04841109  74.73082178 116.7185937
  46.9623419   40.31063006  40.18315095  32.27418077  34.45407906
  45.49112068  34.66195399  37.25983205  64.51345097  44.32979428
  50.42013619  32.43252751  47.68362117  56.51382182  61.01433346
  39.60776956  34.95990549  27.72338412  23.98150047  13.54241723
  22.53231384  42.57293535  95.96471824  32.94331296  26.6133795
  55.05618852  40.23550331  35.96481177  59.37866315  36.79697292
  45.23952501  45.23190972  28.4130121   66.55917319  50.43792714
  19.56270698  43.82009063  30.22156345  26.91503504  57.6771263
  43.66138874  31.85401227  29.82452153  64.21649238  43.90868654
  63.32441267  78.77314434  41.73566372  35.86888854  28.22868247
  38.45977401  58.75436906  54.15505501  24.46801274 160.13316971
  48.37891316  59.41625145  25.70484408  49.55817433  97.98985357
  57.22181668  49.12016321  59.06250993  31.6443951   33.48039767
  18.67068108  38.93665029  29.62422838  46.58901032  29.5930221
  49.85915106  22.41643566  18.01239651  49.58293501  27.19155926
  34.71082203  28.37434218  46.83369221  51.38302529  51.23477314
  70.07813682  22.80767048  47.14953897  23.52302465  35.54796701
  83.40306836  33.20720624  20.391223    53.26540485  41.01672703
  28.87272003  72.35533855  49.14994522  29.90519623  22.28433413
  18.21860839  30.66331132  46.20573462  20.51582247  32.57179838
  29.91584855  92.01894895  38.29167354  45.71350171  67.25624387
  26.67277079  32.1863472  146.90906883  37.95989322  35.91136385
  62.3561131   31.6229724   15.12534093  37.80197561  19.13811632
  61.54852108  36.91754425  28.79056435  65.1730877   30.72953068
  88.46725128  41.75133125  47.95744806  45.32458907  31.08064076
  15.53736439  40.82819316  18.46264512  96.56754337  33.87783859
  25.39503866  78.85328302  50.92357571  27.94430077  84.97839562
  31.5332094   48.4479308   42.42943543  38.84287726  47.2172127
  14.63497395  48.80459852  23.96223501  24.01967299  57.37879004
  25.48061463  33.99582632  78.12918502 106.22755032  21.13237344
  38.55263806  56.4442827   48.18192755  41.02806439  47.82926522
  21.99211599  21.69394559  24.71456055  56.95436415  23.35456458
  52.29063566  18.43433054  22.73636418  54.88282613  25.76342698
  99.99618651  42.63351813  55.07948912  63.08213641  57.94349703
  21.25287109  53.42450956  56.17233479  24.28028847  20.27201597
 126.70441029  54.32524893  57.9040754   36.65707508  28.52121161
  29.24427439  29.30317679  33.55049948  16.41674029  60.36125074
  88.19444027  14.96281818  50.19972512  34.78002426  94.16113127
  17.36782838  24.60580748  43.95176632  36.79091364  39.13411517
  37.21095397  51.27750241  45.10249518  21.66462411  32.37259829
  25.06431346  25.26205809  41.43653229  33.45280297  30.54765895
  77.42595599  55.50989256 101.73884601  34.06453117  29.4452762
  29.89989443  27.09513149  19.95329173  55.71949776  54.57772119
  47.41217824  69.78856891  38.49030508  61.86850386  76.08140506
  51.50511643  14.44361958  16.41611914  31.37522624  72.97121607
  21.41128254  72.72881968  55.63777592  31.59069475  37.54436321
  25.98070038  79.36231083  93.40295722  28.91920086  59.1471899
  68.34647591  54.68180509  83.96783351  57.43380034  48.1638674
  85.07272881  41.037159    62.28885328  37.48427021  39.20903544
  17.8224452   43.89213962  18.69257489  17.64641582  21.06124872
  72.03071188  20.73608303  56.03477346  29.0413605   39.49707022
  48.58026077  26.0236801   64.65273748  25.64666895  41.04308085
  28.93777092  15.69557196  55.73462574  47.85441238  74.24360621
  90.21652558  42.79491619  34.09344844  18.7541056   45.50580532
  59.04617833  42.79913167  95.94105056  91.39776037  18.96518657
  35.54248959  24.02229756  34.0053422   39.40990329  41.91576581
  30.29603337  54.81240116  29.77057404  72.97115263  51.0051735
  41.93747848  59.7702915   53.63544131  15.9650181   41.93487263
  53.62628886  20.8080384   78.136007    39.47190386  28.19173413
  37.24062762  39.75826458  82.00918651  54.14925991  39.73445222
  37.20347949  78.79394462  78.01798458  49.6443663   54.52760783
  50.76902673  52.06387903  78.8598556   18.85904737  40.61974791
  25.67944699  71.07469395  28.19533759  22.28479026  13.18540177
  35.3459166   58.50150201  15.82430853  39.08320419  32.72331777
  57.05445801 151.4282479   83.71310158  26.53422527  18.66942355
  37.68701318  31.39592697  25.66676195  53.83115376  43.76381283
  62.74993665  44.27724963  62.2825634   41.90971194  30.85796465
  59.0975412   37.55270882  29.29994254  33.7151963   41.89555255
  34.96680344  22.23422052  40.30463372  42.18166226  88.70033922
  57.59397655  51.15330485  37.19051828  44.62788332  70.82167
  31.31571613  61.55106756  51.61960003  68.30915021  24.38077043
  27.02352588  19.66185686  34.68898796  35.46676662  15.4976684
  27.41672405  25.04301933  80.17787255  28.25696325  82.00575881
 115.56507388  23.16833983  43.75582631  21.87436479  27.9137103
  39.59458666  46.16496489  27.37079173  86.86664255  42.03040084
  41.63936473  84.82660029  32.52585611  55.24044372 105.7074421
  38.43584621  36.33668848  28.41974479  46.73649906  21.65534599
  38.54231354  58.95329076  25.70795639  77.23544067 143.06540915
  39.89312625  92.7566872   53.75561123  29.21112999  65.46787732
  81.54333003  14.40913587  37.18783408  28.6349824   21.14158076
  25.23556319  16.33776294  45.71729496  49.6598002   43.1557467
  25.76085275  27.68324087  30.77106476  23.81218351  34.73681751
  36.00890963  37.74826363  62.71172894  51.19450183  63.9749403
 112.37577852  71.39698398  24.70047332  71.67123397  13.68974776
  26.98378659  56.92457791  68.70003186  31.27014942  53.39404705
  29.66019295  26.40407622  56.67567504  60.95050445  99.71970862
  34.33638075  45.02737261  69.07713549  18.23932715  24.59870049
  56.7346257   24.4999798   53.00036191  42.90601178  36.23897231
 117.92231138  20.60607102  26.70909497  34.74909254  26.82691998
  18.53816511  84.70428352  19.31544245  20.06315497  61.75939677
  20.56138908  20.82169465  31.90775061  19.0892977   25.14791686
  37.73285757  37.69975197  35.31500775  21.43458261  56.78855975
  39.46960167  47.01841018  18.68479501  35.12804929  39.54688726
  33.66243633  61.34763498  24.28669232  46.17977734  38.80253287
 106.59840347  33.09229849  26.06861555  54.98915067  88.96154666
  24.595763    43.69697531  19.18910084  48.9975298   34.40854054
  44.41810491  41.50919108  26.9805483   17.49966554  39.82896805
  43.76395365  65.80840028  18.48210562  21.13683622  47.40826197
  57.08207929  43.25825697  28.60735428  65.67040938  97.96121798
  29.75488581  18.67183185  22.1209471   56.13021172  62.8655421
  57.78252443  57.77826152  95.50426861  34.62909395  40.72892519
  43.66576234  48.39668205  50.77382313  34.40315451  62.98327886
  15.95163451  45.53698491  28.0084098   46.11744406  27.90699425
  23.6702269   52.65035584  19.06336588  62.36313777  51.88197968
  33.35885493  25.38974964  41.06634738  67.87111624  28.27423798
  24.55970712  14.81381769  31.13601822  79.65025426  40.40803344
  20.44215284  31.8976538   46.89908521  49.42553876  19.70494574
  58.37525894  55.31797018  17.14703437  59.78632647  27.73744447
 102.28265162  62.50016536  52.1409892   36.11790641  47.71030602
  35.01450121  26.18095677  36.59501102  67.18925896  39.15042872
  17.8433081   35.72924383  40.62420786  59.14514098  27.12782037
  76.08750907  46.08990396  47.01332795  63.48446749  29.21982314
  27.45762748  22.91143725  70.32570207  39.06583526  24.4122846
  37.12111322  30.38080032  30.89929493  35.05651063  75.72787539
  28.43006057  22.48530454  18.87676557  42.64670748  30.28408427
  21.37561606  27.43151983  38.7284416   41.2778035   39.76226453
  22.50600665  45.93629392  27.27723884  51.81243318  24.89247068
  36.38252842  40.15613415  46.25020059  49.20002171  22.83616725
  21.74625515  26.69192038  58.37206825  31.80908582  58.32403575
  52.71011755]
Test abnormal scores: [38.55112935 72.61359056 30.29583048 ... 23.99409855 17.71478843
 36.63078319]
