Logging output to: /home/guest/Thesis/MotionCLIP_experiment/results/finetune/allSplits/fullContras/NTU1-120/anomaly_results_brushing.txt
Loaded embeddings:
Z_train_normal: (2261, 512)
Z_test_normal: (566, 512)
Z_test_abnormal: (10779, 512)
Normal classes in training: [2 4 5]
class 2: n=754
class 4: n=753
class 5: n=754

AUROC : 0.7376
PR-AUC: 0.9779
Threshold (95.0th percentile of train-normal scores): 26.5749

Confusion Matrix:
[[  126   440]
 [  546 10233]]

Classification Report:
              precision    recall  f1-score   support

      normal       0.19      0.22      0.20       566
    abnormal       0.96      0.95      0.95     10779

    accuracy                           0.91     11345
   macro avg       0.57      0.59      0.58     11345
weighted avg       0.92      0.91      0.92     11345

Train normal scores:  [19.75983991 26.68278324 18.36292581 ... 24.89560029 21.33021338
 24.74476324]
Test normal scores:   [ 37.5598406   88.45847317  33.00378148  34.92182802  45.26184685
  33.82531806  80.38495582  35.98306842  35.73591113  51.81371932
  30.64872379  36.00621028  23.51268765  31.1024894   30.55466681
  56.25429487  25.33699232  33.92845445  21.68331661  29.62848583
  36.30773635  24.84422888  30.83261848  37.69975765  32.65397244
  72.37568003  28.69986937  54.84187423  68.38170047  69.16861908
  39.14577946  27.67492596  30.55763173  70.14400337  97.69960376
  49.11915759  45.8985489   89.31416469  32.9089799   28.65231865
  30.46749078  30.25994688  80.34002345 110.95330675  18.72818048
  51.38114251  40.87640369  22.5305428   30.14161266  59.65253743
  55.68714629  30.98993206  42.91458779  25.97290383  96.01652303
  40.02958326  26.53917913  73.24298962  32.24691206  32.77049596
  49.39299835  71.50254898  33.3659093   36.74160841  73.48911434
  87.72631508  62.99053677  42.38895404  20.99881857  44.97186281
  38.95284593  85.38643089  28.09386781  29.70372844  56.06927587
  19.94399607  51.30378308 110.87712308  79.534397    21.65426836
  33.72360838  42.04102722  38.18229075  49.8653464   24.99857854
  14.23857611  71.19384517  28.71508264  42.2743884   46.32597336
  42.8651528   38.84458763  23.53487351  16.83222156  52.81189329
  48.04598658  49.20296642  17.86268327  83.78947756  24.4676519
  42.64500604  19.5590462   23.69634962  33.86039405  25.80389525
  26.27259862  34.67685709  27.75363659  85.1782621   25.15406725
  59.20701851  23.62512296  71.07879156  58.26221778  30.76835586
  33.6688543   42.41273183  29.16846343  45.12002063  20.25087084
  25.61179702  23.25040828  21.07344068  18.78045409  25.83444884
  38.08088394  46.57702949  50.8545005   30.49645367  55.79428772
  26.55540674  52.18491399  24.82707278  41.1217262   30.59221398
  84.40679093  21.9267392   38.7296269   19.32326872  36.73327425
  21.69923305  43.92858016  30.90100777  36.51311407  62.45978846
  23.94742998  24.65022127  40.10596616  49.62324705  47.46171913
  50.50618288  26.59025108  24.61909679  55.41865928  20.85697647
  64.29540519  68.16069445  16.18262856  47.68693913  57.40089662
  26.83778833  22.44337367  48.78855405  23.84643366  41.00641821
  26.7140023   41.92093767  56.56368031  19.51419783  33.52863959
  28.95523279  26.42032415  20.32530448  93.81492905  18.70118177
  24.93576908  24.57305189  43.86894548  45.84471844  24.76143018
  83.46719919  34.34892265  30.41524599  25.3269018   54.69675354
  34.28040684  20.3654642   16.09792978 111.40380986  24.83391552
  65.19352972  53.17468419  79.75081611  37.81773023  91.07878174
  23.00203341  77.2059923   32.06628115  45.94965226  36.119187
  69.72364559  58.71603722  21.53795373  74.93829684  33.12578255
  44.82122592  33.4253559   23.72249519  54.4078988   61.23511633
  26.81102672  37.84923601  68.72651522  28.10146176  41.09782201
  75.33459322  31.40043896  34.94188793  18.43771332  58.30404845
  36.93595959  19.85894692  57.45165905  61.1656191   38.20720241
 109.23511052  22.42403767  79.80310413  64.30820989  45.35393625
  87.81929838  18.52573594  51.21774605  31.99626909  28.95764291
  41.14541592  20.50966119  22.42462963  94.70433653  23.07994167
  23.32448045  36.08838627  23.52258185  21.87237328  31.55932786
  49.41461613  37.0706249   68.11055742 144.91606983  60.44070153
  39.69709038  98.84741166  33.91834658  28.33869093  71.44743502
  67.77849352  29.85161365  72.69229829  16.34055699  70.22191482
  72.80747368  48.82625929  72.62647113  42.05001338  55.57136508
  39.38859542  37.60708645  38.71238886  96.76771941  44.22902157
  35.35269239  34.57071158  76.41322924  43.50207938  36.91922832
  72.06617591  33.35370595  17.58746947  41.02477173  46.53395941
  24.10944528  53.64088997  45.10341155  33.19549153  25.05690285
 173.57212222  28.18222414  29.93133722  75.62530885  39.66798911
  36.84982382  71.99951114  29.82653113  39.95253403  59.12811936
  32.90985739  27.84214613  27.6527534   32.74375645  37.87929352
  42.82371043  69.84801391  49.71665395  30.7945271   30.72336083
  20.25269298  22.6873987   22.84726433  16.26553049 104.06241365
  17.62359925  63.54993513  15.29690353  49.46524031  81.44409676
  32.54331597 144.13414901  21.98126972  31.54980795  33.35061215
  31.34529759  74.48591146  29.69650357  51.67249948  21.7189741
  33.3544118   68.44958952  41.81302572  59.93167027 139.17706979
  45.6210046  106.36478843  13.59180292  57.98993842  56.25646246
  24.30172396  65.37143236  22.24630473  24.19452212  15.33706453
  45.8111186   36.28844246  74.40341471  92.13842106  24.21188599
  39.46960596  21.9164221   30.26572878  25.66585253  89.64847649
  18.07011344  17.06812679  66.47116531  27.16195222  28.57616416
  23.95029793  42.70664394  58.72259547  44.3357741  111.00524221
  97.90132887  78.85860321  24.91854129  54.85100848  92.22724175
  77.60106156  20.1708267   25.59284584  28.9578019   36.15957231
  34.67432441  39.39604305  42.99853604  36.0106715   57.40799998
  35.54958825  55.32760635  24.04884358  45.74182058  61.81583705
  35.41616187  32.394782    21.81916698  16.52445513  34.33472405
  23.57937141  23.15946258 103.56372876  51.6960349   27.98764091
  33.7473995  103.25844318  28.63331957  30.55878872  26.18160297
  18.41607804  16.49599963  37.04070649  33.68319641  38.33568282
  20.02283652  76.54916829  71.07007185  30.72140397 149.5829074
  49.21977937  28.77462959  19.61283753  27.79198668  39.16334172
  49.05955396  60.31625107  24.04587502  29.27987092  29.60874355
  47.99526454  26.14034663  33.40980061 119.299025    40.23588397
  21.36044794  32.45422924  62.26198209  73.67700407  20.27656084
  53.90767029  57.23157303  35.06278407  47.96742367  28.96870302
 124.45387757  34.11794041  30.67538955  26.57161086  97.11578664
  45.18700123  25.54576291  32.39004625 101.7032221   60.25476968
  42.4422124   84.13793034  22.1636543   31.02609557  40.86465866
  27.12856853  41.08820774  47.18925789  77.66954453  51.00078432
  27.63581309  33.69649617  30.50273504  44.86766941  20.51273607
  34.26638928  69.77238299  50.93853259  62.25955848  26.23505064
  37.77030772  43.14391444  47.65824723  38.8156095   39.62582892
  68.18065165 105.57869365  20.17571333  17.85767059  38.40686274
  35.93573693  86.90900329  42.78267393 111.38750907  62.65424452
  72.72030491  40.74807541  33.07346976  31.87297233  32.51070002
  30.02173033  38.41195044  30.76049031  19.95969314 110.58368395
  34.82379517  31.41924333 145.13550699  35.93331234  29.84671124
  35.90261548  19.90373078  57.03455653  35.09942373  75.22923834
  36.26025703 111.18385954  31.88799822  19.28491088  27.65510791
  70.70968485  31.09754772  87.94466314  76.07545669  28.26505063
  50.74508706  22.49616398  46.25185649  37.33496257  24.80610874
  39.01646615  52.49621314 100.19675031  28.62031963  26.72951361
  80.39766595  64.38019005  17.42781663  59.3524201   92.35252082
  28.25375174  35.46909067  30.97651365  24.46338694  40.19301052
  60.50517606  70.33690779  48.70816542  47.60797174  37.65531153
  66.61695093  36.39600261  39.0291351   26.83333758 106.46889885
  52.47706594  40.80015183  82.47880047  55.43586472  22.75659708
  65.55733825  30.60221454  23.85257165  42.95040652  30.50570001
  28.04753869  30.42868916  63.56838057  20.23187625  38.73756368
  24.82181426  66.19181979  72.26691539  23.53626699  38.50878876
  30.08411794  80.9031179   39.85397283  59.28016979  53.4950059
  20.77489767  51.9144245  146.82203972  86.65503585  96.62067857
  26.54988141]
Test abnormal scores: [ 53.93950083  57.30842412 126.32590529 ...  20.24569689 119.23080876
  51.8396028 ]
