Logging output to: /home/guest/Thesis/MotionCLIP_experiment/results/finetune/allSplits/fullContras/NTU1-120/anomaly_results_random1.txt
Loaded embeddings:
Z_train_normal: (3027, 512)
Z_test_normal: (756, 512)
Z_test_abnormal: (10589, 512)
Normal classes in training: [ 4 32 36 39]
class 4: n=753
class 32: n=758
class 36: n=758
class 39: n=758

AUROC : 0.7463
PR-AUC: 0.9682
Threshold (95.0th percentile of train-normal scores): 26.9668

Confusion Matrix:
[[  215   541]
 [  463 10126]]

Classification Report:
              precision    recall  f1-score   support

      normal       0.32      0.28      0.30       756
    abnormal       0.95      0.96      0.95     10589

    accuracy                           0.91     11345
   macro avg       0.63      0.62      0.63     11345
weighted avg       0.91      0.91      0.91     11345

Train normal scores:  [26.68278324 20.91617898 24.92419577 ... 23.50961071 26.10332083
 11.12060755]
Test normal scores:   [ 75.8694607   14.4306376   60.91214256  73.93326445  64.13160617
  21.51377679  29.77558027  17.6212193   64.38767752 111.60078338
  33.82531806  83.24850291  59.60313334  44.47712608  57.93240641
 114.21713319  36.16594441  35.98306842  55.95299125  35.73591113
  36.00621028  29.41022154  59.91804759  66.17048965  18.09137211
  23.51268765  35.70024609  30.02124857  29.65958548  15.01389759
  14.9937216   19.28842581  34.99140538  34.95965405  68.76150329
  33.94573681  56.25429487  64.13143182  49.38256661  28.16688024
 171.67889646  45.52679491  12.86020471  25.33699232  35.39778378
  90.19727304  85.90150241  66.46891699  35.32671782  24.84422888
  90.25868934  44.85097839  44.44663248  37.69975765  28.61951962
  19.48315289  33.76520382  46.97108657  28.44050134  36.09054953
  60.86880825  22.0694927  116.18847545 126.26531481  40.34524525
 107.84247213  21.50395727 121.08657235  23.9648374  112.05056114
  26.16083116  54.0674955   37.35588468  49.11915759  38.58617674
  51.63485741 112.30864559  77.4652708  148.90131243  57.32281939
  29.97624611  20.95692732  24.5669655   21.10532544  89.29514691
  51.38114251  22.5305428   57.27841492  19.08419881  71.08856816
  76.64866744  30.98993206  67.46108322  25.97290383 125.57786904
  82.34684932  32.24691206 161.98744786 144.30444742  22.83748826
  53.78252609  96.10325057  28.63747478 123.15432694  33.3659093
  41.46504204  13.33087127  58.09842187  97.93217553  56.54959717
  23.30152672  62.99053677  42.38895404  10.74526979  20.99881857
  94.87610983  46.39947222  29.3867907   75.75534957  28.09386781
  79.36804671  19.94399607  14.41021197  57.4008688   64.76129316
 114.43376877  75.70232509  21.65426836  15.12769747  59.16155925
  19.20447047  40.927557    49.8653464   24.99857854  71.46744548
  49.1646948   42.2743884   87.28234016  12.92209623  46.32597336
  42.8651528   38.84458763  23.53487351  16.83222156  16.77410967
  15.20920693  19.12459909 124.01481926 187.75568901  54.5745884
  71.21105233  24.4676519   32.58571946  23.69634962  20.57100144
  33.86039405  18.72236956  26.51451781  25.80389525  34.67685709
  24.25552985  85.1782621   25.15406725  39.91307459  59.20701851
  91.94500066  20.52394364  61.91919336  16.45723875  60.80990465
 124.4497731   48.69646022  42.41273183  23.03978406  28.10568009
  23.25040828  21.69768042  21.07344068  42.97006439  22.92238272
  27.56348717  97.98110663  70.83657155  78.98897788  47.24070621
  41.15803781  32.24840835  19.65758745  31.09892453  52.18491399
  15.94802172  33.75992315  37.1417461   20.03427824  41.32786677
  22.40140312  57.4276228   22.55766855  21.90871169  26.99236117
  21.11192407  33.04162334  84.40679093  21.9267392   85.82151326
  98.61511717  34.24607077  51.41235405  25.74174624  47.22887861
  16.21988795 105.19782537  16.97132074  54.03942305  21.28761143
  17.90272355  19.54818451  44.09119983  19.72063108  42.63487701
  63.55634685  37.92407468  30.37976488  58.14766671  54.84358763
 154.16353188  24.75332894  49.51434717  40.10596616 104.78834155
  20.9720651  123.58953549  99.94481191  45.8907182   25.10861374
  34.11541075  26.59025108  61.11403051  24.61909679  17.982237
  79.4042207   20.36418847  20.85697647  17.10573023  68.55690015
  63.499174    54.95701451  39.0969275   57.40089662  19.2337694
  28.4932307   84.51323239  26.7140023  117.36098017  41.92093767
  56.56368031 108.29678152  34.40288262  19.51419783  33.52863959
  27.22015911  23.56815285  26.42032415  18.39364707  44.92747508
  24.93576908  35.38374943  94.66948444 114.46173911  26.04395388
  21.13642501  28.26128619  22.11893725  19.16881423  45.64801356
  35.81613036 148.59711447  61.79049576  34.34892265  54.64932953
  30.41524599  33.28343387  15.2471136   37.40282492  28.05050429
  20.72906238  54.69675354  43.56317273  21.6374775   63.73946735
  16.09792978  17.98211862  23.77648929  54.08172157  25.90133513
  37.81773023  26.87430505  13.24475914  24.58600038  23.00203341
  74.46637277  77.2059923  109.64945463  23.84900856  32.06628115
  67.29947267  49.31330759  36.80013744  21.53795373  16.94851008
  33.12578255 120.41445314  95.53676213  14.54306092  46.56772799
  48.19068876  54.4078988  135.17515538  61.23511633  17.91309222
  19.39327533  84.52997002  19.33854894 114.88745816 137.88713083
  22.12933044  58.58763183 105.04475987  43.61077707  19.85894692
 100.65610379  31.4383564   91.62071596 103.76139625  64.6818364
  77.47799001  28.40804948  48.25348538 102.25733997  17.91092648
 113.13457791  20.55700678  45.35393625  26.50092416 139.97375717
  46.83617483  31.99314008 145.95317601  37.59179512  70.38070355
  85.42871443  42.58476308  68.33772725  68.56534649  98.86466314
  46.07036525  60.88266962 122.21549378  38.44710273  71.84708482
  19.80097217  45.8476244   16.14753583  30.14806181 107.80546057
  28.73626711  43.81456665  14.25110354  32.50621536  72.69229829
 109.73959939  55.1475885   70.22191482  48.82625929  70.90326152
  65.65400979  53.18674062  42.50359866  34.63840361  71.57925633
  99.57659755  91.4703365   38.71238886  17.23846311  40.31514233
  30.45291696  98.94795301  34.57071158  21.8077214   36.91922832
  18.36041765  41.02477173  59.66717719  24.10944528  42.4387884
  20.23666018  25.35318466  87.62965629  28.18222414  35.36741055
  74.79023737  77.17573204 102.48810681  68.32369351  39.79749693
 139.31091216  14.97717444  46.89842903  22.25502904  51.19669937
  35.88183861  26.06895971  56.18030452  76.8252411   32.90985739
  41.78895397  72.34894885  20.53359974  27.6527534   18.37242932
  17.27833837  71.24148578  95.4428831   30.7945271   33.18373165
  58.00688085  20.55159892 104.06241365  31.93581305  66.07378694
  25.88284441  49.46524031  16.77816477  37.74976583  22.79949404
  43.20000546  31.34529759  24.21287387  29.69650357  38.6248753
  24.23210269 131.07461183  33.3544118  109.16824609  38.7140084
  18.66870068 148.41296508  86.77052377  36.63952454  92.79715344
  18.6173557   13.59180292  18.64895262  93.55520464  57.98993842
  46.52672355  24.30172396  18.06869343  65.37143236  82.19188106
  15.33706453  20.03370736  56.96700126  48.98587271 162.07897561
  14.2035973   36.28844246  89.80364067  35.73917813  19.95685714
  21.95985881  36.84673564  48.41604974  31.78939755  74.40341471
  37.70478471  15.04500689  18.66533999  29.45717727  30.26572878
  36.84387079 131.25466091  42.91254255  35.50715183  27.16195222
  29.27796393  41.58344345  27.34753875  87.54318208  40.99476934
  95.00514714  21.83555815  20.68314053 111.04097144  22.34852835
 101.19070382  32.87889944  25.59284584  28.9578019   63.56343088
  29.68548487  19.79326651  58.91951622  35.54958825  31.59989669
  13.85863543  30.01238016  42.51006746 107.41041362  51.22134696
  32.394782    23.35090035  23.57937141  54.45602952 103.56372876
  19.41228646  28.33427964  50.39072519  91.98689741  21.84193967
  34.34190187  33.7473995   25.51543612  64.02282909  94.75433307
  39.87760085  25.48263274  20.00752107  60.60161584  60.1627801
  16.49599963 101.16245626  93.31446941  38.33568282  73.20601112
  21.34633447  69.5097967   20.66607292  39.74430455  67.13094653
  20.11103524  67.35592013  20.49639605  25.06672027 145.38822223
  91.63000695  59.55657333  30.69164607  94.74896429  87.47463086
  66.24185875  61.42576014  22.82186973  21.77249363  93.49809298
  23.88194387  31.56555685  78.91818942 115.856039    39.16334172
  25.54183117  34.23979769 143.09536975  24.76028974  29.60874355
  29.48774828  18.93835391  70.07046694  73.67700407  63.87655734
  48.54734495  16.98749135  20.27656084  97.48796666  37.30947409
  23.91521158  39.63361186  53.90767029  57.88994424  15.72237906
  11.31041225  18.20197322  28.96870302  84.60531818  34.92138644
  24.81946859  33.1065498   38.99172297  21.62697716 124.79901341
  32.39004625 102.67574706  87.60421674  19.42892131  93.7860581
  33.67542291  14.1807916   26.36772934  76.44288488  38.41687665
  53.85677916  69.13225587  59.97003948  49.30045448  34.096854
  25.72809802  47.18925789  63.2895184  103.93738703  70.23099573
  20.63821949  27.63581309  52.18550659  27.67115711  34.45815046
 161.8297747   21.00801648  42.65706756  38.79655107  71.58706663
  37.77030772  28.11837858  38.8156095   83.26027159  39.62582892
  72.57695853  32.61513029  24.75712019  67.3871339   69.11786739
  23.09877737  37.60979672  94.15210259  28.83348534  16.09535771
  40.74807541  44.24494221  17.4644196   95.09249825 129.90184651
  30.02173033  76.26115524 146.55512708  21.058921    31.41924333
  36.08824766  81.89815911  47.79461801  13.59095165  19.42573078
  57.51208542  39.91741795  25.67955394  39.07168668  57.8536953
  12.26967818  40.42213869  46.00502486  18.49974243 105.05553071
  26.0001356  100.31069507  97.30444248  22.3959937   80.67874793
  31.09754772  43.13930545  18.34427867  31.35571839  57.02480005
  81.24463928  35.97985939  15.69817011  32.34633411  23.39890085
  39.01646615  52.49621314  27.64976186 138.28485233  49.82740943
  15.77352721  22.68765692  28.33725758  45.05716834  55.49330022
  39.58475503  80.39766595  23.9636908   17.42781663  17.52800531
  43.80076788  29.94201352  92.35252082  38.44655983  41.90237631
  35.46909067  30.97651365  52.45154618  31.34915749  40.19301052
  25.70443286  63.48973819  76.11820601 134.37598852  44.12023154
  48.09111845  47.60797174  81.36527001  46.27131103  73.84320268
  28.01042503  44.21396053  71.44570431  47.92861899  39.0291351
  26.3080938   29.24832903  94.27761478 148.00665056  40.80015183
  27.0633923   43.42838106 117.99850699  17.29068421  20.06566797
  21.43359275 127.72259183  28.04753869  16.34815132  66.56243136
  20.23187625  38.73756368  84.19926917  66.19181979  28.60720853
 103.98537807  23.53626699  39.71713436 127.49365711  73.99581346
  39.85397283  59.28016979  53.33377107  44.94082292  53.4950059
  18.690397    14.66681223  30.52995776 130.47794538  40.02828027
  86.65503585  68.54253533  63.7647243  120.17699842  46.99371909
  79.55293765]
Test abnormal scores: [ 48.98739611  66.14377044  89.25640372 ...  40.19626043 113.59866193
  99.17120518]
