Logging output to: /home/guest/Thesis/MotionCLIP_experiment/results/finetune/allSplits/fullContras/NTU1-120/anomaly_results_fighting.txt
Loaded embeddings:
Z_train_normal: (3030, 512)
Z_test_normal: (758, 512)
Z_test_abnormal: (10587, 512)
Normal classes in training: [51 52 53 54]
class 51: n=757
class 52: n=757
class 53: n=758
class 54: n=758

AUROC : 0.7562
PR-AUC: 0.9744
Threshold (95.0th percentile of train-normal scores): 26.5607

Confusion Matrix:
[[  168   590]
 [  469 10118]]

Classification Report:
              precision    recall  f1-score   support

      normal       0.26      0.22      0.24       758
    abnormal       0.94      0.96      0.95     10587

    accuracy                           0.91     11345
   macro avg       0.60      0.59      0.60     11345
weighted avg       0.90      0.91      0.90     11345

Train normal scores:  [22.24561121 24.75460801 23.12075459 ... 20.09323177 22.9533887
 23.4090454 ]
Test normal scores:   [ 20.99022043  24.40563994  50.74372855  81.31760709  41.59364876
  36.7655071   63.56607083  24.81473616  66.59412003  44.82104087
  48.75038421  23.90802225  58.46993929  26.7457845   30.51235135
  75.87289441  22.66510071  25.88544603  27.08722633  44.30412416
  69.40597708  40.05025992  57.98006875  15.02490531  32.44285694
  28.50134419  22.7616797   38.80467132  44.55306094  23.95123323
  63.83658462  35.05675094  32.08931018  40.89494278  20.26111205
  18.48674338  42.46326184  84.95916477  42.9964631   24.88877984
  76.93892238  47.05624892  39.84802346  33.48428417  35.93419009
 114.39780594  27.09035793  55.63512812  49.00661869  50.4850745
  25.11013791  52.64803231  23.92507042  41.93731313  25.11088209
  38.7015859   92.78274264  55.32601654  49.31364334  36.65447736
  46.04181766  89.66078965  23.69203677  39.64964721  48.73669413
  29.1774871   35.33216804  35.34269235  36.60913702  50.19141568
  25.76889961  28.42876812  20.86370891  46.37743012  36.84956236
  59.59494738  90.02227199  22.4778734   64.23034138  49.44682722
  30.49172502  35.47609189  26.94908861  41.40031454  41.39295279
  20.9618668   37.56779244  28.81007752  39.94008279  33.11890886
  21.29056948  49.09300836  43.49549691  62.21995249  54.1210481
  32.79881899  65.57878184  27.30590178  49.26748028  22.03853332
  58.83591515  16.66069137  43.20091287  47.88920228  42.34208419
  53.94797209  74.72995199  70.44454207  51.49206326  36.87144705
  28.40221764  70.36977002  29.25033198  37.76578704  50.98367246
  54.58007955  20.97355155  22.23247576  44.85017465  27.17139753
  18.36820077  37.91467996  23.6505811   39.2718552   72.69678487
  22.48544289  64.28551783  27.77763345  45.96422454  35.53953233
  50.06730631  65.53495621  39.62795346  42.07233101  14.56411555
  56.26636408  28.47845229  49.67759828  43.86166927  49.29280731
  33.40549576  24.55668111  58.42571813  51.91443071  41.341332
  13.23643571  60.5955854   18.49957203  50.77162885  57.09075299
  36.82435405  49.79848142  51.88580745  79.43897271  26.53245862
  60.01521147  42.16870314  12.6813447   38.68959978  86.77895645
  29.48999477  16.32890653  25.1517352   23.66755814  39.57784021
  26.35990327  19.33381053  69.45276763  19.32578933  21.81559884
  45.56553774  24.17740897  87.95163221  43.27807089  31.78879039
  28.50513383  72.69249638  47.46361057  36.61542257  31.36971233
  36.35814581  46.53754798  18.62267353  36.92011365  44.07912084
  45.67996651  62.12408663  51.13268832  32.54388191  24.07590395
  29.75260998  64.47987724  82.23883467 207.94232616  45.2943011
  53.61717195  18.37726755  25.89907191  71.92979978  18.62358921
  26.52898959  34.64059219  35.49076357  26.07810524  44.74366259
  34.13593018  39.4610233   28.99549852  41.40282491  33.40406929
  55.24790894  58.11398167  20.3657131   25.03370465  36.84763831
  58.48250988  41.34677681  37.45998993  46.26491606  40.03422228
  56.49430447  30.97626096  16.82958216  24.29964752  40.14041387
  24.91661016  92.68876034  21.44939642  63.46858677  44.67229453
  15.46563151  34.62846764  24.39829736  38.43055665  49.29899876
  28.85804284  49.03539871  26.03116665  43.41651747  61.04454272
  39.34532442  34.73477959  45.78223496  84.61453739  38.44534501
  37.9700804   45.12380043  84.85334615  25.32498032  39.27938034
  27.28646192  38.52535642  21.09385796  42.7489247   45.30642661
  24.11319994  25.22484886  47.17990538  50.75496395  44.62511568
  39.9102308   61.78914402  35.29363279  27.78213111  38.20499066
  72.97946694  51.44442727  61.2553169   54.62044759  44.48572783
  35.08660926  45.90218898  92.58569498  25.77430662  57.50942187
  45.30418145 116.17092114  20.35574261  26.30087165  47.36820365
  51.57823929  28.51315762  30.98999037  70.57186063  55.3638393
  36.95280228  51.98765861  39.87076832  46.36061767  34.78307524
  31.48984454  92.32489229 112.05126658  65.66246082  46.18494776
  29.96372381  37.8509489   47.79630936  28.37194878  54.1488749
  42.48277654  10.64512643  19.4636884   97.2660052   55.73298546
  53.8453384   60.95483345  45.97317437  47.47741808  63.42569459
  38.46586994  24.12177163  33.36544246  51.26128709  16.97276054
  32.27076534  47.96979698  73.31521429  16.25659107  53.37345204
  72.38476167  46.57109049  31.5750083   25.79103665  30.37066454
  52.51176347  47.71745     19.71780042  41.36003821  65.43712351
  19.87603686  23.37073879  44.68350682  13.01450068  35.08319928
  53.15662224  66.65293958  24.69399269  68.94999783  43.32634516
  43.83802122  31.19766888  33.43883104  75.34040631  53.66695541
  54.56991292  31.04127594  60.3729187   18.05148473  40.87942668
  32.17278456  77.20081535  26.88887638  30.02288407  40.25799552
  48.63647303  45.99298251  31.3802473   61.50336601  30.14327232
  43.67265107  54.20386224  26.78723403  49.35722198  55.09460151
  49.12931011  41.18114587  54.06937914  14.93247238  34.38798028
  42.33247186  75.03513097  41.58539928  40.68939685  28.53920728
  18.35801629  36.79052442  36.39965624  44.01187916  48.97631178
  66.23897107  15.200028    61.35971706  78.76650546  26.64210706
 120.12879782  37.11606382  40.34269142  29.08240247  22.50957158
 134.19549874  44.55411303  10.74784219  41.30408796  27.03857002
  41.06406827  45.3253244   44.4782089   70.97139963  33.39844588
  50.16238094  64.71982632  44.80257438  21.31692027  23.02239473
  33.62269981  24.74454193  37.41579407  51.99137125  45.31845333
  52.28166867  29.96860493  30.93208886  88.68743815  39.82753584
  43.21135752  42.0577085   28.70140354  56.13526471  17.88488749
 129.70073223  23.99779171  17.55401707  29.80866741  67.44454781
  50.28973716  14.34160093  26.5100199   16.73987184  20.29277597
  24.15131775  53.06391601  43.53306438  19.68972488  70.1846003
  34.32064217  17.84918006  66.47865793  41.81942718  59.93003006
  24.34684361  70.67792181  60.46887616  28.12190503  24.67132564
  22.92423279  26.99845294  37.86733007  44.90670915  24.84991449
  15.45883005  49.55932117  31.78126325  47.82785017  54.28106592
  37.81032861  41.91471607  25.84419118  53.85882569  48.48498375
  59.45422813  50.3737423   47.8489138   42.04012589  72.07023027
  47.46826569  15.32746389  41.89587281  46.31763223  92.15653124
  62.55933469  86.83969885  56.53111333  40.3343415   36.06590461
  27.63715983  26.53806198  15.75449075  27.81493562  45.87816468
  20.69304725  45.23036275  25.72443999  37.36807889  27.5860961
  30.6074687   38.95268087  60.22807562  44.32346282  23.67662442
  29.79120127  40.80072963  22.96036305  44.10367343  48.51843086
  24.47290047  47.01635308  66.70701234  52.38810421  47.88449662
  16.24587459  18.37848157  21.60400621  22.56519301  45.18018665
  48.19449715  45.10614973  45.56303651  34.73388153  37.02726851
  49.97865476  80.68456516  21.3228789   49.28535117  20.57786738
  43.18397786  25.45985429  79.86417745  34.56258433  16.95548658
  29.23071214  47.84299084  60.18662362  46.21525177  12.2550748
  42.19832332  32.59501852  39.9378473   56.70236404  60.74209586
  43.61912379  32.08944388  25.30937105  33.36623505  51.08686515
  34.23471542  51.53792337  34.46741511  55.65807473  14.53647349
  34.40076775  29.70638426  34.0383555   43.5726652   59.28170795
  47.77194111  39.88319278  18.47167261  44.43028232  34.90644393
  41.30447912  18.19930795  24.92071568  17.66750081  27.58704782
  49.28268324  33.3647978   19.0692363   27.29811683  22.91248126
  28.42717825  24.12924213  48.65185224  25.90000412  74.18430679
  26.51861255  36.95867923  39.3150384   44.47924362  25.05893934
  48.01580333  50.79244079  29.97414783  29.02869857  44.25373345
  32.65462348  58.59096707  65.09046834  49.81518708  49.60609064
  51.93024482  32.67062609  51.61670165  71.22705904  34.99110558
  25.46056242  24.95433607  83.38185331  50.47198949  33.41131181
  42.79365979  17.34472376  22.19183652  50.87121074  85.74949272
  56.51404502  60.3799909   55.72406751  48.07440184  42.95079734
  38.3973712   44.64010955  17.17760406  69.2885345   30.36910995
 100.92984514  33.53303505  54.40620102  41.35435844  34.86910544
  49.77822339  37.8469484   43.43926748  64.87914192  35.96755625
  58.26611541  14.81333157  19.12095657  27.94554542  36.41639597
  18.20908994  26.73386057  17.27446865  24.79883665  81.43400974
  24.52556514  63.63535528  32.28316823  78.90495274  23.48466946
  50.98029974  55.37406396  46.91653513 107.04053668  35.04969057
  38.01631345  15.99319811  35.07964878  53.56920578  28.53339342
  54.55346635 109.77726718  87.75137617  61.99754421  23.55393316
  30.82402755  39.57151837  21.93307654  41.13332758  40.88296832
  24.0049482   44.49206692  40.00659673  20.09358217  38.95979353
  21.46866002  42.65311308  64.98449404  87.12169302  34.49884496
  63.4683577   36.50341899  28.64620568  68.20393234  81.66482477
  45.07625956  22.18084513  49.78122097  19.02594109  67.43573154
  25.32944928  41.12956826  71.24008137  69.41884792  29.57187778
  22.85404584  42.91519312  51.9488985   66.81528457  55.71437636
  48.5080798   21.05130852  30.91661427  32.44822779  43.14038479
  24.17375613  28.53075505  37.71924631  52.15243781  43.94178553
  28.58484562  22.14928018  39.22218071  64.79781188  39.06496356
  33.35173717  29.24535446  47.29149774  34.45858812  40.2073241
  44.91152641  66.82774853  71.65070972  32.11372037  68.20951204
  53.55760808  58.67174969  36.7959852   29.66293598  43.51533805
  52.30369843  25.94103222  35.44017805  22.23848921  43.48228878
  34.51490262  26.69195927  44.53272178  35.19208021  58.30465875
  20.03012795  23.8725906   51.34658029  42.98451689  12.66680991
  25.04509612  43.89381246  44.44883921  45.44521619  55.29454492
  80.29846341  49.98568615  15.96384548  52.25531777  63.23306279
  27.1607158   46.06761529  43.23032823  18.57724368  26.18875486
  50.55097212  39.45084034  30.79537361  33.62719035  26.42872744
  34.6047298   40.56862723  34.93691007  31.95597044  36.10711029
  20.6252619   20.82079518  56.29004604  26.96871036  41.3788729
  35.86485511  26.85275929  24.17457993]
Test abnormal scores: [48.97397152 46.42519869 43.90534943 ... 45.01741551 52.19299768
 35.65863688]
