Logging output to: /home/guest/Thesis/MotionCLIP_experiment/results/finetune/allSplits/fullContras/NTU1-120/anomaly_results_random8.txt
Loaded embeddings:
Z_train_normal: (2273, 512)
Z_test_normal: (568, 512)
Z_test_abnormal: (10777, 512)
Normal classes in training: [44 52 55]
class 44: n=758
class 52: n=757
class 55: n=758

AUROC : 0.6196
PR-AUC: 0.9677
Threshold (95.0th percentile of train-normal scores): 26.5007

Confusion Matrix:
[[  96  472]
 [ 967 9810]]

Classification Report:
              precision    recall  f1-score   support

      normal       0.09      0.17      0.12       568
    abnormal       0.95      0.91      0.93     10777

    accuracy                           0.87     11345
   macro avg       0.52      0.54      0.52     11345
weighted avg       0.91      0.87      0.89     11345

Train normal scores:  [19.35524961 20.32545586 22.45368728 ... 23.79850073 22.94188913
 23.69274279]
Test normal scores:   [ 89.55807696  44.2198947   31.96919195  40.81997604  14.03546947
  42.40578656  36.7655071   55.6603368   49.991624    21.47903091
  38.52115239  30.51235135  47.1613006   27.08722633  29.53600452
  46.81229663  56.17786578  31.02496413  35.63707016  70.60378643
  62.01206265  50.90169584  65.3677276   18.59729675  50.07580361
  73.06570942  50.32274529  44.47866587  29.73890109  76.40363676
  40.89494278  31.94101275  31.40660321  43.14584673  28.0234155
  61.43144034  25.07920964  37.21360271  32.72223734  39.84802346
  33.48428417  21.05522532  27.09035793  46.22280605  78.01535558
  40.64817516  41.93731313  59.58669058  67.72106473  25.11088209
  28.65213865  54.67126806  49.31364334  52.85717589  34.34675834
  40.26609595  41.63822785  72.67510699  88.40062413  35.33216804
  35.34269235  42.81908199  90.69137896  25.76889961  19.30417676
  38.81151194  59.72066038  45.42810896  21.9020296   24.61485223
  43.73100341  49.44682722  45.35218802  35.47609189  41.40031454
  39.8582852   20.80452386  71.20363263  56.63761236  73.2522404
  38.80678402  48.75424932  43.20130064  79.41826337  22.8132668
  32.79881899  46.82221823  44.85510829  45.1460491   84.3555015
  39.53307594  80.26448549  36.60415977  33.28721399 107.91091195
  13.85421187  46.70850703  23.60121282  48.22993838  28.40221764
  30.17399543  28.43560011  19.38439154  29.33923766  47.95071425
  39.2718552   17.62365624  41.42367051  19.93430737  43.3055643
  30.86159204  51.73442414  15.60120019  43.06692701  29.01787073
  48.74099362  23.4852593   22.75302571  17.85950344  32.7343808
  70.73843614  33.38672906  17.86461925  37.84916671  41.31940352
  35.10944684  40.0615445  116.92393599  38.80485847  25.64945107
  18.46513412  41.341332    73.93018693  34.12449008  49.65744638
  41.84888     45.49304943  34.3409242  123.34459247  51.58399792
  64.70369645  24.98765408  54.63223146  86.77895645  45.53354559
  33.40669557  29.8709762   23.66755814  69.05272869  68.61413191
  17.69796335  44.65047803  28.75182334  51.35388795  42.16385682
  55.60085361  40.89570102  34.47505985  68.60637     39.60275106
  27.99778034  29.56011887  31.36971233  31.58148153  36.76453431
  49.93592678  32.54388191  24.07590395  22.29629684  59.86237695
  48.61670062  45.13315638  49.66065038  81.010157    35.49076357
  44.74366259  37.07959266  35.44953199  40.83713156  53.9557848
  42.42520413  48.14940608  36.84763831  40.8759167   46.2580135
  40.02533028  35.99573493  39.94299586  50.8869201   35.18661675
  27.69199481  35.7215376   35.91540724  26.98130666  21.44939642
  26.14567792  34.62846764  84.26046098  24.39829736  29.16249177
  43.41651747  39.3025767   28.40323708  21.89425114  14.82870781
  28.41309493  52.4660827   16.80397492  38.8673562   11.75271908
  49.8755725   55.98278443  41.29365022  44.59688949  27.84225268
  27.23853589  40.11399171  52.17551225  73.26777358  21.09385796
  20.95351633  25.03076043  43.13179196  22.00560753  37.55812421
  35.29363279  35.02144245  53.13486004  37.97371156  38.92509117
  18.52136405  72.347293    27.37324783  52.35758913  36.73089489
  36.61319584  44.00553832  37.03849024  40.35509736  51.46664185
  46.8188779   76.57151749  35.1353836   37.34992733  21.56441896
  37.82093025  32.78914912  34.46381925  68.84761503  65.66246082
  33.41951939  67.37965817  53.58819388  51.67855363  52.07459304
  48.531545    26.88002344  40.95291641  31.72830115  33.36544246
  29.10131705  26.70421295  52.63579512  41.21839958  70.31270116
  33.78887368  31.24927496  25.79103665  20.19261866  48.02629357
  38.973952    43.32947753  41.36003821  53.14722638  29.11756864
  21.81191694  46.34293809  26.19620013  34.61839271  47.42257194
  62.6903126   57.409361    43.83802122  31.19766888  73.01416672
  29.52443908  56.72942885  33.19143852  40.87942668  34.16629686
  39.46080644  31.16917565  20.72924162  16.93635018  35.43429861
  30.14327232  74.10195252  45.47469958  38.82524966  19.97449957
  81.27886555  40.88469071  56.96280033  48.31277865  48.6144608
  47.93527141  68.54802254  48.16647713  22.50957158  35.70659566
  43.64633832  41.4261686   39.74501937  58.76532394  63.21733479
  39.24802632  37.41579407  39.52475198  29.96860493  88.38032734
  16.7332579   49.35245502  43.76278771  60.39085233  25.90644105
  25.45680616  51.00331314  25.50195536  33.43553341  29.80866741
  33.81766609  55.16186295  20.29277597  24.15131775  22.66046651
  32.73504483  29.74915646  53.46728936  24.76425198  39.91990479
  22.92423279  37.86733007  59.38270372  69.59670226  37.4978297
  38.01993308  26.72766138  42.89222871  35.5951741   42.30877675
  48.22036138  63.55402526 101.53643967  47.8489138   42.04012589
  18.99451235  48.75014466  62.91203982  40.84245065  15.26386241
  45.28988182  65.12837516  15.96801172  31.43644834  48.07871514
  14.98351903  36.06590461  28.08099472  28.98909166  27.63715983
  37.31314284  37.29014792  49.96716478  34.61927887  29.77002339
  26.65980428  53.36267052  66.11528404  55.15947033  38.95268087
  61.91480258  35.66360904  34.38222709  40.80072963  37.09826317
  61.13122135  43.54479534  43.99256777  31.83848205  22.56519301
  82.98942958  41.14607214  21.3228789   34.66747913  43.18397786
  21.9577224   25.45985429  50.31213548  44.82872436  33.01171539
  26.25169898  40.7832288   40.98878361  36.4393883   34.01288239
  45.3916497   60.54640555  88.39088592  28.63565883  71.67047617
  34.40076775  34.0383555   30.59082436  44.43028232  27.11601844
  30.17108767  29.40038846  43.13259609  27.58704782  28.42717825
  25.90000412  26.51861255  33.15098885  35.17672437  48.24518084
  32.6579353   43.02329781  27.68358039  42.63618361  95.34880941
  33.60487188  29.54446702  42.25595099  51.04543164  12.27901949
  51.93024482  35.04922358  29.53426338  28.9788533   24.95433607
  32.76541715  76.87534199  53.39443344  33.4973244   53.08513812
  43.59285383  15.83397831  23.68557025  20.51247307  33.17003836
  44.22549318  48.45784882  38.33853277  54.20870074  51.37941164
  29.84644455  28.91911943  50.97403785  43.93875402  24.52556514
  29.09960283  17.16639216  51.72214319  42.61659487  44.95632275
  27.08346     35.04969057  33.7962896   29.68568791  73.83735653
  50.66553226  54.55346635  24.50291805  25.58402878  43.02933679
  42.90979489  23.55393316  46.63173188  51.58771733  21.12076384
  19.13199968  18.62216344  36.91896865  53.9308189   57.92548156
  38.08814633  58.19606896  60.55973059  15.84117905  45.06940007
  60.93857025  32.40050739  41.8107966   34.4130455   44.17899915
 114.96049774  25.32944928  47.5187823   80.31452112  31.37769809
  23.65625319  45.93535564  80.78142688  28.83126345  44.05040892
  48.5080798   67.71434665  66.49351297  49.28690224  45.0144935
  30.91661427  34.22602638  48.18993844  43.14038479  54.63523836
  49.48316129  17.35251835  28.58484562  28.77091802  72.29581618
  47.06894895  34.34399777  38.76202785  29.24535446  34.45858812
  40.08359201  68.97709315  31.28255429  62.27601194  32.11372037
  35.85736025  42.97253597  38.80247294  50.21082895  31.02359124
  39.38774408  22.7771175   40.71241678  77.55610882  33.83809457
  16.24736298  56.3875824   44.04197783  41.67725925  34.72046488
  42.76966901  20.40301355  45.44521619  51.78887643  16.0901535
  45.8486639   56.87134664  30.08246264  16.16731323  80.66181635
  22.86081124  20.90368787  43.07797635  35.84959088  19.56076202
  46.55285369  33.62719035  26.42872744  30.7087691   52.95225814
  36.10711029  42.49629237  24.17457993]
Test abnormal scores: [48.97397152 46.35283531 42.86176291 ... 61.33584592 52.19299768
 36.15565919]
