Logging output to: /home/guest/Thesis/MotionCLIP_experiment/results/finetune/allSplits/fullContras/NTU1-120/anomaly_results_touching.txt
Loaded embeddings:
Z_train_normal: (3032, 512)
Z_test_normal: (758, 512)
Z_test_abnormal: (10587, 512)
Normal classes in training: [45 46 47 48]
class 45: n=758
class 46: n=758
class 47: n=758
class 48: n=758

AUROC : 0.7225
PR-AUC: 0.9678
Threshold (95.0th percentile of train-normal scores): 26.6022

Confusion Matrix:
[[  164   594]
 [  369 10218]]

Classification Report:
              precision    recall  f1-score   support

      normal       0.31      0.22      0.25       758
    abnormal       0.95      0.97      0.95     10587

    accuracy                           0.92     11345
   macro avg       0.63      0.59      0.60     11345
weighted avg       0.90      0.92      0.91     11345

Train normal scores:  [18.94562514 22.42691308 22.7851293  ... 25.55870338 25.51624305
 22.74237312]
Test normal scores:   [ 42.10050138  70.24807546  45.83884703  41.53654045  92.7214204
  27.76524515  28.58866674  98.96035064  92.34917224  25.68701755
  26.81611331  92.79797692  55.10487433  89.63779959  16.51451315
  30.46237734  29.5591714  126.49781323  53.56405021  81.28161966
  74.38966881  90.13582299  57.30973976  33.42307454  84.48117203
  38.34250701  53.23080968  35.48590066  24.17582675  21.58157494
  54.96254176  58.91625417  44.64119113  67.11959489  24.67344674
  35.44537949  49.41741072  66.53931747  48.97744172  41.5589233
  36.10959858  24.29237816  29.05770061 132.13351147  50.38619588
  21.35189051  39.51070639  28.6980676   40.94543366  99.17782999
  35.15566879  41.04141112  22.74271611  94.0340307   42.27631841
  44.61111921  54.19103227  33.95756581  59.6932141   73.53826279
  28.76951064  71.66531096  26.10184258  68.2815505   42.90860804
  71.47144322  26.68544195  27.37305874  24.11482564  41.99431954
  67.36888663  30.48587323  97.3114926   35.40035099  79.49407387
  98.34147055  14.44944513  28.74317925  49.15402506  60.96997333
  46.31913108  66.05398478  52.54575869  28.2264252   72.44516037
  15.67566885  42.4736126   51.7510694   17.90926565  44.15905918
  66.90554117  21.27711955  35.79403506  64.79347401  20.10333428
  77.68718867  39.10389297  48.47131627  43.05161145  70.09702869
  35.2077511   18.66103969  24.8852837   31.43315866  36.92637317
  39.05767059  40.56454915  23.05600487  40.01591259  59.08094614
  31.79203889  42.4188429   32.38662543  47.1102718   31.31689386
  25.16050733  48.09120231  25.2926443   37.87002039  29.67046599
  28.2251379   28.73326095  46.93394707  44.03235686  25.61859981
  31.74596015  31.73008711  32.89147482  24.39813057  10.59424879
  39.23755922  41.98476701  55.81547206  31.59689548  27.48677444
  59.86764356  77.20626091  36.77527321  24.90035407  32.13562006
 103.07198514  39.8969142   44.88858585  22.17189926  33.76727278
  26.53664101  23.05135714  46.6409467   47.640006    46.907417
  36.2355223   46.57254686  63.08019685  49.28733636  22.47662594
  40.22937916  49.44141879  58.51587139  35.29434095  14.50545859
  52.95134444  18.45495012  92.57659784  39.72493771  31.92401422
  17.24586288  76.2250361   25.69967832  28.07005329  23.14322409
  28.60585789  95.74500839  57.48039111  36.33425701  28.77842836
  36.72263626  49.76895103  56.01479836  27.12802154  36.91926849
  22.96146313  46.85458032  63.46993012  88.01436098  26.1381465
  76.5555281   25.73272434  20.18344308  42.27770634  25.02585024
  29.55737037  23.80593673  43.91485647  24.35962691  64.58645951
  54.28088296  43.43571557  21.57304103  37.86913895 111.18845976
  21.0095571   26.94096347  58.72065216  30.13594724  67.09657339
  20.57230998  36.11937609  72.05059989  57.21170206  26.77665066
  48.60623069  34.9691612   59.29838017  50.6263853   77.09053688
  60.07830113  52.72847269  31.47255137  27.64124503  46.38478063
  58.85278893  46.48752991  23.67200436  21.25515501  38.87772202
  19.16343392  29.74563643  67.37660368  22.06988514  21.17105626
  18.44738545  45.11106147  43.06651759  28.55271638  34.53664552
  53.15349655  22.32168021  33.79421691  87.66220123  23.34437295
  17.8639725   44.91247593 107.35983651  27.01104989  79.74173332
  37.59385363  72.32455519  26.0758532   60.19371127  56.93995247
  36.50978292  59.40659037  24.97009146  30.29704914  48.44197793
  17.89028211  23.83665481  40.24785726  19.09674351  37.64806648
  83.30716629 125.95833118  35.01131585  45.08950027  44.34051794
  40.74567734  72.27458899  52.9142973   55.74760798  56.31857437
  41.91965461  32.94132595  44.21598649  86.96814245  22.61553722
  53.56669803  78.72281094  22.90405097  45.67305854  25.28602264
  31.50971136 101.28968728  50.43247661  70.39215907  41.44764546
  49.8185623   42.91565175  68.73939923  35.43084966  56.9513251
  80.69140416  33.50917352  36.8040032   30.2143531   37.62762724
  60.99725808  35.23405042  21.22901612  48.18455248  37.64853904
  37.09017459  40.77798757  26.68438819  22.83333564  25.69505277
  21.19823594  41.7927561   53.40736894  35.67403756  95.65456705
  26.39784876  30.49744875  44.87454445  45.22368457  20.13640593
  23.49802381  39.12281478  50.37401558  39.4009861   34.54865744
  82.08786715  93.58768802  32.23651     17.80445378  48.86640803
  29.70419125  60.99019441  55.66846671  56.5108883   78.88531215
  77.11057967  43.10366191  23.06412884  77.18899995  65.34885261
  39.93649727  25.18499919  23.3878203   23.92785193  28.54757376
  17.39602031  69.95308867  27.04660875  39.39601028  38.79920928
  47.16824773  35.12167115  50.36189691  23.55076638  33.89007902
  30.11879811  27.89516608  66.04347094  49.32637958  44.49674598
  24.97780221  25.30328354  50.7462905   52.22859481  13.61598805
  25.53210108  51.91990071  69.37626269  35.54131153  46.9054193
  20.76841087  61.41545555  21.05262576  68.01324356  30.53430861
  58.38192752  62.24726095  13.82069643  86.74582839  22.2991051
  86.42825397  55.80518841  74.91861337  36.52470256  32.89825069
  43.97342705  21.98434064  20.97989452  56.5050445   59.56872458
  89.90643054  20.86843214  23.43623575  20.43185496  48.44872643
  96.07329237  78.75189525  59.63405505  75.57857195  26.75804107
  26.10915721  61.84377201  52.74564673  57.35315674  34.77644239
  53.94752896  31.60876461  15.69561846  52.80970904  54.03759534
  32.42803294  65.94598084  20.85408717  44.52482459  47.44924813
  27.66652069  60.42350878  45.7116227   40.5717466   61.51344572
  49.39653464  21.12223273  50.04469825  53.97441437  38.09488873
  25.27147398  47.09876509  41.83906486  39.10438348  25.01748989
  53.14308197  58.8768641   28.00081653  28.43473648  27.75523138
  77.251843    31.19053023  44.86270909  62.96612042  24.44464686
  22.81296939  40.86056206  36.06797551  45.71083628  26.23304526
  54.13789454  72.27926284  59.44987323  49.626421    16.73701926
 100.36736052  24.00538341  21.12326795  81.81647739  70.55479036
  52.47978786  47.12914537  35.51026763  32.80149057  30.89464429
  39.08199423  14.69464117  39.97212345  76.77859375  37.1981932
  67.19280567  22.19351287  23.5941016   21.627292    17.84154869
  61.29132796  60.28570737  25.87043789  19.98890003  37.66459192
  21.54315346  15.87757831  34.62414427  26.04800334  52.12324232
  60.68675655 101.73475338  12.18420598  40.14796137  58.38715984
  38.87284732  81.82056017  54.82571681  21.89467926  60.73918232
  22.09042612 116.05695602  71.31519783  47.45632443  28.63132828
  34.58414299  19.72690821  30.5146628   36.82263091  47.69110105
  51.2670554   57.9199718   57.00915576  31.69639236  48.42914945
  20.60529232  53.71915535  23.16641903  49.6707014   70.1792792
  26.78903432  50.27403792  31.907817    65.97589219  31.68582893
  62.01933846  18.19630325  28.80289995  51.4243296   17.35649037
  38.78775215  36.03462806  44.5194479   29.51573001  19.59309376
  58.05161608  19.03210705  67.77247949  23.79573834  20.29694614
  27.22202415  33.82693966  37.29750927  31.41765969 112.28744463
  42.96152959  88.36440158  85.30706445  22.61955431  36.79555957
  34.76874922  30.8658991   29.6713044   28.30867538  55.99601414
  41.85263923  63.89913531  32.57165351  23.59408849  17.77213349
  29.24573385 131.08314988  73.44607268  68.26631601  45.96129433
  65.7329606   23.19535866  37.16873894  85.43325946  67.44791551
  93.98105284  58.70759333  27.75424649  24.33571879  40.79373278
  50.65901943  92.30730737  30.38050115  32.24425288  41.88103152
  63.80167797  24.8516113   36.23873818  19.68896655  69.21883523
  17.09930852  55.08199502  28.64026231  39.53555157  42.27302567
  64.08932612  24.09871314  27.45591209  37.70703176  75.47813535
  68.16846476  62.18430927  29.872723    62.14768128  41.32714858
  55.62067259  35.79344359  61.09937368  27.94300947  38.25323105
  60.64505739  19.72846735  48.99971171  64.03190491  41.42468729
  17.10864501 102.50493029  43.34601146  68.93852636  22.31985868
  65.72856417  41.54359877  36.55678812  60.47826581  31.75238577
  98.49011187  32.15817285  81.40000896  32.48062411  18.19874985
  40.33708592  78.59727289  39.48138304  66.24477175  35.79369894
  23.07490113  23.61971025  45.03758709  32.06528154  41.79223461
  35.8802541   37.30109615  30.03200813  61.28177753  30.24835126
  39.74297285  18.51871174  24.29898608  27.41087115  24.39302546
  17.23181202  88.45636047  15.40977624  45.12641582  31.45611065
  85.86792075  30.27172498  36.08016007  70.70052081  88.51314303
  59.80812964  52.15234696  36.82233488  42.21165252  66.25102938
  24.78482161  79.21684032  28.50278636  37.41383636 110.72369884
  18.53307514 136.39239972  24.38775391  61.83547563  21.72682648
  31.83643334  51.00785144  35.82996515  79.36806146  31.40082013
  20.94895003  72.33303283  62.86242953  64.37748896  23.02666663
  31.3856438   46.87605458  40.5435938   30.9191698   28.86053318
  44.09532841  33.02124535  53.76693652  84.95272687  24.38218702
  31.65199925  12.98491395  93.89555612  25.37525322  36.4300825
  43.5419     151.70108652  89.57459997 102.28540033  81.94953417
  42.44405282  39.10083569  38.36584448  26.50360172  44.32138842
  32.28028382  19.41391171  56.31206076  31.37858409 122.52284534
  27.06631681  22.91038272  45.80117142  52.7911289   78.85971399
  44.20641679  47.22962     31.72379656  29.85283743  29.5108664
  82.21977101  60.95038587  40.33981048  44.76751464  28.45490209
  30.63425071  57.55346968  23.99436322  50.9874298   28.8250012
 110.39892069  23.80837346  75.66510954  41.33294022  32.66343977
  52.67325083  12.64181713  79.45251899  51.06574314  61.70938089
  35.79703591  55.935221    49.84860386  16.79035374  73.77472926
  12.85529133  19.5671699   66.49328644  25.681888    25.56323149
 104.15277327  21.63370698  60.00450978  28.62885307  92.11176088
  95.46632159  26.89687428  73.19022707  80.11778615  45.97073192
  32.12233753  28.37660011  16.47240631  52.26387619  18.32514096
  65.49931698  54.76800108  39.60918409  56.73092501  45.47184778
  82.79537777  33.54190603  65.03661027]
Test abnormal scores: [90.10427859 61.90405117 92.07483139 ... 42.70535291 99.88442053
 54.26856863]
