Logging output to: /home/guest/Thesis/MotionCLIP_experiment/results/finetune/allSplits/fullContras/NTU1-120/anomaly_results_random7.txt
Loaded embeddings:
Z_train_normal: (3023, 512)
Z_test_normal: (756, 512)
Z_test_abnormal: (10589, 512)
Normal classes in training: [ 6 14 19 40]
class 6: n=755
class 14: n=756
class 19: n=754
class 40: n=758

AUROC : 0.8461
PR-AUC: 0.9843
Threshold (95.0th percentile of train-normal scores): 26.7748

Confusion Matrix:
[[  174   582]
 [  128 10461]]

Classification Report:
              precision    recall  f1-score   support

      normal       0.58      0.23      0.33       756
    abnormal       0.95      0.99      0.97     10589

    accuracy                           0.94     11345
   macro avg       0.76      0.61      0.65     11345
weighted avg       0.92      0.94      0.92     11345

Train normal scores:  [20.65387566 16.50359024 23.4637735  ... 23.21608177 26.53240828
 26.87823981]
Test normal scores:   [ 65.72409036  43.8660856  106.5520971   63.42392993  35.19928598
  60.53226579  29.72061231  41.94098238  86.67171378  69.97813202
  54.52413579  21.40248398  46.36050364  30.91437381  51.0984569
  36.9228419   28.19945665  33.30448516  25.26401959  62.05041671
  88.32754769 113.88894774  18.86231538  42.98454885  25.92719703
  36.90082314  34.94934234  30.05605714  41.83224337  46.89518458
  72.54826745  24.44269015  42.24076903  30.2571464   41.80686484
  52.57677678  66.6551901   36.25751154  16.13867804  25.42293982
  61.55608967  45.59025703  33.37177128  45.31019382  89.51788153
  22.89485932  30.63863444  32.94064464  50.28236103  31.49126743
  20.78764721  48.06601246  50.28027045 139.9084584   37.25843741
  30.70682901  40.68965391  21.7500242   12.54770472  27.41858077
  32.37694592  22.4220997   72.45110904  51.42683075  89.35609109
  54.53990517  49.17727761  54.87286002  25.57741227  49.66725239
  33.04891165  40.60426155  19.7108893   68.51975232  76.4738081
  26.90322529  30.34853292  99.3127771   31.38676368  94.79045126
  58.96312965  48.69844945  85.01833517  35.03764279  35.7290936
  28.89483789  19.28659313  53.60386866  16.05936048  23.05998571
  20.54480395  34.53709633  43.89089876  31.73508631  44.11344017
  58.35648311  21.71602735  27.19881117  46.31555968  25.33537273
  69.28585942  19.39532274  41.00307592  44.19273105  15.72285487
  45.01382702  35.10980907  45.00715926  71.87132442  46.2993072
  57.76557114  26.52680698 173.377875    24.32640573  35.38561058
  69.50411821  48.44540906 110.73485769  33.11504021  18.22378688
  22.2804198   85.27276432  27.3825847   44.71737025  33.89463581
  34.70051456  51.10440643  52.02335768  20.33548525  33.31192721
  51.52645543  43.57805205  49.61245369  66.94107656  63.88711188
  16.50962796  56.0674246   19.04417498  27.93079823  54.22984519
  92.71592177  18.95655842  18.64409275  31.66506054  46.55861202
  26.21306746  23.80679089  43.59765397  30.04927269  43.23895134
  33.22506044  33.27174719  57.5405413   75.63886201  24.47091551
  80.96509702  41.80862285  61.1314778   59.66379415  56.45183541
  19.0243471   34.10875485  53.93750712  87.75757816  90.10771521
  67.74627518  46.02846719  42.14532362  44.28384719  38.8242402
  25.20855995  69.07730888  79.67255646  32.67394651  54.93376965
  57.47226701  70.583073    26.77651596  35.80871794  23.85217409
  53.90676963  32.95594833  29.11645174  41.81281986  44.68263989
  80.38929649  24.12725048  21.49994512  69.27275997  47.46782407
  27.64261166  66.93520228  46.423047    18.94704013  35.98951484
  15.20367873  37.96272072  15.91107763  65.11995685  87.32495661
  20.94647917  22.80507561  26.13863871  53.05184565  96.1412127
  35.0230758   43.16697764  60.31040781  99.59449183  18.04657263
  78.06308814  45.95860625  45.46602005  61.81269102  13.86017708
  83.00400211  20.48834772  96.28628482  19.53590669  28.86314031
  22.30601835  55.6230493   26.41586275  25.7394985   65.0986171
 132.74260618 115.23528344  30.27286935  29.61847015  30.48388425
  48.75656095 112.56362447  53.61562691  37.11991748  46.64734857
  45.08156342  45.44411787  13.60149198  39.09729492  19.63718848
  14.7215683   31.98021894  33.01325915  19.19387423  22.0596068
  86.72381741  53.413169    42.47461882  40.15626062  23.66404705
  63.48796523  78.14066626  21.46609953  30.39656636  43.19902573
  37.44578278  44.5816817  139.91994023  56.82354886  25.74082309
  85.85890178  93.24442658  16.74808773  37.59220396  78.31976482
  20.9625666   30.99279539  19.49916693  54.39330405  34.61044552
  41.95763351  18.28121017  51.49177578  32.59489191  19.8355548
  98.65258989  29.48980233  23.18687433  34.38840032  37.31971587
  20.24291881 101.16706848  30.04711941  44.68786353  44.06557976
  36.70910239  96.5388539   43.00182726  60.1098821   23.04719554
  35.2479074  106.8010043   68.27736731  39.24852695  27.42332778
  65.37144376  77.34514789  23.35775422  18.20007333  19.36328224
  43.17227086  49.91488559  60.69450789  74.20173983  45.91250708
  20.03255455  37.74357953  21.06743264  50.97862582  50.79997901
  23.04056628  36.62603855  42.68115458  33.85638358  81.32639182
  25.86778679  87.35539691  55.43742512  87.14350423 138.65839535
  28.43631218  25.17589987  20.91522823  59.50284953  32.32307227
  36.7944855   37.25094966  43.6734909   96.54171203  55.01013236
  30.34315666  20.20224351  53.31790621 146.11737271  44.06878202
  43.5929227   33.5656327   26.89683562  99.31830256  48.98195193
  80.11025116  30.12668235  27.35047171  29.45285001  16.41301518
  65.73204349 148.73057908 122.99252674 141.3243209   48.06320156
  40.30168891  55.20601377  37.23049841  77.72844152  17.96445476
  28.9480025   52.4037671   75.77019052  50.70750656  20.70007331
  64.83253431  27.40517985  40.95463942  90.29982719  82.27142253
  31.06050398  26.75489416  43.6146365   23.8839673   59.27146061
  26.23250993  39.16594035  62.14706573 131.67102978  24.96487305
  63.22106124 148.28938783  24.27906233  33.95042265  46.68064042
  31.37515701  29.03568582  38.18652622  48.56835348  49.54230374
  27.32257715  33.60761822  19.37882896  81.35315413  28.69441806
  40.06441606  26.42766399  39.78378705  39.72293132  27.25493517
  39.73519898  40.74599404  29.28254453  34.88124572 102.78353076
  68.60622842  20.34321555  37.37961007  23.17359028  22.5766196
  47.74847304  22.52618334  25.5722034   36.17082063  20.4842274
  94.85442579  37.57167776  77.9388178   44.59572895  21.23792662
  57.04450249  43.0960094   45.38397132  34.57220457  63.36447992
  61.2748297   31.2778977   21.54006813  20.64186292 102.54884021
 106.15405449  22.48996683 104.13143909  31.28708335  24.12332687
  18.67261388  32.316108   100.70077158  15.91090459  29.41286841
  25.13127925  15.1859034  125.44763493  52.41299478  32.02182823
  64.33209774  31.22223714  57.08650971  60.33236878  55.70270134
  88.84189613  44.89951646  22.57406825  20.39056867  27.97784262
  25.6663466   28.9972951   26.97680721  44.80895207  80.71233807
  25.03050434  69.0682073   63.08298384  24.76168504  40.32715253
  40.31225803  48.79047408 104.44373545  40.41773435  25.33611081
  22.14841441  52.83516559  48.94328057  95.7347526   85.58236768
  36.42192463  49.89196256  27.32202375  27.07205212 173.35774295
  29.5967841   88.91928655  45.86299075  55.01022676  66.80997329
  32.95773965  19.406289    29.5482057   14.67408236  24.94834871
  24.41346843  50.74513689  26.41321289  26.96770996  51.40779592
  33.9756829   54.57303935  39.15905204  62.20202949  21.71539385
  41.5985098   61.77003899  65.05165416  23.20045891  23.60396319
  30.442235    32.34792672  27.257592    37.10854097  27.42960205
  90.19608696  45.03053143  31.18603874  26.64246149  24.69988275
  41.7327587   26.19980201  92.413684    20.32063688  59.04692651
  73.98285617  35.14077029  23.77381339  29.55841771  29.33585269
  51.97024158 132.21655384 130.43517311  42.87048163  28.86615236
  36.01323959  19.62365106 116.30188043  22.44926594  30.00072123
  84.16366722 115.32773194  26.13813289  77.61740315  34.09264233
  70.53640619  81.61615529  51.83617219  74.61343057  16.78680278
  67.00486621  34.76747003  50.1322112   80.40909794  42.60667657
  21.18365161  37.50552127  33.02474895  16.35404664  37.92067419
  21.30769357  54.01294972  16.46175575  52.72905368  22.30775359
  23.9060739   33.87251181  78.05152782  24.10056378  53.95812159
  22.28419137  41.84641765  50.30616505  37.95096473 139.92253372
  53.70800712  24.37206727  46.38135484  33.49563539  67.6630234
  34.54725852  60.07841615  30.24159872 101.97713304  65.38399665
  45.35516534  38.85759928  88.69901165  30.22006178  99.36171098
  38.21031159  35.51002892  24.80769223  64.50810163  64.32513506
  51.26054994  22.20223519  43.3197583   26.27424882  26.43933585
  26.95292368  37.78914272  39.5692773   30.75354732  35.0353749
  47.81245704  41.13415339  15.6362564   37.97734912  61.798635
  56.25624356  52.01217928  41.19525893  34.07120143  34.02365657
  25.23827443  62.49601843  28.36863894  26.86930253  16.72025619
  22.7664177   21.87165862  69.8225491   44.43383873  17.60193005
  42.92522161  88.03943424  46.6976746   26.32531607  27.52116548
  31.43349894  53.87826484  58.83608308  43.4391266   35.11141259
  28.57376641  26.74898948  32.07363918  24.49431771  49.20897912
  35.14011388  29.26154041  25.74639389  73.50001566  47.65272472
  67.41619877  31.75736592 132.05699918 124.49001334  22.19702716
  34.9075085   21.86708582  78.52419295  31.21302639  36.30325163
  65.52385834  48.75484706  21.76672321  38.16742234  53.89445444
  58.27222602  38.14528154 107.06164446  47.40524671  45.89142269
  25.24310046  75.32074761  67.79245924  54.25081053  29.9619284
  27.88721185  42.72521065  44.72976194 104.48286404  50.63005733
  73.46753033  31.98235013  32.71414645  22.00861608  64.68957823
  57.67254264  29.15315787  81.16930665  19.6953413   42.4623851
  24.22006847  40.13529213  32.96330447  40.5236698  125.59478986
  41.32748986  43.09375872  64.42514947  45.71827732  51.65537465
 122.48665156  25.85485304  42.46860142  24.606597    70.25837888
  66.71836447  49.83593979  97.78895404 115.16070599  68.11147479
  45.39883439  40.53984908  19.3178325   42.29140594  53.52261585
  25.30312066  36.23119134  51.81463415  31.04160974  60.69614548
 103.35474715  27.03409618  35.06558071  41.70254092  30.08007713
  21.42312802  61.07849647  39.20586663  28.1259056   24.59870104
  70.02504897  41.98284979  37.32719485  26.3368651   22.50466325
  33.5270647   56.08709879  35.46164254  40.81480304  34.93554416
  36.87268513  25.25640361  77.22176622  20.44659859  72.07489501
  39.01126086  22.8726061   54.98581732  30.04294084  37.01638834
  28.86796462  65.55625695  16.42857352  18.12859227 112.99218688
  50.01637286  22.27647249  94.46593677 114.85747642  46.38648708
  39.05104236  93.36202697  57.98514916  49.52250229  25.12827662
  21.24132426  45.84663431  25.11927447  39.87357113  70.61569485
  27.48969073]
Test abnormal scores: [ 96.61146489 120.28953326  86.74685007 ...  71.50654504 157.81078466
 132.64143229]
