Logging output to: /home/guest/Thesis/MotionCLIP_experiment/results/finetune/allSplits/fullContras/NTU1-120/anomaly_results_arms.txt
Loaded embeddings:
Z_train_normal: (3032, 512)
Z_test_normal: (759, 512)
Z_test_abnormal: (10586, 512)
Normal classes in training: [32 39 40 41]
class 32: n=758
class 39: n=758
class 40: n=758
class 41: n=758

AUROC : 0.7507
PR-AUC: 0.9685
Threshold (95.0th percentile of train-normal scores): 26.9050

Confusion Matrix:
[[  216   543]
 [  367 10219]]

Classification Report:
              precision    recall  f1-score   support

      normal       0.37      0.28      0.32       759
    abnormal       0.95      0.97      0.96     10586

    accuracy                           0.92     11345
   macro avg       0.66      0.62      0.64     11345
weighted avg       0.91      0.92      0.91     11345

Train normal scores:  [20.91617898 20.65387566 16.50359024 ... 20.01696097 15.04429697
 23.50961071]
Test normal scores:   [ 60.91214256  60.75794499  35.19928598  64.13160617  21.51377679
  39.69288859  46.94864362  38.66820815  64.38767752  97.87101709
  59.60313334  74.58619843  44.47712608  57.93240641 114.21713319
  32.93454242  55.95299125  33.30448516  26.13770469  29.41022154
  59.91804759  61.38424148  18.09137211  35.70024609  42.98454885
  15.01389759  25.92719703  14.9937216   19.28842581  41.3310435
  34.95965405  68.76150329  64.13143182  49.38256661  28.16688024
 171.67889646  33.17695689  79.45229565  54.50974222  16.13867804
  85.90150241  66.46891699  90.19537603  44.85097839  67.69167208
  47.41291907  44.44663248  36.99944097  28.61951962  19.48315289
  33.76520382  30.70682901  46.97108657  28.44050134  36.09054953
  21.7500242   62.95327526  90.0100736   51.42683075  40.34524525
  88.9110888   21.50395727 104.7332782   23.9648374  112.05056114
  14.66221954  37.35588468  25.57741227  38.58617674  77.4652708
  68.51975232  93.26743376  57.32281939  94.79045126  62.53583073
  24.43048725  29.97624611  20.95692732  34.78334282  85.79449
  57.27841492  71.91549396  53.60386866  20.82930057  19.08419881
  71.08856816  31.73508631  85.10863795  58.01087211  30.04753982
  92.49302968 135.91540311  53.78252609  84.01126428  28.63747478
  13.33087127  56.36218679  52.52569844  56.54959717  19.39532274
  15.72285487  28.56035439  42.80464488  26.52680698  35.38561058
  29.3867907   57.4008688  111.10176347  20.37096219  49.0624441
  71.07100933  52.11562177  23.04430012  84.26312999  18.22378688
  16.36383778  15.12769747  60.85230781  19.20447047  40.927557
  38.10889707  20.33548525  49.1646948   64.39806092  74.68417245
  33.31192721  12.92209623  49.61245369  15.20920693 193.69385259
  71.21105233  19.19526657  24.49467134  14.34112611  18.72236956
  26.51451781  27.93079823  18.95655842  18.64409275  24.61948065
  91.94500066  20.52394364  33.22506044  58.12145584  17.07751478
  57.5405413   66.81624811  22.43641701  75.63886201 139.37972094
  48.69646022  19.24552341  80.96509702  59.66379415  23.03978406
  31.415285    42.97006439  22.92238272  97.98110663  25.20855995
  47.24070621  53.75606261  41.15803781  32.67394651 116.41552332
  32.24840835  82.02672178  19.65758745  32.26106313  23.85217409
  31.09892453  15.94802172  33.75992315  45.5766379   62.32192503
  20.03427824  22.40140312  66.81729376  22.55766855  21.90871169
  26.99236117  21.11192407  58.09444339  92.7893647   34.24607077
  21.49994512  51.41235405  69.27275997  34.04297514  47.22887861
  16.21988795  16.97132074  54.03942305  18.94704013  35.98951484
  15.20367873  44.09119983  36.26653109  82.50597682  63.55634685
  18.4000314   34.13705773  54.84358763  69.65811534  27.82689427
  24.75332894  99.59449183  18.04657263  49.51434717  57.16003632
  20.9720651   95.66099132  61.81269102  20.48834772  25.10861374
  34.11541075  61.11403051  28.86314031  22.30601835  26.41586275
  31.07928804  25.7394985   20.36418847  27.4102121  116.95228059
  17.10573023  63.499174    94.30261518  52.56031423  31.15937553
  25.15329498  44.22850221  19.2337694   28.4932307   19.01847105
  45.44411787  84.51323239  13.60149198 110.99151001  15.42845368
  88.59659644  14.7215683   33.01325915  22.0596068   27.22015911
  18.39364707  44.92747508  31.63532922  64.54186065  99.84453044
  26.04395388  21.46609953  21.13642501  58.28899186  93.23939453
  28.26128619  21.63864006  56.5119968  157.63982508  61.79049576
  56.82354886  54.64932953  77.26336203  80.38737906  33.28343387
  37.40282492  43.56317273  54.39330405  39.80312599  63.73946735
  19.8355548   17.98211862  21.46078384  23.77648929  34.38840032
  47.06582456  44.68786353  23.03659348  91.90170289  26.87430505
  74.46637277  21.20168074  51.19542617  36.80013744  18.15865365
  16.94851008  19.63668529  60.92271617  14.54306092  57.59428588
  23.35775422  46.56772799  48.19068876  19.36328224  47.87703871
  60.69450789  84.52997002  19.33854894  21.06743264 137.88713083
  36.85421239  32.77501017  60.36174657  36.62603855  42.68115458
  60.18807718 100.65610379  31.4383564   62.4396979   80.76795143
  64.6818364   38.84467685  20.91522823  77.47799001  33.29534115
  80.62832257  17.91092648  55.01013236  26.50092416 109.33923598
  27.57053861  98.1524276   48.98195193  46.83617483  31.99314008
  16.32623625 145.95317601  37.59179512  14.42683135  24.5509893
 102.156018   110.68308975  85.42871443  34.84833329  68.33772725
  68.56534649  37.01090793  55.20601377  98.86466314  32.93844769
  46.07036525  60.88266962  71.84708482  18.96447547  57.39396066
  45.3953913   45.8476244   75.77019052  62.2922444   20.70007331
  72.7657383   43.81456665  93.23183467  51.89976583  26.75489416
  23.8839673   70.90326152  26.23250993  62.14706573  86.49658397
  65.65400979  53.18674062  26.18888807  42.50359866  40.14800538
  46.68064042  76.18345101  71.57925633  99.57659755 111.49267801
  91.4703365   22.65083723  40.31514233  30.45291696  67.74408565
  81.35315413  58.05382236  18.36041765 135.94570649  29.90238079
  67.61993163  42.4387884   34.88124572 102.78353076  20.34321555
  20.23666018  25.35318466  87.62965629  30.54871955  22.52618334
  37.57167776  77.50027069  39.79749693  21.54039197  46.89842903
  24.56413898  22.25502904  34.57220457  54.16131674  61.2748297
  51.19669937  35.88183861  26.06895971  21.54006813  56.18030452
  82.82359196  92.80901119  22.48996683  41.78895397  54.94519934
  20.53359974  19.87398543  18.37242932  22.50489461  15.91090459
  29.41286841  17.27833837  41.22993492  33.18373165  57.45328783
  32.02182823 129.26912299 106.43252601  31.93581305  25.77276666
  50.13614586  66.07378694  25.88284441  24.12666269  37.74976583
  22.79949404  24.21287387  25.6663466   38.6248753   13.4422167
  44.02785116  24.23210269 102.76767509  44.80895207  25.03050434
  60.53472446 109.16824609  34.71549908  18.66870068  40.35168061
  40.32715253  36.63952454  18.6173557   80.13129915 104.44373545
  96.87933832  69.10800223  18.06869343  82.19188106  20.03370736
  46.65458734 143.29574615 103.14365494  43.70044661  89.80364067
  35.73917813  85.58236768  21.95985881  36.84673564  42.47023799
 119.01065111  31.78939755  29.5967841   88.91928655  37.70478471
  15.04500689  18.66533999  29.45717727  36.84387079  56.74483371
  32.95773965  42.91254255  35.50715183  19.406289    29.5482057
  14.67408236  24.94834871  24.41346843  26.41321289  26.96770996
  32.86372285  41.58344345  27.15520519  62.20202949  48.61298525
  40.99476934  16.74438335  65.05165416  23.60396319  21.83555815
  20.68314053  22.34852835  38.35900206  22.72503619  29.68548487
  19.79326651  58.91951622  24.69988275  92.413684    31.59989669
  50.46330132  36.09244305  20.32063688  42.51006746  62.89145039
  73.98285617  44.3025965   16.11910839  29.75046878  48.38562535
  58.07934698  58.77733255  19.41228646  28.33427964  50.39072519
  83.23859671  31.17052347  27.56307001  25.51543612  39.87760085
  25.48263274  22.44926594  60.60161584  84.16366722  60.1627801
  34.09264233  34.48974829  53.05621387  82.61717442  68.46706897
  88.03423362  16.78680278  56.05585494  71.360366    21.34633447
  64.19854794  55.86530287  26.98197441  35.78410829  44.43041699
  20.49639605  25.06672027  85.94868028  91.63000695  28.77056084
  59.55657333  22.30775359  23.9060739   66.24185875  24.10056378
  61.42576014  22.28419137  21.77249363  23.88194387  28.60237231
  78.91818942  25.54183117  34.23979769  67.6630234   60.07841615
  22.02450576  18.93835391  30.24159872  29.31827013  70.07046694
  27.78749896  57.3802981   16.98749135  38.85759928  37.30947409
  39.63361186  30.22006178  46.8653645   11.31041225  93.7598756
  18.20197322  40.821084    57.91796128  26.88611755  51.51341013
  60.07679791  34.92138644  98.67382911  26.43933585  38.99172297
  21.62697716  37.78914272  30.75354732  99.66769989  87.60421674
  41.13415339  19.42892131  37.97734912  86.92143262  33.67542291
  38.41687665  53.85677916  69.98669333  59.97003948  82.32093028
  34.096854    25.72809802  21.87165862  20.63821949  88.03943424
  52.18550659  21.50951552  40.34675223 161.8297747   35.98852436
  21.00801648  38.79655107  28.11837858  83.26027159  24.49431771
  32.61513029  35.14011388  61.64412357  60.69503163  66.33166471
  90.80223918  69.11786739  43.15015517 132.05699918  23.09877737
  37.60979672  62.85789558  29.6595355   75.01189242  28.83348534
  35.14819904  16.09535771  22.19702716  34.9075085   89.24695335
  76.26115524  21.76672321 146.55512708  27.3981326   21.058921
  44.92997676  76.31108062  47.79461801  13.59095165  19.42573078
  57.51208542  25.67955394  39.07168668  28.81234121  57.8536953
  63.1047225   40.42213869  46.00502486  66.3796071   83.79731922
  90.86506072  45.1028035   26.0001356   64.30995081  15.88181529
  22.3959937   53.0806675   43.13930545  53.74115677  32.71414645
  31.35571839  57.02480005  54.00064288  25.0485249   78.56010856
  18.29423889 150.18955099  36.38808394  32.34633411  24.22006847
  18.41683702  64.42514947  27.64976186  96.00310942  49.82740943
  37.94529959  28.33725758  45.05716834  24.606597    55.49330022
  39.58475503  23.9636908   49.83593979  37.49877679  68.11147479
  43.80076788  29.94201352  33.91109323  38.44655983  52.45154618
  19.3178325   31.34915749  25.30312066 137.8449714   44.12023154
  31.04160974  48.09111845  27.03409618  99.12456451  46.27131103
  53.67031136  40.52222899  28.01042503  44.21396053  71.44570431
  33.44447876  47.92861899  26.3080938   51.84572727  77.24393004
  57.95218045  27.0633923   43.42838106  80.00638732  77.60605544
  89.26699657  34.72713196  20.44659859  21.23906109  63.39622499
  16.34815132  28.86796462  73.26066168  65.48296628  84.19926917
  18.22421454  28.60720853 103.98537807  39.71713436 109.05517355
  91.35143371  73.99581346  47.26521808  44.94082292  81.54553979
  39.77316185  32.19912534  14.66681223  24.40586637  40.02828027
  25.12827662 116.83497474  31.77422569  58.34748071  63.7647243
 120.17699842  24.13443679  46.99371909  76.79426487]
Test abnormal scores: [ 48.98739611  66.14377044  89.25640372 ...  40.19626043 113.59866193
  89.71683022]
