Logging output to: /home/guest/Thesis/MotionCLIP_experiment/results/finetune/allSplits/fullContras/NTU1-120/anomaly_results_random3.txt
Loaded embeddings:
Z_train_normal: (3023, 512)
Z_test_normal: (755, 512)
Z_test_abnormal: (10590, 512)
Normal classes in training: [ 4 14 15 43]
class 4: n=753
class 14: n=756
class 15: n=756
class 43: n=758

AUROC : 0.8093
PR-AUC: 0.9795
Threshold (95.0th percentile of train-normal scores): 26.4958

Confusion Matrix:
[[  125   630]
 [  260 10330]]

Classification Report:
              precision    recall  f1-score   support

      normal       0.32      0.17      0.22       755
    abnormal       0.94      0.98      0.96     10590

    accuracy                           0.92     11345
   macro avg       0.63      0.57      0.59     11345
weighted avg       0.90      0.92      0.91     11345

Train normal scores:  [26.68278324 27.29528888 23.4637735  ... 24.43932008 21.68544465
 26.12599157]
Test normal scores:   [ 65.72409036  81.16013057  63.42392993  25.56452921 102.13745734
  66.66263719  46.54774643  41.98398687  33.82531806  46.4711638
  51.0984569   28.19945665  35.98306842  27.58955043  35.73591113
  36.00621028  23.51268765  29.36286796 104.86701507  29.27047663
  44.29272667  36.90082314  34.94934234  30.05605714  83.02841245
  24.69229958  46.89518458  56.25429487  42.24076903  50.57858968
  33.37564275  45.00818691  30.2571464   23.41324484  25.33699232
  36.43596942  36.25751154  25.42293982  32.14423713  41.16447291
  33.37177128  41.35542248  30.63863444  24.84422888  62.05988977
  39.58415197  31.49126743  52.21463817  59.01195731  37.69975765
  54.14882062  27.93068698  26.81055924  50.7595516   84.53160388
  81.52328496  22.92941175  48.79426248  20.89634746  45.72840772
  27.41858077  46.6117422   32.00473743  48.05752646  63.41459396
  31.62589097  93.92293345  49.11915759  31.39644902  46.2185495
  51.63485741  40.60426155  72.38529853  75.64258528  53.31698116
  72.00004727  39.42543916  34.94016737  46.99699895  26.45412696
  51.88673598  54.11141583  48.69844945  35.03764279  68.77096661
  33.34314724  27.64972049 152.89655112  53.20549647  29.75018469
  51.38114251  22.5305428   47.39609884  30.10449183  30.24954482
  23.05998571  37.61702463  21.27660741  30.98993206  26.59696268
  32.17769589  25.97290383  44.11344017 130.74064346  41.98427419
  34.03209958  29.2187469   89.61433582  32.24691206  36.21563349
  33.3659093   41.46504204  24.6237861   34.96359051  25.33537273
  62.99053677  41.00307592  44.19273105  38.93124253  42.38895404
  35.10980907  20.99881857  49.57877993  24.32640573  48.44540906
  28.09386781  52.97959135  19.94399607  32.82894183  21.65426836
  75.5513994   85.27276432  24.74402385  27.3825847   44.71737025
  29.64101345  34.70051456  48.12326355  49.8653464   51.88448257
  24.99857854  42.2743884   46.32597336  89.03584112  42.8651528
  38.84458763  43.57805205  23.53487351  16.83222156  42.85159008
  54.11698021  23.33772983  24.4676519   56.0674246   38.09762124
  19.74254245  20.24183719  24.86474643  23.69634962  33.86039405
  25.80389525  54.22984519  34.67685709  27.07311111  85.1782621
  50.50521046  43.18767679  25.15406725  65.1473897   59.20701851
  26.21306746  49.50862972  43.59765397  86.55450914  75.11468326
  35.23521358  28.51509621  17.21455653  56.49272444  42.41273183
  41.80862285  31.12067002  47.39552703 123.85410124  41.83741301
  56.45183541  49.10297604  83.84580332  22.10775215  23.25040828
  21.07344068  23.96923828  65.49452712  36.74985737  52.40284369
  45.38144183  40.34367938  32.10936482  26.13706869  69.07730888
  79.67255646  24.47191691  52.18491399  23.71761071  29.11645174
  32.52427689  41.32786677  31.06238214  22.35428602  69.96141103
  21.94302321  84.40679093  21.9267392   27.44242347  18.11062763
  43.93902873  30.39572265  47.46782407  48.09256248  61.33877094
  33.60708695  39.72956484  37.92407468  22.80507561  62.45978846
  55.68466281  31.94292234  35.0230758   43.16697764  54.90062279
  37.34028784  32.07274734  33.87361894  77.26825784  40.10596616
  19.73911318  45.46602005  47.46171913  54.5651478   44.3312937
  71.42166288  64.25843641  26.59025108  24.61909679  47.09163702
  27.73581001  20.85697647  68.55690015  57.3106775  102.06521914
  30.27286935  30.48388425  43.28502684  57.40089662  46.64734857
  28.56435909  27.15279847  43.54109394  26.7140023   41.92093767
  34.82588557  54.71951857  19.19387423  19.51419783  42.72371326
  31.72919072  33.52863959  28.3125049   42.47461882  56.1996364
  26.42032415  24.93576908  36.04525369  63.48796523  26.72545931
  38.50003386  22.38596661  29.88181382  44.5816817   80.19027545
  34.34892265  30.41524599  28.04020997  47.15139023  28.05050429
  45.93602481  42.54463748  54.69675354  20.9625666   30.99279539
  19.42750635  16.09792978  82.23827706  55.93021547  66.66308561
  35.56406596  38.27527382  24.25071103  37.31971587  64.28050378
  95.45157607  30.04711941  44.06557976  50.99837246  32.28902069
  28.47618343  38.49529108  37.81773023  43.00182726  23.00203341
  77.2059923   32.06628115  49.58857079  32.92839655 102.77872954
  52.07883927  21.53795373  17.83786408  39.24852695  41.41740214
  26.47026059  33.12578255  27.42332778  88.41944977  38.44432816
  26.79066933  54.4078988   41.45676915  18.20007333  41.8771228
  61.23511633  27.53617407  49.91488559  43.70076651  56.59728895
  37.74357953  46.50256017  23.04056628 101.78747401  24.48389517
  36.89600736  58.58763183  25.86778679  41.28400809  42.86820554
  37.86013875  19.85894692  62.16802606  25.37857048  87.14350423
  40.02288488  38.00775021  25.17589987  51.00077467  32.32307227
  36.7944855   45.5450765   43.6734909  109.23511052  75.93872116
  21.83439681  38.31189768  35.82576257  30.34315666  20.40307701
  45.35393625 158.08402076  26.89683562  42.60607591  37.41288433
  71.26941388  34.58970406  30.12668235  36.59028327  27.35047171
  36.61587598  35.12953018  44.69406921  48.06320156  40.30168891
  88.45174272  50.97812095  97.44656145  47.11989416  17.66421915
  19.59094252  46.09671758  55.39357269  34.72850414  45.54391691
  38.44710273 151.82870266  26.7781471   50.70750656  39.8948325
 143.12005663  56.34312589  32.06221811  40.95463942  19.8899707
  32.50621536  72.69229829  37.46093253  73.55394611  31.06050398
  38.83102547  69.0606389   48.82625929  37.77658948  29.03568582
  37.50247214  48.56835348  52.99144055  32.02941559  38.71238886
  33.60761822  34.57071158  36.91922832  40.30985072  28.69441806
  51.9688716   40.06441606  39.78378705  41.02477173  33.42682192
  27.06325086  47.13315669  24.10944528  27.25493517  42.08467614
  35.48648488  58.90739361  37.48319179  37.71860356 107.54377358
  39.60892881  28.18222414  71.92036476  35.36741055  20.83490781
  77.17573204  48.4215718   21.23792662  26.07494841  59.87965233
  36.36640342  20.64186292  42.63959367  31.14443168  32.90985739
  27.6527534   30.30102386  28.8665724   29.15565634  83.66237267
  79.57737104  80.86418706  56.12069443  30.7945271   23.52432126
  31.22475334  27.12803665  27.06303167  52.41299478  31.22223714
  57.08650971 104.00011948  49.46524031  49.56705452  88.84189613
  45.74654121  21.78777775  18.03489817  21.99472391  41.16678366
  26.07341887  25.57408182  31.34529759  29.69650357  26.97680721
  55.26868285  33.3544118   28.92348803  36.37310549  41.59559119
 123.63747821  24.76168504  56.90989545 113.0164857   48.79047408
  13.59180292  57.98993842  25.33611081  24.30172396  17.19677678
  65.37143236  34.40794094  52.83516559  15.33706453  35.23568002
  54.57127289  36.28844246  49.89196256  40.76928379  27.07205212
  74.40341471  23.10088357  50.09227721  30.26572878 131.25466091
  86.12717481  27.16195222  55.47208475  51.40779592  33.9756829
  42.90290606  41.5985098   19.76013382  54.18768866  26.74012322
  69.52637069  32.34792672 107.13332156  43.45329864  26.04626872
 113.52897627  43.4732219   25.59284584  28.9578019   35.54958825
  62.29662607  30.01238016  57.81853075  50.42427607  43.1566828
  32.394782    23.21729669  23.57937141  69.59328312 103.56372876
  49.05471712 127.18610998  50.29889618  33.7473995   45.88312798
  16.49599963  71.27455888  51.83617219  53.36891303  30.10074172
  38.33568282  37.50552127  37.92067419  32.65430885  39.74430455
  32.68662098  43.93348585 162.78060885  31.45666643  51.75587785
  39.12712746  64.58790501  27.16681014 189.86490265  21.71089568
  45.3623682   19.19701863  91.91736424  40.10509056  32.47399127
  33.92299596  39.16334172  29.60874355  45.96815933  96.18370278
  73.67700407  44.01542365  35.27850158  39.9939103   54.39761159
  33.39898301  20.27656084  53.90767029  79.07029329  27.16161261
  28.96870302  26.54846035  33.14952974  86.41418198  20.63573133
  47.67747495  56.20482824  26.95292368  32.39004625  35.0353749
  47.81245704  74.65518367  60.7887655   24.36952179  52.01217928
  41.19525893  30.60002479  25.76291575  28.36863894  34.70485467
  51.67960481  46.33018119  28.48125983  47.18925789  30.54176106
  77.66954453  70.23099573  42.92522161  26.32531607  27.63581309
  33.69649617  80.54548382  34.45815046  31.43349894  20.6009765
  58.83608308  42.65706756  49.28195911  52.68929015  47.16745914
  37.77030772  42.33542267  35.11141259  38.8156095   34.78397306
  26.74898948  56.5752939   39.62582892  24.48803548  29.26154041
  33.25093942  25.74639389  35.49215422  67.41619877  35.76000929
  28.59662926  94.15210259  40.38826587  40.74807541  44.24494221
  31.33053212  39.32039517  36.30325163  30.02173033  48.32994178
  38.16742234  58.27222602  31.41924333  38.14528154  50.74101359
  31.96825517  33.07098839  39.91741795  36.33849571  18.15396078
  29.07082268  82.68010644  22.85785157  54.25081053  29.9619284
  27.88721185  91.66103749  88.33058646 111.18385954  27.99790858
  40.60373563  84.33614944  31.09754772  28.01130891  49.56584123
  60.24998206  30.56702269  47.30165305  23.46387262  85.91934031
  41.32748986  39.01646615  25.37577948  52.49621314  88.72611702
  42.20087374  25.85485304  32.05509291  24.28220697  72.1638814
  76.30611626  17.42781663  28.96155466  67.87744499  76.48530956
  92.35252082  27.7088662   35.46909067  30.97651365  80.17078891
  33.27195884  40.19301052  50.27362689  54.11116032  39.58572427
  36.23119134  27.8047576   30.93588296  46.02738548  22.42120666
  37.07823027  47.60797174  26.38813278  30.08007713  21.34409159
  21.88576545  39.0291351   29.24832903 100.05600506  36.49606107
  40.80015183  67.75787737  39.98322754  37.50537772  67.55545418
  49.14893568  25.25640361  39.01126086  28.04753869  37.01638834
  20.23187625  38.73756368  65.55625695  66.19181979  53.70279423
  23.53626699  64.09859955  45.89822471  39.85397283  59.28016979
  27.31434037  42.35354946  53.4950059   39.05104236  47.51646858
  47.49552275  27.15261282 187.25391908  21.24132426  25.11927447
  86.65503585  34.72210708  39.87357113  18.84142371  58.27897654]
Test abnormal scores: [142.87080111  95.97495235  86.74685007 ... 123.95917635 114.72013344
  62.89426312]
