Logging output to: /home/guest/Thesis/MotionCLIP_experiment/results/finetune/allSplits/fullContras/NTU1-120/anomaly_results_random9.txt
Loaded embeddings:
Z_train_normal: (3027, 512)
Z_test_normal: (756, 512)
Z_test_abnormal: (10589, 512)
Normal classes in training: [19 35 44 51]
class 19: n=754
class 35: n=758
class 44: n=758
class 51: n=757

AUROC : 0.7045
PR-AUC: 0.9646
Threshold (95.0th percentile of train-normal scores): 26.7656

Confusion Matrix:
[[ 163  593]
 [ 715 9874]]

Classification Report:
              precision    recall  f1-score   support

      normal       0.19      0.22      0.20       756
    abnormal       0.94      0.93      0.94     10589

    accuracy                           0.88     11345
   macro avg       0.56      0.57      0.57     11345
weighted avg       0.89      0.88      0.89     11345

Train normal scores:  [19.35525012 22.50782816 25.72322128 ... 23.79849979 23.4090454
 23.69272456]
Test normal scores:   [ 35.88273717  43.8660856   86.70142996 106.5520971   24.40563994
  30.74096066  14.03546926  47.70188289  60.53226579  69.97813202
  46.36050364  30.91437381  21.47902712  23.90802225  33.28100686
  27.84617474  25.26401959  40.05025992  62.05041671  88.32754769
  33.90938902  31.0249685   31.89012192  82.18468572  15.02490531
  18.86231538  42.0634575   28.50134419 155.56814151  48.31383345
  65.36772861  18.59729749  60.91806464  22.7616797   41.83224337
  31.99240916  58.56007636  41.80686484  52.57677678  62.56354552
  32.08931018  29.73889996 109.71029179  57.79400081  52.5706846
  45.31019382  89.51788153  43.14582866  28.02341532  22.89485932
  48.8331585   25.07920013  37.2136068   26.43472203  21.05523573
  35.93419009  65.59819744 156.83110154  67.72106679  40.68965391
 112.86851769  46.29760738  32.37694592  46.09150042  40.26607672
  49.74233763  95.94024253 106.32091995  31.76694976  54.87286002
  68.89388412 110.318529    28.42876812  19.30417577  45.42811047
  21.90203429  27.97072139  24.61485636  51.9428013   30.34853292
  31.38676368  30.49172502  58.96312965  35.7290936   17.49329006
  20.9618668   71.20363302  28.81007752  61.78237781  41.15156501
  38.49426285  79.41830017  22.81326731  30.05723949  28.89483789
  35.32593059  28.8562633   20.54480395  72.17413842  62.06759111
  34.53709633  39.53307716  80.26451633  47.88920228  64.27082167
  19.79666388  21.71602735 116.12029323  13.8542134   85.05356145
  37.48260975  27.19881117  70.8244141   46.31555968  28.43559834
  22.23247576  56.40655898  25.50561796  39.08513123  17.62366741
  19.93430958  73.61370547  43.30554837  69.22092623  80.47567441
  15.60120017  36.48173788  29.01786888  51.73446404  15.41883194
  51.10635008  25.51165222  72.98915     22.75303232  17.85950181
  43.90806021  31.9409864  106.29269255  70.73843649  51.10440643
  33.61601138  31.81204638  47.93841644  55.91473427  49.29280731
 113.980096    38.80485923  87.48780387  18.46513469  68.50393191
 103.12770906  34.12448096  41.60121452  19.04417498  41.02407994
 113.92986174  50.31099247  31.66506054  26.53245862  52.13474307
 118.31864395  41.61856005  47.01524029  76.03075772  34.13023461
  38.95219944  30.04927269  33.27174719  44.55995721 139.79031634
  24.47091551  25.1438216   73.05232884  17.69795954  65.84772253
  90.10771521  40.17007073  40.89570116  38.8242402   28.50513383
  64.26578335  93.67610938  39.60275227  54.93376965  29.56012016
  70.583073    52.88015408  35.80871794  53.90676963  32.95594833
 104.64205122  24.12725048  45.2943011   66.96809225  61.51060488
  18.37726755  66.93520228  46.423047    15.91107763  19.94076883
  26.52898959  42.07126285  26.07810524  36.50325666  28.99549852
  35.44952707  58.48250988  42.33687403  45.95860625  74.97138095
  35.18661807  13.86017708  38.28949098  96.28628482  38.80978876
  17.16709526  19.53590669  26.14568092  67.36500537 115.23528344
 112.56362447  21.89425121  53.61562691  14.82870906  34.73477959
  44.3144322   28.41309732  45.08156342  31.96356577  16.80397573
  11.75271937  65.82644692  19.63718848  44.2388751   31.98021894
  19.42488587  27.84225024  27.23853566  53.413169    23.4652039
  35.07023189  25.32498032  39.27938034  50.79713575  28.0971238
  24.11319994  22.00560586 100.21986361  41.00448233  48.79744472
  51.96368812  35.08660926  25.74082309  23.30518211  34.78638136
  16.74808773  37.59220396  78.31976482  19.49916693  45.80073099
  52.35758716  54.02067076  52.86634082  32.59489191  41.84500642
  29.48980233  45.18864569  37.45488454  36.6131933   51.57823929
  27.05675194  40.35508633  28.51315762  36.70910239  36.95280228
  21.56441882  32.78915606  34.87106732  73.55474044  50.57614182
  39.59126811  28.37194878  54.1488749   78.8560758   68.27736731
 105.50710478  19.4636884  138.16495865  48.53152425  31.72830122
  34.55557477  69.65397391  70.19659566  39.16533682  25.94234025
  29.10131607  27.74589619  16.97276054  52.63579564  65.50010218
  52.10579625  81.32639182  56.12004017  31.5750083   20.19261715
  38.97395003  19.87603686  37.25094966  23.37073879  50.29575149
  20.20224351  53.31790621  62.72239406  44.06878202  43.5929227
  33.5656327   26.19620384  99.31830256  34.61840275  61.0989211
  80.11025116  57.87500045  29.45285001 130.23721967  65.73204349
  38.53320598 117.80439242 141.3243209   37.1291393   37.23049841
  39.46080531  17.96445476  27.52084595  94.32901518  21.63875449
  26.88887638  20.72924221  16.93635042  48.63647303  71.42642129
  31.3802473  111.62505993  26.72581089  27.40115028  27.40517985
  72.82905295  82.27142253  43.80092427  19.97449908  52.83367555
  59.27146061  81.27886376  42.98100353  67.25519202  63.22106124
 148.28938783  71.80592723  24.27906233  36.46681457  34.38798028
  80.40805337 113.69324057  36.34527343  18.35801629 133.63945988
  52.9023606   27.59993336  49.54230374  40.08221452  29.08240247
  27.03857002  33.16670743  51.01311946  19.37882896  38.71176156
  39.74502144  39.72293132  52.94883393  48.17713844  68.67084101
  29.88680739 121.76241298  58.76532275  81.60346554  41.59508219
  48.47534523  28.30333927  23.17359028  22.5766196   51.99137125
  26.28874074  36.96724713  94.85442579  46.49745696  25.69569156
 172.86201663  31.07985896  64.28233642  64.88815179  43.0960094
  39.82753584  16.73325654  43.21135752 162.22226027  24.12332687
 112.49216885  18.67261388  25.90643304 107.17143767  25.5019542
  33.43553234  15.1859034   82.64797328  16.73987184  67.01997093
  22.66046831  19.68972488  55.70270134  38.7021284   17.84918006
  38.97599148  34.17564298  28.12190503  17.22518177  26.99845294
  59.38269552  37.26353235  63.08298384  98.45741139  40.31225803
  59.91470275  32.73526538  26.72765517  40.41773435  33.98113382
  47.82785017  22.14841441  62.05561676 100.05513425  48.94328057
  71.21050106  46.49460636  36.42192463  35.46940109 144.66661104
  76.81148219 151.09326511  43.27218151  65.12838867  15.96801401
  55.01022676  66.80997329  22.18792319  17.52986313  14.98352027
  50.74513689  26.53806198  25.88336325  34.61928199  82.70972059
  29.77002493  26.65980244  39.2271823   54.57303935  39.15905204
  23.42012506  55.82984449  25.72443999  97.87854691  41.99848545
  35.87693765  35.14062774  30.6074687   30.442235    79.17350188
  47.84084588  44.32346282  38.13357462  90.19608696  25.91514616
  21.60400621  31.8384844  190.09444178  39.8535443   27.26660565
  83.06528274  29.11230731  49.28535117  23.77381339  86.34108948
  29.55841771  34.56258433  29.23071214  51.97024158 125.77887902
  42.87048163  65.87932073  26.25169699  40.78322994  32.4672911
  51.05949626 106.39756719  32.91495765  34.01286595  83.5372852
  32.08944388  70.53640619  28.3637601   47.007926    29.71451399
  32.00406403  81.2152632   25.30937105  34.76747003  50.1322112
  42.60667657  52.88572227  16.35404664  32.22838606  35.75621681
  21.30769357  49.5716836   53.71112701  67.85223513  41.31537117
  75.12759884  33.56657762  27.11601885  25.82181434  48.94524952
  29.40038891  36.05258258  49.28268324  38.14056412  50.30616505
  34.13848564 139.92253372  22.91248126  24.37206727  22.01023795
  34.54725852  33.95856844  29.54447364  65.38399665  58.88565136
  26.97094644  56.41599333  12.27902063  38.21031159  24.80769223
  56.09635763  64.50810163  64.32513506  43.70737073 114.94218943
  32.76541757  90.12675616  48.08390939  20.42313583  22.19183652
  48.2995567   48.07440184  15.6362564   45.3622      54.28671316
  56.25624356  43.59285588  15.83398265  23.685571    89.61418477
  20.51247788  62.49601843  34.45671278  56.38726634  26.86930253
  69.8225491   55.99876574  59.61415162  17.60193005  48.4578424
  27.52116548  82.96787817  38.85592215  29.84644791  53.87826484
  43.4391266  142.26511452  28.91911969  51.91411215  24.79883665
  50.97403551  81.80088677  35.16058409  28.57376641  43.1833859
  29.72897504  17.16638923  41.40855311  27.08346212  25.87585905
  73.50001566  38.17937699  53.56920578  29.6856881  104.89561313
  23.79249988  41.77804005  34.8550384   66.2918563   37.39034972
  31.75736592  24.50291888  51.35006812  87.45345122  36.11297648
  43.56448736  38.55561976  21.12076231  20.52812304  21.93307654
  18.62216401  28.73442524  24.0049482   42.25845174  21.86708582
  47.34680511  65.52385834  86.02069976  48.75484706  58.19606519
  64.98449404  26.47199208  21.50755742  31.93777492  35.33366331
 105.19740033  47.27853735  22.18084513  51.23516411  22.29206184
  45.73955467 123.4323142   65.74981986  48.55613971  80.3144827
  42.72521065  31.37769806  50.63005733  73.46753033  83.28964767
  25.37650576  31.98235013  75.26463949 134.52357064  57.67254264
  49.28689301  55.09265288  47.23235094  81.16930665  19.6953413
  59.29953982  54.63523802  17.35252182  59.30667177 125.59478986
  37.71924631  45.71827732  30.21034571  28.77091755  32.76438609
  51.65537465  72.29582567  37.57459063  23.73943951  70.25837888
  66.71836447  34.34075813  53.76496235  94.94770233  62.75649365
  31.28255419  70.36827849  97.78895404 115.16070599  98.744485
  46.24879411  68.64608382  55.90041282  40.53984908  29.66293598
  56.71971933  40.17195447  26.66418531  26.77040059  60.69614548
  38.11066353 103.35474715  65.55729332  34.51490262  26.69195927
  49.0029197   23.42111096  27.77870808  22.77711489  40.47104748
  98.43295114  16.24736272  47.20527351  24.59870104  41.98284979
  19.52370693  25.04509612  37.32719485  26.3368651   22.50466325
  33.5270647   35.46164254  43.89381246  40.81480304  25.93466902
  31.84552118  27.97006939  77.22176622  72.07489501  27.95105938
  16.09015395  55.2065494   59.38154081  65.37953695  77.85889633
  16.42857352  93.13936576  55.2561578   30.08246091  44.50366908
  16.16731185  71.11548601  22.86081142  43.86784293  22.27647249
  72.53208709  78.07502383  39.59215787  19.56076201  93.36202697
  83.92900535  49.52250229  52.50070902  40.091356    37.23791676
  39.43355254  48.21791128  20.6252619   27.86150983  41.3788729
  26.85275929]
Test abnormal scores: [96.61146489 73.69710028 87.51434939 ... 71.50654504 86.59713988
 35.65863688]
