Logging output to: /home/guest/Thesis/MotionCLIP_experiment/results/finetune/allSplits/fullContras/NTU1-120/anomaly_results_office.txt
Loaded embeddings:
Z_train_normal: (3027, 512)
Z_test_normal: (757, 512)
Z_test_abnormal: (10588, 512)
Normal classes in training: [29 30 31 34]
class 29: n=755
class 30: n=756
class 31: n=758
class 34: n=758

AUROC : 0.8142
PR-AUC: 0.9786
Threshold (95.0th percentile of train-normal scores): 26.8713

Confusion Matrix:
[[  217   540]
 [  274 10314]]

Classification Report:
              precision    recall  f1-score   support

      normal       0.44      0.29      0.35       757
    abnormal       0.95      0.97      0.96     10588

    accuracy                           0.93     11345
   macro avg       0.70      0.63      0.65     11345
weighted avg       0.92      0.93      0.92     11345

Train normal scores:  [16.74681985 22.72334722 26.50711408 ... 18.79317071 25.0319765
 13.34014889]
Test normal scores:   [ 81.79860489  20.65209811  40.96930376  57.89750268  36.53185191
  44.34180186  65.01380757  52.34339551  94.57025423  34.62642082
 135.61915035  13.58547471  51.5853353   81.04428752  12.25430525
  19.02331465  40.08624134  63.22281487 146.4705169   45.56244142
  47.89679983  57.80488548  53.50543068  24.37556416  61.31236764
  12.44723107  98.47456679  80.1377487   39.27059064  50.02580963
  21.38301187  71.36420045  25.41188852  58.06332266  40.49291187
  64.8186425   18.35795257  25.4102458   13.76336638  29.9385438
  24.68299349  49.20203188  21.99834404  33.13047005 133.5219871
 113.21690079  29.55847874  65.59033411  22.07441394  81.20277997
  90.01994521  44.94626795  24.54998045  23.094438    16.82582299
  41.65524222  24.84214007  66.82207715  49.81743     40.98510187
  63.32091494 103.26571653  71.59730516  20.17652872  34.6389781
  82.63495274  17.24725326  16.76018587  24.66972344  21.4921031
  60.97355591  78.11803283  78.80626338 131.57884744  23.17434268
  35.6763144   51.57288883  39.30783387  42.78560084  31.55787784
  86.08124606 122.33749917  76.47292641  34.53047774 101.60137008
  21.37820855  38.14183617  15.04496824  62.80357247  26.43537593
  42.91585134  88.01196463  18.91555342  24.00083862  29.59968057
 109.14162993  53.605084    41.09427161  23.41625788  84.29405717
  28.01831559  56.79028462  19.50043612 118.23340209  14.48099449
  32.67913985 170.89700358  67.50619071  58.34403654  19.93318944
  37.48826898  19.12928873  78.11150258  32.06000916  33.97795627
  25.93432258  17.05100416  31.08848314  19.38127449  67.8470739
 102.96645597  21.49012038  34.92575415  19.74437866  24.40273503
 101.59277581 110.77322992 142.753952    51.29747753 128.20331218
  28.74262661 151.17259756  68.81723858  57.95869489  21.0444359
  31.98636569  28.92526702  39.44542709  40.45159065  71.77693697
  55.1537499   36.70097037  20.65611527  25.52563799  23.98064363
 105.74287408  82.09619517  79.37230876  49.00762898  28.94842313
  32.7988696   20.36627576  39.54490182  18.54097586  20.52324264
  76.65594316  24.06325534  13.13585049  54.48946157  61.77340038
  38.26621165  74.54403903  58.56590241  32.94732932  27.68975757
  89.71304354  34.58403477  31.30964476  23.04291625  18.4734533
  58.55034904  68.98842675  38.12075299  28.64891805  16.84474111
  26.91721796  75.48893923  14.38305932  68.54796174  43.92758381
  45.40421471 115.88181779  50.72278222  66.61962951  58.10755878
  16.0566439   50.51385325  19.55170935  57.74785142  39.72875977
  48.69704973  34.39043321  42.74608326  19.32103013  91.87916349
  25.74298219  32.36253456  19.62516624  14.44233832  28.50968499
  25.65989727  55.94706914  19.40121714  21.05723117  17.58362815
  29.65537971  73.23510318  73.57434372  32.64024225  43.40484375
  25.73502534  34.98236723 147.28251259  35.30850791  21.73485162
  44.90850923  32.23449543  20.24969931  27.73305124  13.63160099
  18.23456206  41.04405238  27.84696344  34.33787956  21.64353166
  32.8460381   24.13126401  59.76537609  70.95123952  35.12697468
  31.59832464  45.03310541  27.86403551  47.94303257  36.58992349
  54.4004657   42.25231403 104.31728144  15.28268376  37.11699534
  71.45053744  25.86661989  35.1799614   16.56937207  76.36103358
  16.02934388  37.4879663   32.19677993  16.94408901  34.97507055
  61.09472105  87.96264198  31.74497456  41.05143708  18.97782417
  57.95096162  19.85540402  52.51441441  30.91615733  96.76176837
  30.48009547  71.67025526  49.48556419  11.36256069  36.13286563
  71.58972415  22.80886015  33.53937056  86.08993036  98.01835653
  49.83153451  22.67257266  32.81185699  19.22117775  15.26811881
  15.98157224  26.21485132 108.01541711  22.86890661  71.01462808
  24.72891435  24.05373014  33.27328219  32.08523537  59.42917045
  33.4049805   36.72493728  24.75308733  40.20489346  31.13360916
  74.46249405  47.07285661  89.37060933  38.44954882  28.78716935
  64.33205693  20.41435132  22.96504707  45.69740184  20.90015369
  25.50533443  13.54066348  56.01255557  19.98167975  89.29402617
  36.64212972  43.66627816  21.78594183  48.96324797  62.11571207
  59.1599054   80.34787284  29.1813821  103.09395443  19.17903035
 106.12618109  28.90966301  25.77774462  20.79481101  45.94264515
  27.39025607  60.3043971   56.24828999  81.33311286  54.68872456
  18.15051546  48.29292901  51.57618738  46.02663996  23.89409265
  81.77935159  58.78450893  32.32142253  73.64270106  88.25994463
  73.12415961  59.15056452  19.65707196  33.08928338  57.2474234
  36.0731276   49.3435443   16.30739538  44.98866238 105.13900195
  22.2618341   35.01618208  35.43929972  21.31364904  46.07088024
  78.69632435  81.69985179 194.87266999  56.63050719  28.76632832
  21.49721632  45.77076199  52.99926063 114.07706052  39.8596004
  80.79384132  80.75475337  16.33095801  45.52790079 146.26654099
  92.15114519  29.79085085  35.29800809  80.86099778  90.63461617
 119.65274932  34.36634081  14.15407537  29.31697872  16.78220109
  89.861462   159.03458246  31.67161279  37.83347403  39.40866796
  78.04311452  27.83897118  29.98586767  41.10248733  41.26147346
  35.46691383  42.22549745  48.82317496  30.59875775  64.26062454
  14.95229603  70.42893818  58.5790818   51.98570028  16.49432139
  14.67250374  58.37332008  64.69523092  49.69184151  52.90683687
  22.46913165  34.14668428  15.60921392  28.53715172  30.67010807
  14.6501926   60.932928    39.39561027  42.93588893  33.88674325
  80.01414572  58.41202271  16.12851542  58.46059767  13.29484287
  35.08618171  24.46260463  18.043078   126.77652168  79.37980796
  13.81855504  19.64962268  30.27573304  68.01700377  14.7313782
  19.6943847   54.42772235  15.82890348  62.16627295  54.18075134
  84.11781747  34.77624127  28.85993165  66.13565519  21.17638887
  18.12171176  72.52848899  14.59372994  15.29002945  35.02824994
  25.22540946 116.19672029  29.49558652  78.49215385  37.64087804
  30.48188622  23.04179515  67.84522735 124.44623423  35.22106678
  72.62897425  20.7117598   32.13329633 113.0091823   22.96331458
  39.67182961  76.85486523  32.17446098 112.7763625   39.77679711
  22.66303468  48.85213154  40.11867773  64.79668662  19.79069317
  20.47962268  20.31708599  33.46120159 109.15543404  68.83133486
  24.25413404  76.70803527  19.82430464  94.4563715   20.3389954
  16.26354542  44.74079314  27.20812011  25.95471127  96.90185138
  42.25668147  19.53883604  47.93431265  77.74158059  37.73793178
 116.09917376  31.85053277  73.3593267   23.7025267   35.02029756
  28.85364157  60.52225863  69.01148908  43.58553389  32.26953825
  37.2641621   48.71826206  32.41702058  86.14930936  18.56527834
  84.07000653  53.56419119 108.30937196  74.9260819   28.94684583
  27.14136105  40.92498301  40.44493267  18.59150354  39.40619308
  20.7179492   20.96231222  23.55898935  49.44383674  49.62080007
  18.06977925  46.03981639 106.16688493  26.45970613  57.59779313
  19.77009001 145.48274444  35.30524859  81.18383394  34.53102223
  45.84198268  49.58120031  26.31982765  23.96733791  89.4615107
  32.42935698  21.10266255  44.33423088  20.75615791  34.46004525
  28.65603915  20.05867085  29.27096304  20.58755193  42.50411864
  55.47730346  16.4643337   69.93683905  15.3592047   38.07885648
  73.50394234  79.23759622  36.21476682  45.90545311 108.37231291
  55.41221528  44.81385338  32.8408371   48.87098242  22.07178681
  72.24570385  88.52754717  58.28669114  17.4752639   19.41334524
  32.98908807  23.68705937  84.39069796  32.49135384  24.57279079
 121.01611254  19.48162464  64.18782202 133.99296941  37.04554095
  33.28536761  31.36977835  74.87095593  29.0561089   17.35939705
  15.39486471  57.37227829  42.8846117   24.99353527  38.28933447
  61.93599732  48.02565154  30.64993516  27.63236945  15.20935456
  23.44170911  60.16389783  48.87828035  72.78549454 144.69380356
  41.28881363  49.34355132  14.32945937  12.2666559   37.87749585
  17.316217    65.74446259  24.04040095  41.71032832  29.40423625
  57.2386349   26.18457958  33.86917778  83.19255567  33.82611623
  46.06672985  63.02452682  16.4387793   16.97109538  25.72367762
  31.05998115  34.31213144  44.1551034   44.02573384  38.17541115
 105.29336803  53.98101449  73.16481767  31.91354704  13.81640749
  74.07480618  25.78882706  30.95383589  33.3593792  112.97383522
  39.56046761  67.54445208  19.77495727  34.8456698   65.28849818
  15.56267592  41.9791812   45.60881503 124.90795647 125.38441522
  30.44583339 109.42520548  59.73406936  57.51590752  74.55869576
  73.37306345  28.91917286  48.25774873  22.04274912  52.29400021
  21.06851233 148.43584373  17.82958155  16.49971944  69.86724356
  66.53384626  25.02756755  54.94784915  31.63019034  83.04838517
  22.52981402 115.31490609 130.89957033  16.39909001  84.8920757
  25.17639014  28.70421596  59.17483264  47.25386193  41.7206973
  26.74684929  14.94533763  25.33472729  18.58387573  69.05861354
  58.26052184  71.17412534  19.32504536  44.31311175  21.37600493
 133.34763302  24.58810636  78.96279743  48.8440817  121.80499451
  46.83312294  16.15252795  90.67439903  41.89000919  45.51412717
  35.5735732   48.12911335  35.98031803 169.91866474  53.31853499
  48.69363466  61.99700407  23.99823547  15.16264314  82.32289763
  39.58095681  32.5712811   93.361984    25.53211983 151.52144193
  46.42939434  55.77290465  65.5069442   13.91896171  25.88891157
  19.32625808  12.78270916  30.79869629  42.3592173   88.01904937
  51.79962605  28.78769917  58.2408301   30.63503289  54.78736741
  28.25908525  56.0077389   31.34369098  27.14603729  23.66925202
  43.95742813  59.30018316  22.91454474  22.30365079  18.79456771
  34.31660971  31.51960969  65.53157562  27.24681169  50.52306667
  45.90042101  60.95562512  38.63955952  19.91419229  20.984014
  21.17080385  28.93301187  24.69538794  64.95836339  41.86687952
  42.65314104  20.17947796  73.93787394  18.20459911  27.80315241
  16.07425896  34.92100065  31.68853552 134.49124784  37.74424242
  47.86558911  35.56087209  73.53378993  54.31556456  21.61524114
  56.48552709  18.40190614]
Test abnormal scores: [ 30.00273186  57.0861978   99.57947961 ...  89.27019018 113.3657506
 125.80205312]
