Logging output to: /home/guest/Thesis/MotionCLIP_experiment/results/finetune/allSplits/fullContras/NTU1-120/anomaly_results_dropping.txt
Loaded embeddings:
Z_train_normal: (3017, 512)
Z_test_normal: (754, 512)
Z_test_abnormal: (10591, 512)
Normal classes in training: [ 6  7  9 10]
class 6: n=755
class 7: n=758
class 9: n=750
class 10: n=754

AUROC : 0.7593
PR-AUC: 0.9708
Threshold (95.0th percentile of train-normal scores): 26.6584

Confusion Matrix:
[[  161   593]
 [  227 10364]]

Classification Report:
              precision    recall  f1-score   support

      normal       0.41      0.21      0.28       754
    abnormal       0.95      0.98      0.96     10591

    accuracy                           0.93     11345
   macro avg       0.68      0.60      0.62     11345
weighted avg       0.91      0.93      0.92     11345

Train normal scores:  [24.01752743 21.8916921  23.86194403 ... 23.35334867 19.37483157
 24.94866024]
Test normal scores:   [ 30.77734795  49.46983146  29.72061231  27.66130829  41.94098238
  53.54204144  58.73985726  21.40248398  48.04570865  82.11136856
  53.7013235   37.75841689  36.9228419   66.87341512  57.39203004
  23.53932347 104.53491601  19.09754788  25.49881611  54.96211035
  82.53113973  22.83600344  34.16668927  41.73330948  42.35689724
  23.88246606  24.75781712  78.25801962  53.92820116  31.72540793
  33.13835739  26.8643248   24.44269015  54.93266195  77.34063923
  74.29028158  34.32553932  22.51212802  58.42375869  29.31905465
  32.94064464  36.84682444  48.22412075  74.46426717  29.09400983
  20.78764721  20.10156602  48.06601246  43.94915502  66.32273191
  37.25843741  29.68988993  28.66493302 102.0363833   36.80021863
  44.67593358  12.54770472  24.46243204  31.9783761   22.4220997
  16.97272178  74.20581906  54.53990517  49.17727761  75.69313896
  46.0475334   69.22874028  70.06202953  62.59930733  48.22241372
  33.04891165  29.43847893  19.7108893  115.94917054  26.90322529
 105.50608729  25.41425217 126.57823532  14.91563496  44.94362467
  47.82226713  33.12268043  28.1364532   25.84485141  34.94789253
  17.69885282  43.87166755  45.16257128  41.9675069  169.50399432
  19.28659313  16.05936048  25.72088491  43.11780607  43.89089876
  36.7761553   29.84478522  58.35648311  78.49650393  53.92827434
  40.94042453  69.68849287  29.64955642  15.66815515 110.79606776
  24.83152916  48.39288332  20.00295547  20.75851389  45.00715926
  34.00455341  17.13170146  46.2993072   22.27627956  80.25694933
  64.27176061  64.81334427  46.44329773  70.92399929  15.46151507
  38.21517622  48.83763717  36.31248405  40.87150135  65.10092347
  90.48390937  91.39753624  33.11504021  54.65326626  22.2804198
  21.27203196  30.67242346  19.50794541  23.24738989  28.78262161
  21.45347371  63.39771671  27.82638443  51.52645543 129.91882447
  72.54951973  43.93691869  66.94107656  44.71806603 140.93592616
  16.2797505   21.09692373  20.34777517 124.81397625  45.00433346
  16.50962796  50.35298275  49.84740505  76.58406507  21.92527635
  21.1426852   49.24780474  37.92394157  43.14025797  91.29243864
  17.21189638  34.64736217  38.52742549  40.69141504  23.80679089
  47.68690913  43.23895134  65.35375924  78.58985383  46.33276855
  78.84513475  17.40400371  24.35186031  61.1314778  103.26326473
  19.0243471   34.10875485  75.11298021  76.3731484   47.07977569
  21.90563942  48.36090459  49.13406862  19.79479389  37.74191964
 101.38849942  63.51894028  18.26472911  63.47544317  26.77651596
  23.79037027  16.64797872 105.0458805   48.69080863  41.81281986
  63.05844382  61.69025208  44.68263989  60.01816208  29.2673917
  27.64261166  56.93911525  29.04376074  65.11995685  57.78850654
  20.94647917  17.87369839  55.67364519  24.31300113  31.7560974
  26.13863871  49.29228413  53.05184565  89.7020051   76.61835551
  70.98342193  67.04752673  53.69869805 107.83100574  67.27648449
  33.49128647  58.8402951   23.3624419   40.05788971  22.91652889
 145.88703695  25.10562316  55.6230493   25.36986479  66.25169141
  50.81761166  18.43236117  31.74942609  66.56039758  29.61847015
  48.75656095  40.61712957  35.09814788  90.09961926  32.17109932
  37.11991748  41.68538938  35.13530139  29.4669831   55.62411365
  92.84055047  39.09729492  34.56620945  51.04554004  95.56602869
  30.86950808  23.95064663  51.0903709   46.13432256  19.19571562
  29.10531857  20.32292586  42.36042982 101.08887154  82.43069706
  46.75819014  52.82941025  23.66404705 131.02952009  30.39656636
  75.87755917  38.81152426  25.17731328  37.44578278  22.95793205
  60.24663804 166.84246362  14.91579924  26.90931122  51.8783867
  68.31769356  30.96888992 101.75925971  83.51092031  81.57758782
  47.64241198  44.39019498  29.62489228  54.90600319  40.18969768
  43.92572165  29.80831427  34.61044552  18.28121017  51.49177578
  18.66569065  26.3105282   23.18687433  52.40711395  37.84841234
  39.0126164   98.17802129  35.2687055   20.24291881  21.85278708
  64.78924348  62.77480362 102.25562831  38.57550987  24.4413324
  23.04719554  20.56210761  50.30407307  27.90535993  19.38755341
 139.14792072  28.71438021  28.38375683  88.54267864  36.24696079
  43.81005903  74.20173983  72.18670111 104.88980247  47.36937519
  20.03255455  39.98050728  80.4978898   50.79997901  42.04391137
  75.47406071  41.33622823  42.00439852  33.85638358  69.43828887
  26.96292564  82.61062304  36.48450918  61.88226098  24.57530676
  87.16184641  28.43631218  24.21488418  23.06849141  65.56184699
  29.21193597  34.39491667  46.10396765  99.07133914  24.68011551
  44.60501968  23.34529328  67.61259929  20.33675494  83.20574871
  16.41301518  58.54237493  30.34762066  56.69405578  84.43678236
 118.06327028  34.21401968  77.22487024  54.27425694  18.28844105
  33.18533823  56.58426242  42.54195619  28.67576867  84.52923598
  28.9480025   24.86183132  32.54455244  25.12720521  48.96758299
  76.56391772  27.74929292  19.69007197  29.99460217  81.8460514
  28.93507174  24.61208429  22.57129308  68.87216798  15.47019864
  65.96840458  43.6146365   39.16594035  29.9674741   24.96487305
  59.7460662   42.63751516  33.95042265  31.37515701  42.54795187
  31.12198622  34.75967814  39.6079689   19.16869914  54.1746587
  61.83437348  56.06839026  27.32257715  44.62437248  77.04654986
  60.42262851  29.72847511  54.28103973  39.56853384  26.42766399
  39.56521655  47.41413236  29.08202603  54.63204362  54.04927415
  16.91065161  40.74599404  72.33710273  29.28254453  70.23185575
  37.37961007  24.45748598  75.43861876  36.17082063  61.21159408
  20.4842274   62.23186401  44.59572895  29.73749984  52.95046447
  71.23325541  35.01017023  48.67159035  52.39986039  57.00579577
  67.09015501  31.2778977   60.98166288  66.48846206 113.17448064
  31.28708335  42.40805874  45.69679294  32.316108    34.03585436
  51.53464919  86.60707299  25.13127925 117.57704436  45.27754826
  43.94331679  64.33209774  60.33236878  39.1191624   48.42087333
  65.00536176  50.42449823  38.14392572  56.76557805  44.89951646
  28.04383382  22.63937372  22.57406825  32.77658965  20.39056867
  29.86051235  49.47492852  28.9972951   59.21355799  45.05139167
  29.51058242  34.99190085  28.76563208  89.48927473  23.61896866
  68.28875616  93.10011435  34.32527012  63.67435315  59.43503545
  74.92113223  78.53128525  69.88758429  24.74147626  27.32202375
  52.70508742  24.8782873   35.40803212  43.1375857   26.8124621
  22.5984465   70.26787449  86.02664754  23.72101647  53.92730486
  45.86299075  59.14028153  30.31490126  34.8939685   34.8667888
  44.24527191  26.28677636  41.08034383  73.50705792  55.70757665
  21.71539385  68.74049881  23.20045891  44.77379455  18.24362069
  30.34168596  96.27837912  27.257592    37.11935517  37.10854097
  65.65082381  27.42960205  45.03053143  22.09272005  37.06663101
  31.18603874  26.64246149  41.7327587   56.00484316  26.19980201
  88.62324066  49.46998567  19.09869876  26.07928735  31.88887714
  39.98980045  51.64656702  29.10154333  34.50158344  29.33585269
  26.16069231  25.56960581  28.86615236  36.01323959  35.25849425
  40.80554239  19.62365106  26.5177054   31.7216418   63.80898684
  46.23734856  31.69817449  30.00072123  63.80027386  26.13813289
  42.78896441  97.019561    26.42075366  38.14684852  40.55641529
  30.38509878  66.85692244  22.83833163  21.18365161  33.02474895
  39.6624658   56.3117678   54.01294972  37.61826451  16.46175575
  47.72368342  26.09968197  77.67401135  33.87251181  73.61251638
  56.5979472   96.52173077  24.32617585  25.75130863  37.95096473
  88.91497287  14.3503624   33.33954496  53.70800712  67.68423641
  36.19910612  46.38135484  33.49563539  56.56783551  43.08433541
  37.87492479  45.55060745  46.19403085  37.59469453 103.39412044
  43.02655384  24.43403227  80.76900025  38.32260408  89.98074534
  35.51002892  28.05235529  51.11773457  22.20223519  29.14668617
  43.3197583   26.27424882  70.63975392  39.5692773   35.41068781
  75.76994766  34.07120143  34.02365657  16.52832721  19.0040301
  25.23827443  16.72025619  22.7664177   93.91859928  48.25031118
  44.05113796  22.87524855  91.29436261  33.33378677  43.89773045
  46.6976746   46.52316009  80.21397903  21.96405967  22.48698575
  28.44016903  15.95489366  26.75793888  66.30680834  32.07363918
  40.80027244  60.83501856  58.28084494  26.24423454  22.82587146
  82.36622021  25.8506032   50.69355416  50.76746505  18.39160476
  42.6153524   82.43303119  79.54314375  32.87567727  25.51262121
  39.1514849   43.59905047  16.17777921  53.55468717  31.21302639
  62.68016181  36.93656673  58.7617752  127.86666213  93.64958621
  43.75510887  28.23970742 128.90043358  45.89142269  25.24310046
  42.68732192  75.16759012  59.79198394  28.44335808  43.60199723
  45.34530463  45.28042164  44.72976194  35.43134581  42.62312498
  98.15974924  43.72195133  23.49624061  22.00861608  75.99411319
  35.17221454  41.52703646  66.45419734  40.24580224 101.74979295
  29.15315787  30.95599509  47.43685608  40.13529213  32.96330447
 109.61505185  40.5236698   25.63625298  43.09375872  45.65430299
  83.20288458  88.60808192  37.89666108  80.89970798 119.67854286
  99.95563482 120.66294624  24.53638856  34.74148599  26.32545939
  86.60724655  45.39883439  25.67677804  37.12283328  46.32358319
  28.44458102  54.95082481  65.50525485  48.58578354 103.24185078
  35.03664024  37.55259391  96.30571282  35.06558071  34.67434487
 119.02900472  21.42312802  49.41704539  42.86457819  39.20586663
  58.68856515  21.80299119  33.21909425  37.87603631  28.1259056
  31.72800763  56.08709879  38.26653689  34.93554416  36.87268513
  29.75740579  22.43055373  26.32312135  40.74937346  60.62540915
  30.04294084  57.14385652  59.77586626  18.12859227  20.99942256
  60.03592592  91.46011014  63.73994371  37.37021284  35.94284622
 113.0990563   46.38648708  32.917568    57.98514916  24.80219853
  45.84663431  29.59407777 126.00082139  36.15499585  68.68165047
  37.29250968  27.48969073  43.44197173  35.21459239]
Test abnormal scores: [34.38971359 64.2291776  61.16780417 ... 27.09516818 96.01191986
 68.54572466]
