Logging output to: /home/guest/Thesis/MotionCLIP_experiment/results/finetune/allSplits/fullContras/NTU1-120/anomaly_results_random2.txt
Loaded embeddings:
Z_train_normal: (3021, 512)
Z_test_normal: (755, 512)
Z_test_abnormal: (10590, 512)
Normal classes in training: [ 1  8 19 56]
class 1: n=753
class 8: n=756
class 19: n=754
class 56: n=758

AUROC : 0.6393
PR-AUC: 0.9547
Threshold (95.0th percentile of train-normal scores): 26.6362

Confusion Matrix:
[[ 161  594]
 [ 594 9996]]

Classification Report:
              precision    recall  f1-score   support

      normal       0.21      0.21      0.21       755
    abnormal       0.94      0.94      0.94     10590

    accuracy                           0.90     11345
   macro avg       0.58      0.58      0.58     11345
weighted avg       0.90      0.90      0.90     11345

Train normal scores:  [20.8806346  25.77025047 22.69933907 ... 25.83147147 18.96082575
 26.87823981]
Test normal scores:   [ 42.07602379  43.8660856   41.95429169  44.52485172 101.60776308
  60.45076116  25.88918724  39.37245239  54.9715254   18.81437287
  35.43158188  69.97813202  46.36050364  31.75238659  30.91437381
  39.70120036  36.47681307  26.81282543  19.46447545  35.17894932
  70.82565925  28.08502655  25.26401959  82.47153745 104.56111441
  52.67157833  79.57320378  71.18578699  62.05041671  67.78622812
  34.77432946  37.36679061  54.87134353  18.86231538  28.05097531
  39.2527666   65.25826789  41.83224337  41.14832958  61.04171033
  46.62345191  41.80686484  52.57677678  23.48824339  27.33813167
  54.23422413  77.42919985  45.37598913  45.31019382  65.86907838
  47.38138361  33.26430222  22.89485932  53.36979282  31.25679988
  48.52194032  13.65017775  51.61082781  59.30923578  24.06546325
 108.52213285  29.45144193  26.08365458  36.8492287  123.96807232
  36.6084412   23.30415009  19.72211943  32.37694592  49.29267813
  47.77787688  27.78495213  27.65551577  40.97054601  49.66149768
  69.00071619  59.19205626  28.59966793  57.16216992  43.91698948
  50.80309519  22.88056082  49.62941978  61.90263866  50.19460471
  12.34838593  48.8331453   36.68690422  30.34853292  31.38676368
  31.27384167  57.63209065  42.67682906  33.47985364  35.7290936
  42.16513616  51.94376523  19.57769833  29.26612691  41.97427284
  28.89483789  21.72105808  90.36002581  48.16250489  82.31160852
  20.54480395  30.75515121  34.53709633  29.43991893  20.35654906
  22.33184278  47.07492386  18.77377326  29.15618542  21.71602735
  47.15330535  66.81219372  27.19881117  42.18055508 102.81741649
  29.80623512  46.31555968  29.58595386  46.21644229  49.59094792
  45.14515648  53.7303938  118.62350975  60.63102076  27.53829557
  59.86273461  49.45332116  24.83007463  31.38617395  32.3638109
  61.18977668  48.25970901  39.61559662  51.10440643 101.43315044
  59.80987198  63.57095816  31.07143504  17.49849908  20.51152666
  39.58236108  39.5878303   42.80753301  46.54201091  43.6630084
  38.244965    19.04417498 108.9349521   21.97236719  31.66506054
  45.10820383  45.56222939  79.71732518 119.84675862  46.9623419
  19.46658678  30.04927269  26.01247435 137.31770348  48.78600712
  28.29165032  33.27174719  37.18677013  50.51619764  24.47091551
  34.66195399  32.44574566  43.23950911  36.65125214  23.57778197
  71.98036403  85.7374371   60.71066877  61.41189231  38.8242402
  42.62669192  33.26715178  20.92322894  51.2655211   52.03253381
  13.54241723  68.99774767  22.53231384  67.94656534  70.583073
  35.80871794  53.90676963  32.95594833  37.65675521  36.79697292
  24.12725048  26.57672706  90.70747462  66.93520228  46.423047
  56.42742377  15.91107763  56.39232772  29.82452153  61.01161569
  43.90868654  46.55492436  25.13938527  45.95860625  54.24285149
  13.86017708  79.38257927  50.29676552  20.75390875  19.53590669
  29.62422838  22.41643566  58.4789077   34.9950254   24.12791702
  34.71082203  56.90861238  80.36543118  52.80442581  57.07809429
  22.80767048 106.73768007  53.61562691  23.52302465  46.57414907
  71.52569191  38.56788236  53.00943698  28.87272003  68.24842803
  19.63718848  31.98021894  22.28433413  47.32849949  53.413169
  28.68860082  29.91584855  40.45421055  63.19458421  50.11928867
  42.73722316 107.98516128  70.9272377   26.67277079  74.79641236
  72.78334015  48.07748636  33.45525645  41.38600962  31.6229724
  15.12534093  28.79056435  21.73593492  72.09446186  88.12045281
  25.74082309  43.56754779  18.6699047   27.24185832  36.91078241
  16.74808773  37.59220396  78.31976482  19.49916693  15.53736439
  32.59489191  54.45139703  49.25346138  29.48980233  25.92314094
  50.92357571  27.94430077  74.653861    31.5332094   58.37540088
 116.11057109  36.70910239  22.73361408  50.46512873  23.96223501
  68.27736731  45.54091601  50.44369041  33.99582632 108.16413274
  33.48670456  21.13237344  85.04947861  75.71036508  37.85728366
  21.69394559  51.91953788  43.25987355  66.92545422  51.76560765
  22.73636418  38.80492006  81.32639182  55.1166914   44.92964223
  24.80846308  24.28028847  20.27201597  33.91516305  49.0969651
  25.79660845  37.25094966  58.19426752  20.20224351  76.52865582
  53.31790621  44.06878202  43.5929227   33.5656327   45.09026573
  61.54966295  90.44572046  33.48309389  51.81668874  16.41674029
  61.64504659  66.31493643  49.35706719  80.11025116  27.11475086
  14.96281818  93.80575434  43.60192301  29.45285001  44.17114949
  38.87497133  65.73204349  41.69749559  17.36782838  24.60580748
  51.02587876 114.7833854   52.4361355   33.48515818  41.51530989
  33.16833171  84.21894619 112.34493326  37.23049841  17.96445476
  19.57427039  45.57057623  63.98234545  71.42642129  49.03995455
  34.91735043  64.77702374  27.40517985  45.63603323  34.22336588
  82.27142253  71.10539724  70.77859081  79.65482315  30.63638832
  65.25365147  56.56254409  31.59069475  44.804659    61.88792492
  27.22597369  63.22106124  21.13046986 148.28938783  24.27906233
  25.98070038  21.03769816  83.0393408  106.81155156  60.16052532
  48.50847449  60.76447109  69.97727548  61.13700613  54.87664992
  82.77484292  47.6959044   30.58133127  48.0496744   43.99033524
  62.28885328  19.37882896  38.30669852  53.86361147  39.72293132
  42.18707261  17.8224452   18.69257489  21.06124872  51.39888206
  37.9109937   24.64250957  48.92573815  23.17359028  22.5766196
  20.95801633  26.28874074  30.95408488  94.85442579  39.61329742
  31.97516925  20.45888968  38.6686019   47.46780876  64.88815179
  43.0960094   60.98006416  64.26717959  14.67693697  18.7541056
  45.50580532  78.4808178   32.08095092  28.48909773  24.12332687
  18.67261388  19.91313874  94.65561768  75.86409771  15.1859034
  53.48615271  18.96518657  44.57251533  39.62916916  79.29574728
  41.97998808  33.66670787  21.96539356  44.52349565  30.29603337
  55.70270134  18.13011036  37.17094227  67.60995123  42.29208052
  41.93487263 101.2963303   40.91263935  28.19173413  41.94452483
  30.4896114   33.34128434  61.7037939   27.61989683  29.77453921
  40.31225803  52.03264998  90.57209488  37.40564108  32.52916015
  40.41773435  54.32193031  18.0028807   21.2357874   22.14841441
  68.12997754  31.40607715  34.15174808  20.13549412  15.94194561
  25.67944699  77.09577901  48.94328057  25.19790364  65.30435977
  36.42192463  60.74836769  51.16634945  35.3459166   42.60564837
 109.62198882  62.67516266  49.18949896  89.16370438  26.53422527
  55.01022676  20.84538894  66.80997329  18.66942355  28.31460737
  50.74513689  44.27724963  75.38219936  34.84843756  34.33491194
  19.70905554  62.2825634   17.36327289  35.33363959  37.55270882
  54.57303935  39.15905204  34.96680344  27.7870378   27.97453049
  45.20676502 114.71085239  36.26295008  30.442235    77.95248091
  34.92809905  54.99394594  65.28701854  30.62250785  68.30915021
  57.76543099  24.38077043  65.73606178  25.59371776  22.60307613
  19.66185686  35.46676662  60.93987101  40.47675054  79.23197187
  23.77381339  81.07087533  50.00170272  76.10780362  29.55841771
  27.9137103   51.97024158  48.96081121 105.88659701 134.23510241
  42.87048163  29.14056118  24.97012567  42.78441372  81.82929476
  55.39404096  48.48822379  58.7066547   81.85730829  70.53640619
  41.97155159 116.69247682  28.41974479  17.1524376   34.76747003
  70.09669976  50.1322112   42.60667657  64.90703115  41.24443259
  16.35404664  64.29464279  74.02227151  53.75561123  59.27769057
  21.30769357  58.44496846  70.59748682  38.53332555  14.40913587
  25.23556319  68.76774959  50.30616505 112.19327549  24.37206727
  35.50933353  23.81218351  34.54725852  76.57965119  44.26609199
  58.99810093  32.70142423 104.06281467  60.13479594  20.65228729
  13.68974776  74.51907757  38.40893003  35.68573432  38.21031159
  24.80769223  64.50810163  64.32513506  48.25849146  34.66966637
  54.03512081  45.83004815  90.17009279  25.51538118  67.72083087
  15.6362564   56.25624356  69.74628678  60.69566346  35.32284231
  26.86930253  50.00933994  40.60476458  69.8225491   17.60193005
  18.53816511  27.52116548  31.90775061  53.87826484  43.4391266
 124.14083366  28.83367103  37.69975197  21.43458261  42.43286551
  18.68479501  28.57376641  47.32493049  24.28669232  61.85874474
  14.05179316  66.40512983  59.91200685  55.63619319  33.09229849
  31.75736592  27.482736    62.11858612  26.11684097  34.88256254
  19.18910084  21.86708582  65.52385834  48.75484706  43.0022713
  18.48210562  38.72092614  29.35482655  57.07777631  43.25825697
  45.94748049  37.58103303  41.82347212  28.25329615  30.3841858
  31.48280196  22.1209471   23.59569509  63.63451521  47.94287051
  53.02760842  21.57028937  27.8959453   42.72521065  26.16712593
  24.06838009  50.63005733  50.30920698  48.5461038   31.98235013
  16.10773373  62.98327886  27.90699425  23.6702269   64.19352966
  17.77551211  19.06336588  57.67254264  41.04623691  25.38974964
  41.06634738  69.7794838   27.16903122  35.11030904  47.27481328
  61.55816002  19.6953413   24.47421843  24.55970712  99.92418949
  41.54985513  62.23793521  40.24299267  45.71827732  51.65537465
  67.66108993  37.05230297  53.64750334  59.94678405  65.34346931
  55.49993852  27.73744447  63.95877414  97.78895404  48.40228002
 103.02744574  39.15042872  17.8433081   36.12464576  38.27930579
  59.25976991  40.53984908  50.3650144  103.34793833  29.21982314
  60.69614548  95.36241325  32.50161693  18.37994345  36.11746161
  63.11395432  28.98432033  24.4122846   68.40431322  18.87676557
  24.59870104  42.64670748  41.98284979  37.32719485  26.3368651
  22.50466325  33.5270647   27.43151983  35.46164254  38.7284416
  28.44197411  40.81480304  48.85084043  68.28141479  27.27723884
  48.94974132  22.34902913  59.38154081  34.77115838  20.12912643
  48.12284616  49.64047934  17.37337017  16.42857352  69.38377125
  29.0069902   22.27647249  67.07545518  43.3775248   41.58281322
  55.91678976  22.83616725  82.7290426   23.8104258   44.24809032
  28.45173588  15.63683983  27.67535435  34.09604353  29.36551671]
Test abnormal scores: [45.63944282 37.69348722 44.31740796 ... 39.42114544 56.82418042
 35.76230473]
