Logging output to: /home/guest/Thesis/MotionCLIP_experiment/results/finetune/allSplits/fullContras/NTU1-120/anomaly_results_waving.txt
Loaded embeddings:
Z_train_normal: (3024, 512)
Z_test_normal: (756, 512)
Z_test_abnormal: (10589, 512)
Normal classes in training: [11 24 32 39]
class 11: n=750
class 24: n=758
class 32: n=758
class 39: n=758

AUROC : 0.7202
PR-AUC: 0.9633
Threshold (95.0th percentile of train-normal scores): 26.8271

Confusion Matrix:
[[  195   561]
 [  481 10108]]

Classification Report:
              precision    recall  f1-score   support

      normal       0.29      0.26      0.27       756
    abnormal       0.95      0.95      0.95     10589

    accuracy                           0.91     11345
   macro avg       0.62      0.61      0.61     11345
weighted avg       0.90      0.91      0.91     11345

Train normal scores:  [20.91617898 24.92419577 22.62218839 ... 26.8205738  24.27032894
 23.50961071]
Test normal scores:   [ 25.36333177  56.77184682  18.46708362  53.95565659  73.93326445
  22.05890175  36.6471938   21.51377679  57.32115121  84.93786679
  31.83524799  45.9574173   30.73202008 110.66826803  59.60313334
  78.81504508  22.52409582  21.37104675  44.47712608  57.93240641
 114.21713319  51.71001735  36.16594441  39.27088331  32.05670721
  55.95299125  59.42528097  16.64733078  29.41022154  59.91804759
  66.17048965  18.09137211  35.70024609  16.7883588  101.85669358
  85.80913651  31.56605708  58.53988613  73.19563275  15.01389759
  14.9937216   19.28842581  86.93071545  18.54857594  34.95965405
  68.76150329  55.59720955  49.38256661  28.16688024 156.40651346
  35.39778378  28.00039644  33.66608553  65.80934728  66.46891699
  73.23730303  65.81500909  44.85097839  61.92734158  28.96953029
  44.44663248  17.30134699  29.18865667  38.42320036  24.68969088
  28.61951962  19.48315289  33.76520382  46.97108657  28.44050134
  57.5118299   36.09054953  23.52717876  62.95327526  46.55175684
  44.15084742  40.34524525  21.50395727 108.24006099  66.92512
  85.15484242  23.9648374   93.15577755  77.80735162  37.35588468
  34.81800867  38.58617674  44.91778649  77.4652708   32.56208313
  28.38498507  43.34493054  44.33931992  41.15787135  44.74029511
  66.72056278  29.97624611  21.68558425  20.95692732  46.93494163
  25.80294161  19.95619925  19.08419881  71.08856816  85.10863795
  67.46108322  36.59884969 141.3694418   54.18240304  53.78252609
  91.09681552  28.63747478  67.14173729  13.33087127  30.90619191
  58.09842187  26.84339264  56.54959717  45.7922401  111.67359829
  49.80861161  24.97992947  29.3867907   18.82556725 105.14114792
  57.4008688   34.59980724  62.85063428  87.42673905  76.29125174
  15.12769747  98.20965563  65.53282588  47.12576516  44.1173632
  45.03299547  37.79496725  19.20447047  40.927557    96.01782715
  49.1646948   24.21784764  82.38369498  12.92209623  25.9823917
  15.20920693 143.97308328  71.21105233  81.43172264  13.44190275
  50.19747171  27.65835457  18.72236956  26.51451781  44.66809533
  73.95667243  23.04841109  69.81520631  27.08488092  81.82940117
  40.31063006  80.40346158  20.52394364  59.2214882   85.75369964
 103.63460738  48.69646022  37.25983205  50.45009876  36.10317944
  44.32979428  20.35130302  23.03978406  31.415285    42.97006439
  22.92238272  97.98110663  47.24070621  41.15803781  17.65088712
  23.98150047  42.57293535  32.24840835  19.65758745  31.09892453
  31.75490992  15.94802172  33.75992315  26.6133795   20.03427824
  22.40140312  22.55766855  21.90871169  26.99236117  21.11192407
  65.06329265  94.52384986  45.96810823  34.24607077  51.41235405
  34.04297514  47.22887861  16.21988795  16.97132074  54.03942305
  50.43792714  19.48490369  19.56270698  44.09119983  33.66131919
  68.25310451  57.9102106   31.85401227  54.27275786 126.13394416
  54.84358763  79.43771788  41.73566372  29.43730205  35.86888854
  24.75332894  21.29457518  24.46801274 156.26412904  49.51434717
 167.88454825  20.9720651   38.95806415  55.88850984  40.77551107
  25.4374406   25.10861374  67.39748142  69.78896992  19.96994275
  34.11541075  46.50665968  18.01239651  20.36418847  27.19155926
  44.75769607  17.10573023  63.499174    28.06162812  29.41114817
  72.01772373  70.07813682  97.64390881  54.95701451  53.75720963
  19.2337694   36.44690171  28.4932307   20.391223    68.28301758
  84.51323239 117.36098017  26.42023237  46.20573462  20.51582247
  27.22015911  18.39364707  44.92747508  35.38374943  52.17993085
  26.04395388  21.13642501  28.26128619  19.21806964  61.54852108
  22.11893725  41.75021624  25.28650581 143.92452829  61.79049576
  31.11481996  52.42672949  50.3613049   86.02625575  33.28343387
  27.07690468  37.40282492  43.56317273  31.08064076  63.73946735
  17.98211862  23.77648929  25.39503866  42.42943543  26.87430505
  34.0377313   14.63497395  74.46637277  27.30107035  36.80013744
  25.48061463  16.94851008  14.54306092  78.12918502  46.56772799
  44.23094706  25.360969    45.65939093  62.59526346  39.80945795
  47.82926522  83.77318605  56.95436415  19.33854894 124.89521436
 137.88713083 109.25508184  58.25090007  39.77118207  21.66632899
 103.21919688  21.25287109  62.07571879  56.17233479  92.13697823
  31.4383564   25.173018    75.78847934 151.29704922  64.6818364
  77.47799001  34.31238946  54.32524893  17.91092648  28.52121161
  26.50092416  97.81460158  46.83617483  33.55049948  30.87906724
  31.99314008  73.69377995  45.4859822  133.56841286  37.59179512
  99.33262563  50.19972512  85.42871443  37.21095397  51.27750241
  44.46919371  68.33772725  18.36631099  68.56534649  25.06431346
  90.35161417  34.06453117  47.26314346  25.04601742  46.07036525
  27.09513149  19.95329173  60.88266962  67.95560983  45.8476244
  54.57772119  76.08140506  27.6818924   43.62566419  14.44361958
  21.41128254 109.73959939  55.1475885   70.90326152  22.00737428
  62.07409418  53.18674062  24.37579195  42.50359866  38.34298315
  44.15040226  71.57925633  99.57659755  71.21247948  85.61828824
  48.1638674   38.14467564  34.90864857  30.45291696  84.21271231
  32.37599467  32.00976871  18.36041765  28.88801387  42.4387884
  50.16579027  82.55734549  33.68230979  20.23666018  25.35318466
  29.0413605   87.62965629  31.0057165   55.24967365  39.79749693
  46.89842903  22.25502904  47.85441238  51.19669937  35.88183861
  26.06895971  42.79491619  56.18030452  41.78895397  81.31419508
  20.53359974  18.37242932  95.94105056  17.27833837  30.34941212
  44.7605315   34.0053422   33.18373165  39.40990329  56.77494034
  41.91576581  31.93581305  66.07378694  25.88284441  54.81240116
  29.77057404  18.95848465  37.74976583  22.79949404  64.07271746
  53.63544131  22.28371598  38.6248753   20.8080384   24.23210269
 108.46880057  84.6088092   38.7140084   18.66870068  24.72395239
  39.73445222  25.752071    34.24683957  37.20347949  36.63952454
  18.6173557   84.04868372  79.8936005   22.46846462  78.8598556
  33.32650773  18.06869343  18.85904737  34.50894709  82.19188106
  20.03370736  48.98587271 162.07897561  82.25711291  35.73917813
  21.95985881  36.84673564  54.95254133  31.78939755  45.22997373
  22.28479026  13.18540177  44.47288383  57.05445801  64.18477222
  37.70478471  15.04500689  18.66533999  29.45717727  36.84387079
  37.68701318  29.91025326  42.91254255  35.50715183  53.83115376
  62.74993665  66.59307208  59.0975412   41.58344345  29.29994254
  33.61025408  84.63566968  40.99476934  57.59397655  54.00669602
  21.83555815  20.68314053  22.34852835  31.31571613 104.1980891
  20.72425975  29.68548487  19.79326651  58.91951622  37.05419077
  31.59989669  34.68898796  42.51006746  15.4976684   20.70583312
  25.04301933  52.40643426  74.32766668 115.56507388  71.91670891
  71.00922668  21.87436479  39.75773686  19.41228646  28.33427964
  50.39072519  91.98689741  27.37079173  34.34190187  41.63936473
  25.51543612  84.82660029  39.87760085  25.48263274  52.50963998
  32.52585611  60.1627801   23.57466886 104.19956006  28.06091498
  21.34633447  69.5097967   98.05267309  81.54333003  41.68623862
  20.49639605  25.06672027  25.23999898  91.63000695  59.55657333
  21.14158076  66.24185875  61.42576014  21.77249363  23.88194387
  31.56555685  78.91818942  34.1203884   25.54183117  34.05150443
 124.52943856  19.75407518  34.23979769  30.77106476  34.73681751
  21.6000525   62.71172894  24.76028974  18.93835391  70.07046694
  24.70047332  28.85394121  42.04314922  67.97557956  42.70803549
  16.98749135 109.23013599  37.30947409  39.63361186  78.73078288
  57.88994424  31.27014942  11.31041225  18.20197322  60.93362346
  34.92138644  38.99172297  21.62697716  81.26119266  60.95050445
  33.32087562  47.31074085  87.60421674  19.42892131  24.59870049
  33.67542291  34.97798562  38.41687665  53.85677916  54.24647439
  53.00036191  34.096854    25.72809802  20.63821949  26.70909497
  34.74909254  84.70428352  53.20137337  52.18550659  19.31544245
  20.06315497  20.56138908 161.8297747   20.82169465  49.76255516
  21.00801648 140.86425405  25.14791686  38.79655107  37.73285757
 160.44000727  47.01841018  33.64566054  52.83478609  28.11837858
  35.12804929  46.12919676  60.70912893  32.61513029  37.98947127
  49.35496989  29.86378513  67.3871339   52.10936886  23.09877737
  37.60979672  22.62277863  28.83348534  16.09535771  40.58781174
  52.76489457  35.01774899  62.4887718   26.9805483   41.18038254
  76.26115524 146.55512708  87.57421217  21.058921    21.13683622
  65.8813852   81.89815911  47.79461801  28.60735428  20.23726965
  81.75869591  13.59095165  19.42573078  57.51208542  25.67955394
  39.07168668  55.55663601  57.8536953   24.18775703  56.13021172
  40.42213869  46.00502486  62.8655421   32.47439746  31.9855628
  43.66576234  26.0001356   97.30444248  22.3959937   50.77382313
  30.28561328  43.13930545  31.35571839  15.95163451  57.02480005
  28.0084098   72.43842133  52.65035584  81.24463928  69.60448885
  20.99104217  28.20169682  32.34633411  14.81381769  40.86749821
  27.64976186  79.65025426  18.82022981  33.50247389  49.42553876
  19.70494574  49.82740943  28.33725758  45.05716834  55.49330022
  39.58475503  23.9636908   36.14861877  69.8522831   47.71030602
  26.18095677  43.80076788  29.94201352  38.44655983  62.65638334
  76.08750907  52.45154618  31.34915749  17.89723325 137.7763276
  42.33733756  44.12023154  61.68289831  48.09111845  27.45762748
  71.59127448  22.91143725  55.37862547  46.27131103  28.01042503
  26.66708764  71.44570431  47.92861899  26.3080938   42.353009
  76.65855152  33.77467001  75.72787539  43.80673885  22.48530454
  25.5132913   43.42838106  21.37561606  22.50600665  47.5119129
  73.89062993 130.45260235  39.25730266  31.49639669  16.34815132
  45.52545837  51.81243318  84.19926917  28.60720853  98.6371847
  35.51402821 146.77999956  73.99581346  98.87442393  53.33377107
  42.62333822  25.6305136   14.66681223  30.52995776  31.41607231
  40.02828027 105.83947153  63.7647243  120.17699842  46.99371909
  65.60272057]
Test abnormal scores: [ 66.14377044  89.25640372  64.36729025 ...  17.71478843 110.17162226
  50.58046718]
