Logging output to: /home/guest/Thesis/MotionCLIP_experiment/results/finetune/allSplits/fullContras/lowOverlap/NTU1-60/anomaly_results_arm_movement.txt
Loaded embeddings:
Z_train_normal: (2266, 512)
Z_test_normal: (566, 512)
Z_test_abnormal: (10779, 512)
Normal classes in training: [13 30 31]
class 13: n=752
class 30: n=756
class 31: n=758

AUROC : 0.8558
PR-AUC: 0.9900
Threshold (95.0th percentile of train-normal scores): 26.5680

Confusion Matrix:
[[  108   458]
 [  169 10610]]

Classification Report:
              precision    recall  f1-score   support

      normal       0.39      0.19      0.26       566
    abnormal       0.96      0.98      0.97     10779

    accuracy                           0.94     11345
   macro avg       0.67      0.59      0.61     11345
weighted avg       0.93      0.94      0.94     11345

Train normal scores:  [18.38770411 26.73981393 25.73604613 ... 16.6448726  25.54047087
 22.75213627]
Test normal scores:   [ 38.67705159  31.33009347  27.28434227  35.6076576   59.36253111
  75.70783878  23.0920187   74.5767762   29.90375543  22.95393582
  66.37985918  39.49664638  39.15792656  61.85193059  63.41965586
  43.76547867  62.24608101  42.90177453  38.39419978  29.83719223
  23.14075646  32.02301899  30.77495088  29.37950134  51.295794
  88.97909432  40.61535118  37.74171331  60.78000108  20.7185524
  51.87862359  39.37154232  28.68784858  53.44012964  48.58569633
  53.79047811  43.22548936  81.58027836  26.4122132   46.95721274
  91.43672641  21.30253476  33.59570789  82.37115242  46.28155822
  47.11723363  35.76170013  32.18685444  17.32526904  20.58182401
  43.48805788  82.021194    52.4729799   24.35573075  25.52338606
  69.15016107  25.77086642  53.20341638  19.88857797  31.27755435
  39.95356289  41.93410511  54.16095905  22.82460137  38.51583497
  41.27829915  49.12875592  23.73297066  82.43906652  23.63757691
  61.35551847  36.96296034  46.52232282  30.50696361  93.73188652
  59.45587653  38.93063623  29.37643812  77.28474315  24.15308842
  88.76401181  25.51359452  27.80992073  27.99826793  60.82476347
  39.09779922  49.02124998  35.80995775  22.60901787  15.56241333
  35.53864501  13.55039641  55.45281515  53.29539356  89.02451262
  28.8090197   21.20296479  38.93279206  34.1466097   49.53469604
  22.47951424  49.21170281  85.28336918 107.24664337  74.20899993
  29.76980709  49.43931331  46.90943787  25.82973951 134.63768956
  20.02788095  30.51678592  35.39610775  79.69776222  67.67815535
  21.39420421 144.14209552  57.0483788   30.3706398   99.21146805
  23.708142    91.60292569  55.66573864  39.34243239  21.94334383
 129.69063374  38.10790537  53.57018818  75.66321553  40.08013874
  21.71748706  38.52982554  28.41172928  30.03132847  27.59215625
  87.53821059  28.2921906   54.12527673  26.57179834  28.66791923
 143.91805782  62.83556924  49.94850683  64.93613071  20.63262937
  26.11933446  63.23751022  43.97729386  13.97689644  54.08990239
  23.16767701  75.86070138  21.27201992  54.51163548  53.44297914
  38.35616585  47.52441185  21.32262115  99.10040587  70.92753875
  27.07606093  40.60126603  99.449139    45.10464381  48.22120095
  30.80499687  43.88763273  24.61702421  73.42108018 111.09080259
  47.17599157  29.96959063  25.33245938  39.75983799  51.26311293
  30.2768987   25.71499074  59.32974612  83.45313648  26.46567206
  33.1658583   43.80607781  60.51089529  22.4818217   42.55260845
  32.37902744  38.19221919  33.31737929  51.47500884  52.17297542
  94.79458197  65.21637061  59.55363619  55.24592982  16.42726412
  30.4322995   38.16069371  48.84871145 113.23478169  52.22135502
  47.30247194  59.63203951  45.05366284  63.83676979  26.70545075
  65.64895931  66.43016605  63.50496557  30.62780165  21.64553385
 111.92415618  20.93822344  26.28971822  40.91274482  49.33211485
  51.98965871  72.8461665   27.45141912  63.25288768  37.3254423
 120.4853596   26.89501224  42.46250729  57.24371126  23.03773841
  28.80719372  24.82570419  24.67217623  22.18056465  28.91090962
  77.45291368  69.9241459   39.43886853  54.10837565  34.40272794
  27.87678375 104.69180829  34.7524697   41.31827854  79.35790155
  37.12926778  17.29723193  33.32165134  27.34473045  50.07634303
  31.64594421  49.95058595  54.1449083   26.96588134  36.97877701
  69.42700551  68.15809252  28.38453472  49.42117699  84.67245385
  98.86624091  14.53483992  47.63656054 130.3167402   37.1743359
  33.5389439   46.14756365  24.18272137  47.74825236  23.86803951
  48.39653644  39.68168013 123.61548016  22.50050209  23.01932942
  16.62433047  43.95252841  25.78601109  66.22729233  31.58567171
  22.88715564  45.80910236  56.36461734  22.76633379  54.0032654
  77.04581552  23.77737748  65.58870128  26.47762696  31.06988929
  60.93741549 112.50447092  46.92482866  36.36963271  30.41450732
  18.00198853  59.47714323  61.48053883  46.05608253  90.48777292
  30.76984847  20.02361325  30.16048464  75.32423694  21.05346901
  21.85878008  31.33296608  50.90031216  23.8839726  115.56385253
  39.76981994 112.25715015  51.19805204  70.85596824  68.34269225
  78.49234996  57.00005674  32.31622599  39.80671008  23.63447581
  39.07807839  69.26335033  26.91418124  58.84646796  28.29485507
  41.55754779  14.07221352  62.51704936  23.41518048  88.93005643
  21.21203776  14.14798853  21.86919695  28.85401104  42.33834392
  31.77812345  37.46604363 134.15261195  59.06404944  28.92467476
  52.96361993  18.96044203  22.99022547  22.00110052  45.1293476
  47.34624904  52.51340628  16.0644892   47.2917279   33.92533899
  30.58577113  36.52704429  27.69790888  91.60223831  26.07653838
  40.79693156  19.3248758   31.89363861  30.60177637  33.47013943
  33.95951496  39.45715639  49.17411587  43.87583511  26.75191512
  33.90563165  47.13010495  26.40366279  34.34600248  52.99968537
  65.3731475   44.1280306   41.59571604  41.659       41.52162164
  59.17095078  57.75056679  53.26285507  46.90804895  50.67869594
  31.64422809  31.78359003  65.00115121  97.29691929  34.25637787
 134.77415502  47.89228628  35.37952053  39.83936751 105.48339385
  61.8706268  103.73571741  15.72566638  74.26190597  83.07675208
  39.29991617  91.89130569  36.41840886  39.69058815  27.83834748
  52.6080429   39.58192726  64.88210728  79.58847102  99.44407168
  33.96516757  36.46812104  38.81055625  39.22574825  34.21449159
  34.09991782  58.86073369  40.8165048   39.00905956  77.64248858
  92.29677042  33.5870727   55.43939197  54.63886767  91.26614132
  22.60517467  59.43143728  41.30237783  25.63723145  56.50436233
  26.58235     22.14541442  20.63216759  43.98205681  35.45292904
  60.43466267  20.99539407  35.32587247  56.30180736  28.45146631
  13.98053058  56.86786673  54.97557038  77.91006295  53.77662721
  66.74357116  69.85830582  81.78499761  91.67386006  25.14124758
  94.10526244  28.61565987  37.00585245  32.15706347  65.15072245
  55.91965229  53.99925603  25.77024946  64.94643903  80.32208129
  24.78427162  36.64869984  16.3591015   55.03312487  68.53512348
  92.52201783  33.8862035   23.05072745  48.16947655  45.58705646
  41.75056052  59.53590014  50.714942    38.95295701  71.17743145
  74.86825256  55.95016973  33.10384763  36.58627104  40.03836835
  43.69905172  44.24396654  33.6892223   14.70987005  85.96502278
  68.67461484  48.15548738  54.28944073  29.95067125  42.04402817
  55.09572953  51.07607707  33.37133147  21.04833967  29.04752125
  48.81911548  36.33086639  53.57979588  34.91368358  27.76417683
  75.69558307  27.32157397  37.15600207  24.18477194  19.37864409
  34.60912138  41.28239859  43.07439728  14.22022485  23.22391523
  50.34719579  91.24060082  35.13529434  31.5234034   36.84223777
  27.84055327  99.04578356  96.80006906  43.64784344  44.5622863
 107.89774178  24.5473293   15.44402065  94.5016145   22.805468
  76.4617129   67.40238602 111.09707801  17.33076499  72.30479081
 124.18961038  23.04487098  68.22918128  28.86437561  57.12779504
  21.52376524  42.63716646  71.55599194  68.57576679  34.37757138
  85.16408365  93.08761489  45.99742384  46.74195741  30.99654584
  39.82045228  32.24080151  44.57771767  22.26254849  44.79992185
  26.95206004  30.01219325  76.13640009  27.31965087  84.94327716
  48.20758552  48.91339616  30.02926468  28.2882596  105.51937036
  16.07651141  28.55726557  29.54750811  33.89365975  45.83183391
  33.71283815  25.91931567  22.23709826  22.39705647  56.1677027
 114.46163555  33.75877577  21.32860756  16.97940096  99.0240947
  56.18970355]
Test abnormal scores: [105.07556911  85.41582269 167.55949834 ...  76.21020027  75.40231064
 195.83585013]
