Logging output to: /home/guest/Thesis/MotionCLIP_experiment/results/finetune/allSplits/fullContras/lowOverlap/NTU1-60/anomaly_results_wear_something.txt
Loaded embeddings:
Z_train_normal: (3021, 512)
Z_test_normal: (755, 512)
Z_test_abnormal: (10590, 512)
Normal classes in training: [14 15 20 21]
class 14: n=756
class 15: n=756
class 20: n=754
class 21: n=755

AUROC : 0.9085
PR-AUC: 0.9906
Threshold (95.0th percentile of train-normal scores): 26.2801

Confusion Matrix:
[[  117   638]
 [   59 10531]]

Classification Report:
              precision    recall  f1-score   support

      normal       0.66      0.15      0.25       755
    abnormal       0.94      0.99      0.97     10590

    accuracy                           0.94     11345
   macro avg       0.80      0.57      0.61     11345
weighted avg       0.92      0.94      0.92     11345

Train normal scores:  [19.22683766 23.09473267 26.33250838 ... 17.10705693 25.49825496
 17.7919644 ]
Test normal scores:   [ 64.74060103  22.01989421  30.76180315  42.08915376  60.0636421
  28.56304953  28.07865286  22.86468947  26.19343376  36.36550663
  30.22024919  45.82634391  37.02051942  99.04927335  39.20778223
  19.79351518  68.07268895  27.69877753  27.80162858  55.59907155
  25.23391261  31.97639102  53.12763654  36.60547595  25.48095298
  30.5671704   40.93061563  54.09016138  26.08998493  19.88238097
 108.03739729  44.85930365  33.903552    47.60344319  22.63816582
  40.75261015  37.52814811  38.89122873  29.61128221  41.6072663
  40.0071553   58.88174768  44.82695995  45.70847839  77.41969897
  38.73318508  45.6401141   37.95473283  47.5427851   94.66891539
  37.94609752  34.77450589 128.57604803  25.52648054  55.24754335
  27.53372778  24.1987358   41.18499833  29.58029153  29.98863351
  25.39189821  40.35727338  83.48494569  24.61774828  30.10810272
  39.77028177  27.51072009  49.39651838  40.91775803  25.82552482
  19.840253    40.21854952  35.01566908  38.39836846  43.91468575
  79.94730721  57.57081581  65.40302524  70.5122322   37.23757499
  26.82515116  23.52427062  24.02101152  32.59734717  28.79482974
  30.61175123  78.81569114  33.17325955  32.88917132  27.2000197
 112.83130435  40.59736052  34.15166398  67.21530096  34.24348823
  20.9699594   34.32208032  32.52261605  39.98952987  89.76734721
  57.19811037  46.69108896  67.05759219  83.43138084  28.08598258
  29.12146648  51.48405777  24.03125013  47.11369947  26.3555555
  28.00206215  27.89127426  47.9547685   83.16203681  45.66171961
  64.70794091  35.5254189   25.96239386  30.24460163  27.01751601
  39.32875447  48.27122691  37.25875474  99.63100312  24.93415001
  46.53939781  49.33344004  31.83301659  33.76021272  26.27122471
  45.21495441  40.38316363 182.7877983   54.33926401  41.54557171
  40.31951824  45.23538822  25.43611957  18.28258968  35.71639797
  32.07150989  38.12671037  42.49231882  30.64825892  31.83692173
  36.93886547  28.25927855  62.58296729  36.94314689  22.64133691
  59.19102244  26.79913007  83.15210302  23.81910023  48.92176925
  33.1150971   36.73846422  76.72958182  26.87478986  21.74183882
  37.75440148  24.77682057  53.88989875  25.05366966  34.42355447
  45.61139904  45.67590881  66.95989951  45.81689437  27.53707854
  71.18051373  33.65705473  60.45137195  90.70590055  20.67652149
  35.44661478  58.21542457  41.03832758  29.61911744  48.03344409
  64.2537841   59.51739869  42.00863996  32.71444194  38.21679237
  36.7782664   39.54653604  37.89956323  59.36779232  36.24961076
  42.717727    37.37307017  38.28727533  57.30530372  33.0411969
  38.15728266  56.45719186  55.31471108  28.55051504  30.66128318
  26.57055289  25.76238894 114.80911277  44.74972625  92.74033492
  29.12900106  47.90974924  99.47932475  28.79725628  28.36484843
  24.69543732  58.61221636  33.89290693  31.50375194  32.31725139
  23.16746888  27.1299615   46.2280317   28.87910845  36.76626993
  59.86098731  28.86349128  57.94456343  33.5138958   64.98281326
  65.14451076  50.88282698  59.49889241  45.45845726  36.42062477
  20.90471197  19.61761256  48.96462416  36.89013982  14.4906266
  63.91971179  35.07929134  45.77110644  38.22836893  22.73190394
  99.15812198  39.4281473   35.12178412  23.46632166  18.10442615
  43.62770838  48.26045623  37.33408369  95.56668353  36.51497013
  38.17163126  26.87445023  46.7039771   57.93777715  42.29144715
  32.93455724  37.31653928  28.95618889  67.52561311  82.71499297
  46.66782232  21.69201484  83.40957841  32.65093375  65.75407555
  34.32037949  36.49024261  38.39643251  59.93635333  53.65006973
  77.47885662  19.82718217  33.8370082  120.34920515  26.11200989
  19.82519347  36.72276079  37.61511738  33.89398509  24.06331283
  42.85026661  29.92887733  19.43446613  24.91550809  97.76510629
  32.78954353  41.34139164  46.83130347  29.8885767   19.67712745
  67.32585475  53.41453788  33.58983584  23.72383127  28.02502957
  67.6727445   22.87361787  86.870781    24.76671465  82.44399076
  39.92716342  46.25490858  16.15724214  24.09714106  43.02922422
  43.37514397  47.07804719 131.5928617   70.70725315  61.65781132
  30.22944085  23.91189915  46.70059908  34.06902444  82.71530208
  38.08187776  24.48944429  27.52295472  39.18632372  26.820387
  24.08272524  32.43190785  58.7846276   28.6303352   55.35587783
  29.30791255  30.74067662  38.803074    28.51726566  24.73927842
  56.60435363  37.42466953  46.27279608  36.66442756  29.3664377
  54.72063283  70.79407439  45.9792713   27.35309951  49.35131345
  71.8008231   69.18356528  91.49986412  70.04966312 149.19714827
  48.27698447  56.44619416  42.76867187  29.56321828  38.4977923
  75.32917483  36.12461655  86.30862317  38.6836265   49.05854533
  27.87968146  49.19091905  32.38378193  28.10138908  50.17606657
  26.16134819  89.86523582  54.32014201  58.3616441   29.03278894
  42.95948453  21.81383952  22.05066561  31.29823218  43.44011233
  32.3156468   27.99952883  38.22261796  51.96829556  39.12711133
  35.58014207  25.5241657   29.35751837  39.46894836  27.45719225
  20.1653955   73.92837127  42.75357047  46.18386374  54.4731405
  22.42680311  33.3786057   34.76092467  34.39987617  35.09343591
  37.84564156  61.7254017   34.33395613  83.02857597  34.2405875
  42.58437215  43.5287393   21.34514218  28.54746538  44.41431143
  36.71724066  35.44872127  44.75871654  35.34586459  28.28479754
  51.32123935  61.59562989  38.58083368  34.19247286  33.77466797
  29.43442817  54.37775058  31.29592156  44.79914795  42.61149121
  39.55271442 111.26208003  38.41460533  53.88214092  34.25922948
  43.45238955  72.15856056  44.22330892  41.19268919  42.86016027
  63.88895805  38.17855274  48.41311243  31.77724304  24.83825681
  35.24044663  26.16365325  73.50266841  61.57972371  21.40733324
  54.99358634  35.82970686  39.88787627  30.51120813  19.63404145
  44.94063932  68.5171236   40.33975041  57.47127809  59.69558032
  48.86936102  54.47909262  29.03268811  21.78458234  16.92220108
  70.92651517  32.2331175   32.85391722  54.21124572 120.10888958
  26.75259842  23.1110695   31.80330336  26.67329254  46.17812492
  64.97329754  39.80020058  30.19876238  28.9404457   42.78864703
  51.53808382  32.09631924  52.32548343  62.43662326  45.95374155
  30.89374575  35.64083062  28.31720759  27.64175889  36.23211144
  48.50950511  41.85914709  37.4205138   20.24760809  31.19979382
  29.08547368  78.7509034   31.6876928   78.62651423  61.04740787
  57.28381436  37.87744362  20.5983725   21.96242471  33.62422584
  35.96187073  79.88580555  49.82311987  23.72923711  81.1427343
  29.23426708  33.75642828  63.06348115  25.6541779   44.24003435
  37.57711905  64.92542834  23.29939536  18.26956991  37.75011047
  51.49584894  22.39922135  52.90493717  45.69212175  41.07013479
  42.96315017  77.32636463  30.50368677  71.37878458  31.18517441
  30.75186061  29.8941233   21.1057565   62.39637762  50.94402002
  39.79248102  92.13944114  22.54943808  58.34282922  35.00831726
  38.79039385  21.99559364  46.00325709  39.10884051  45.63007225
  35.70119905  20.37316834  34.27046714  30.46306525  30.11361444
  28.76037137  43.92377017  73.26098114  44.42319246  97.58228352
  26.53600708  27.13546799  22.3949371   46.93555546  31.40251217
  98.7324139   34.0527673   67.54082858  41.20870123  35.19122042
  65.10890626  26.08645699  74.02749047  38.19161368  43.25929923
  27.34797779  29.8039873   46.6842733   70.34760771  34.45246009
  36.21010745  26.77580447 115.3320774   22.86619413  23.77161471
  47.83981122  31.17400073  76.11818604  40.43720896  62.11559064
  35.4699941   44.31428592  58.70435883  32.1658526   23.30527584
  28.34008776  20.72463709  30.73942122  21.71859879  28.86757981
  44.02729419  41.91156517 123.34784749  39.88030319  46.90641278
  35.55514179  46.56760969  32.88909606  86.84987179  51.79658452
  56.49887631  74.32038702  46.89243102  32.8486326   29.1048353
  43.57654577  45.0472453   55.33927963  24.35766906  33.75776814
  22.88972962  36.51156762  23.44406639  55.51717037  34.64803867
  68.0553225   32.3070172   42.91152651  25.55424866  25.1024332
  38.81892678  29.10218799  44.81590821  25.76773091  28.88781586
  37.82019029  30.409788    35.57064325  35.41704428  46.74103625
  46.75927     37.41661018  31.78360169  28.24986149  80.36629365
  50.78747019  40.47735134  21.41648301  60.63224021  46.48359493
  40.72109591  52.09144795  28.39267641  25.67476088  57.05535195
  36.71293296  23.018356    35.22156458  25.48239161  45.76184815
  31.54946182  53.11297056  51.95843822  58.85992468  63.38977904
  35.47757127  87.74030945  70.62231398  29.08048597  49.69003237
  30.15695781  27.73788708  71.1659353   25.79269784  72.51318599
  31.94579503  65.52453971  33.79284572  36.83989912  23.10227752
  36.96677251  25.03866684  26.56451121  40.85966517  24.466835
  21.3150992   57.20687597  70.89266279  81.11816187  40.81114171
  32.01719793  27.9950247   26.30840692  26.81180715  36.00543538
  84.96360398  39.4562578   45.8945709   21.75073568  39.10079754
  59.21976339  27.3243781   36.13672048  37.9921443   44.09720878
 102.22220029  33.6282707   42.98175122  51.7913621   69.66841851
  39.8126757   98.36541427  29.25641678  38.69765332  42.95503534
  24.82618255  37.57752817  73.93874037  78.62481387  63.00003696
  27.38143054  25.88786895  41.87702126  50.86545335  58.95744898
  38.23130055  44.98249418  33.39212901  21.13645778  31.61296381
  18.37090033  23.31861366  43.26033076  28.13899789  31.3848769
  26.45563618  37.94093216  34.61980995  34.31947415  24.64222918
  33.76763408  40.05168892  41.94469626  49.33138622  70.22933705
  35.96425654  18.87950014  25.42815439  35.39655817  31.49867998
  27.35440105  25.78030333  61.76710597  47.57476845  48.58166128
  36.82611795  54.85455446  45.78956984  27.79687252  22.52816801
  48.86987476  29.63036478  37.56222045  22.36344372  87.62302077
  35.17746865  51.98667527  43.04398311  26.56734297  25.47509745
  41.95462867  46.03082611  31.32290228  30.88246254  50.01853224]
Test abnormal scores: [109.30431711  71.83520711  40.09713012 ...  81.60409384  91.19337641
 141.90665878]
