Logging output to: /home/guest/Thesis/MotionCLIP_experiment/results/finetune/allSplits/fullContras/lowOverlap/NTU1-60/anomaly_results_body_discomfort.txt
Loaded embeddings:
Z_train_normal: (3032, 512)
Z_test_normal: (760, 512)
Z_test_abnormal: (10585, 512)
Normal classes in training: [34 38 42 46]
class 34: n=758
class 38: n=758
class 42: n=758
class 46: n=758

AUROC : 0.7646
PR-AUC: 0.9727
Threshold (95.0th percentile of train-normal scores): 26.6376

Confusion Matrix:
[[  178   582]
 [  222 10363]]

Classification Report:
              precision    recall  f1-score   support

      normal       0.45      0.23      0.31       760
    abnormal       0.95      0.98      0.96     10585

    accuracy                           0.93     11345
   macro avg       0.70      0.61      0.63     11345
weighted avg       0.91      0.93      0.92     11345

Train normal scores:  [25.5804392  26.73885989 23.39041099 ... 20.6265549  18.99495328
 20.25390278]
Test normal scores:   [ 53.74878601  24.50753479  86.61805492  39.68601744  48.67923642
  33.92060699  32.21520419  38.23618375  58.84561948  45.17083486
  28.63943525  28.66305965  77.66607233  43.22825805 132.8305194
  60.10098211  68.97288418  48.08070087  55.86670199  83.20098227
  27.81674795  17.01095967  33.44172795  20.64658738  24.64068569
  40.7967436   58.04756245  24.41887777  48.69767322  56.28750526
  33.53933501  34.33052588  29.8043042   60.86427778  33.25463593
  20.73660971  24.15210255  64.55002837  33.88772186  35.57239398
  21.68034407  27.01102167  18.53655871  42.71914173  27.75615957
  78.34531002  16.86346791  63.70937856  40.16557366  50.43300502
  20.12710686  25.14398952  93.6551195   22.11000527  76.1594426
  55.78330242  55.87637432  34.9904832   41.2450464   19.81053621
  37.26450474  98.12462876  54.55554628  48.33627522  23.05248283
  27.02856151  32.50340004  42.84155974  32.59295666  80.54361951
  28.90555497  71.66332906  56.89770077 101.7021463   54.12677271
  40.06359888  30.18649531  83.58388786  34.44500603  33.00433502
  52.03627933  32.92524337  34.67283168  99.60338189  91.9222475
  25.50515235  30.55039916  54.55058804  21.82365048  39.83687027
  67.46225631  35.81088478  59.7070108   91.61556299  44.83683331
  20.78704637  42.56173489  68.45496579  25.9210759   54.83582137
  24.70776383  47.08643328  65.01631867  22.48389867  49.99939975
  37.92860543  59.30621194  16.9001388   22.82304861  23.07958545
  72.37856269  23.22823357  73.8266287  107.36611031  17.95213691
  45.08047644  52.84584622  18.73180778  27.64517184  33.71952569
  35.57771618  23.76365204  81.07074135  58.55099228  29.13904966
  32.98881678  33.36461773  57.71509627  49.6409055   71.6920075
  50.21331526  58.71595758  33.81919543  37.03405728  24.14369681
  55.11633027  68.45428336  96.10771498  14.13018564  50.70627263
  27.71415968  42.65060056  25.55028608  24.47452239  22.92835667
  63.22318651  31.16378511  31.8583343   68.59726105  37.48818144
  66.55935656  34.89963455  21.90140492  23.01770437  31.06948927
  47.48386341  32.45557883  42.16858227  72.10622842  57.88761422
  29.43350132  83.77484463 100.07883315  30.7867435   19.92395478
 152.40069751  44.49475274  31.17047134  49.22854793  40.28073262
  37.35938392  18.28380986  58.32211909  29.07114768  33.2435795
  65.20023023  90.34881762  30.32198575  32.01827472  23.28794035
  57.30969663  24.69972856  36.11152535  29.77127878  73.99390576
  86.88446803  48.81082835  54.34475061  27.80222947  35.4131302
  36.25636335  82.86615661  30.18288121  57.67224746  26.72783212
  13.45593485  23.75857571  50.49945211  14.72998091  25.30252793
  23.40198136  34.95084106  40.97797365  44.81815357  33.09860039
  32.53144728  72.41720582  15.14521964  18.39827086  77.02484601
  38.88293465  20.29623273  81.42439227  20.79563503  96.78250098
  30.07597762  21.71792377  28.00734523  18.07322746  29.11083447
  73.8106176   25.01626391  22.65659834  41.86795312  70.46342512
  66.73242253  31.54122682  63.68801002  67.1447978   33.46151566
  28.06733668  24.78633731  47.33964087  34.49871591  68.04440782
  17.24388251  28.64213019  28.39971638  40.0716372   31.23439916
  21.39420397  49.12977219  19.04412667  62.2504653  102.24440325
  43.4368511   54.07790416  60.20188022  23.9339534   23.32363805
  59.60399558  18.99367675  60.41493719  72.79900107  44.59524987
  26.50369262  26.38201261  39.73209149 112.87802218  29.10362611
  53.5053394   40.49525021  94.21229809  32.30184672  78.58551288
  50.18622539  92.9655674   59.75748545  72.28251488  49.27641653
  26.88584405  82.19668653  28.77827005  27.9421017   15.82202247
  39.0010716   30.81988659  39.91656638  51.12112416  26.79962744
  36.70440235  58.73003353  60.60975663  67.0304007   25.63222205
  33.62480596  29.83636754  48.93126376  98.63445427  26.47875475
  25.76040788  96.44864356  42.11700852  22.74434937  43.62608047
  65.92885093  21.52029922  34.20795443  48.71289651  22.00647312
  45.55131432  22.71370184  40.52243672  41.16826048  27.64803199
  37.1677783   40.73454379  24.22992143  29.22839114  77.80371063
  34.34216437  24.51545034  19.31602389  35.17641517  20.97211076
  42.3052978   40.5858801  106.71279316  64.72689245  12.42478531
 112.15895495  21.31443527  33.88805473  43.16244462  49.35696301
  21.55087336  20.40063533  29.74174403  30.08551024  78.979913
  32.82900689  41.15279984  67.51338069  32.44166003  30.87616306
  19.81731296  34.19457981  23.51483286  31.89774356  30.85766075
  66.81503488  32.9400564   62.13782367  38.44428181  28.81258932
  90.98493612  29.8873271   56.77812856  38.58339865  25.64073898
  26.99410691  20.72330729  22.34236365  13.12031026  30.25837168
  75.22244563  45.3405185   70.73939552  15.96592723  21.22880737
  49.24487911  88.0445295   17.38435881  40.59825787  88.68512148
  55.72545535  87.76894477  15.92758128  22.8879557   25.12782179
  17.39046635  22.25542819 103.63075647  40.0721824   80.25371594
  24.33490376  23.65028877  25.32922516  47.51123346  74.44177072
  34.92717989  38.4916384   30.60808666  80.5450021   63.58110774
  28.03909372  23.39446543  29.62538585  27.25265433  27.00167473
  42.35221162  37.96050556  29.4536845   64.63374172  30.17495024
  24.18198688  29.70511181  39.91731841  74.76434227  64.72304473
  31.24832581  46.31027816  53.7149699   18.34335797  19.81378289
  45.39141004  40.80372222  24.78134938  27.88360237  69.10073455
  48.00523928  20.859229    50.20747367  31.5411605   35.14783965
  60.79835962  18.18047219  51.70173783  19.00538862  30.29545834
  80.09010083  35.36659829  23.55518353  31.14301262  72.61316373
  62.61533724  31.14158744  32.66989606  55.66988661  30.42665086
  18.77404385  26.51467798  59.08791049  52.45391225  55.53458931
  91.59190354  53.70383661  51.86808563  33.34158964  46.31195201
  30.83640251  46.03422339  46.44652988  40.44816981  37.85342682
  22.86390071  33.40555991  92.12503767  64.6336022   33.07989459
  16.74728276  57.54469251 165.95901461  55.84354248  70.6967604
  29.6187158   39.17315907  75.86907005  46.42806667  17.00752338
  22.96444308  21.92551431  37.26602532  19.41358628  48.43460407
  40.49307616  57.58894464  30.18966018  66.50675704  51.93082607
  83.15995016  18.81884031  19.89485545  36.75363414  83.88319603
  82.81122688  37.04110543  38.78540574  48.58316231  52.30595582
  28.32135192  68.69395726  40.51267514  23.3064781   24.98720056
  23.2266326   23.40595107  73.6538271   38.26959892  68.28302339
  46.35650139  62.44633775  44.07770407  29.19610905  42.22820412
  63.29040101  46.31527669  16.80088054  26.93166771  18.76202288
  21.493111    43.8992855   62.38187624  64.04615417  33.51492483
  89.03586045  59.00654936  13.95376401  31.71333147  70.61851289
  82.13851525  36.52678225  20.97304788  83.25676711  78.11875846
  27.83073943  73.06766215  50.42803366  31.11969306  37.8619726
  42.86474881  79.42679214  85.99728987  48.35017074  47.53150007
  25.41500613  36.06093293  26.57222303  86.29277107  22.33058107
  35.07135462 113.79631615  67.83270542  54.92429953  40.83132859
  15.23482453  22.25730118  21.98440194  37.85728291  65.81060767
  19.10879316  56.25687383  83.87450991  33.37514533  85.60452385
  38.15024781  87.52176019  62.98118165  85.9052634   17.23990459
  25.04888187  70.47658743  35.5397467   34.44329575  32.76057975
  27.68860728  54.70166363  55.92935454  38.23349738  67.92880899
  43.47225812  72.1362962   40.08010983  46.38724917  51.77508323
  42.99560731  49.51120834  20.17471266  30.57861312  30.86486196
  26.28135034  44.51505447  84.17544731  22.89782022  18.62654964
  69.52015212  41.68543121  60.54483571  47.29590439  64.96495557
  44.03065587  43.60548876  19.74658711  68.71805922  63.70706374
  45.36967001  21.25108887  14.78176141  72.37387343  46.92886938
  45.98112856  23.27528383  60.73667199  26.34163449  38.1394709
  24.12504606  28.15151659  29.78272337  21.15008938  59.86052043
  82.15629116  71.17340477  43.887341    39.27933633 105.64289765
  39.03246097  38.41652757  83.54990751  60.35117865  37.7609353
  72.42329072  30.18235999  83.38718755  29.45772094  43.33844124
  35.55395934  27.84530247  20.59075754  19.34474118  26.74277343
  33.55654405  65.36744582  80.44088388  56.5977009   81.12445273
  50.17064176  55.71849266  39.78711705  48.60230779  22.56898038
  68.52474758  21.92466917  22.68092195  64.19916962  37.58297413
  36.59196666  46.9698094   62.62297629  53.80035232  49.46044248
  79.32702506  36.8908633   33.65048356  21.9251458   62.64255962
  51.08363032  21.18530851  45.05597837  30.61873127  28.66477951
  63.86524949  54.34040976  39.90438646  22.29748474  28.75077668
  23.00721597  29.16577614  33.16032116  24.59692315  27.679012
  41.56404252  35.59074285  52.19485594  61.93841063  33.77624353
  41.01888288  25.78990151  90.28084049  23.74982876  21.60352947
  73.51654901  17.21539193  36.09372456 103.71595245  22.42438108
  43.42724387  23.9819587   44.09585254  36.76322975  56.95583136
  49.57663491  59.51791869  59.58349137  15.35013645  18.21791839
  32.95704375  73.46800688  27.65860123  35.04007314  54.66329969
  28.50717372  66.79276781  20.48097592  26.94590306 109.40183801
  33.30478917  61.69594781  25.55623507  21.70397533  22.59600635
  66.69842694  26.82383708  26.12509214  45.33688937  49.14555181
  31.01314153  67.1349504   25.35380452  68.22469478  76.6978923
  24.68381131  29.27238062  72.08306721  26.01455404  86.53331688
  57.00994009  65.38616723  53.02038853  39.32682843  34.97875398
  33.62436381  30.38386383  71.55516711  20.81824494  70.93424691
  31.45340548  45.12759157  52.89365892  38.40006681  30.23798733
  67.46531029  62.21218918  22.86581803  21.76737691  48.68933529
  23.97619835  28.86334742  50.75921118  56.55644991  35.45432732
 137.03855516  23.96317387  31.28751049  53.07896381  30.5772453
  72.23406136  49.56022704  37.06643441  40.32625788  74.31876576
  23.42253798  25.46560675  47.60678838  40.62507143  24.07854055
  51.92272819  32.3139287   18.54838164  76.50296282  20.63956194]
Test abnormal scores: [84.72042897 72.44665376 84.97162177 ... 81.75686185 30.61946065
 78.4408878 ]
