Logging output to: /scratch/mgirishnair/MotionCLIP_experiment/results/multimodal/classwiseGaussian/classContras/anomaly_results_multimodalClasswiseGaussian_random9.txt
Loaded embeddings:
Z_train_normal: (3024, 512)
Z_test_normal: (759, 512)
Z_test_abnormal: (52932, 512)
Normal classes in training: [19 35 44 51]
class 19: n=753
class 35: n=758
class 44: n=757
class 51: n=756

AUROC : 0.7431
PR-AUC: 0.9945
Threshold (95.0th percentile of train-normal scores): 25.9631

Confusion Matrix:
[[   80   679]
 [ 1742 51190]]

Classification Report:
              precision    recall  f1-score   support

      normal       0.04      0.11      0.06       759
    abnormal       0.99      0.97      0.98     52932

    accuracy                           0.95     53691
   macro avg       0.52      0.54      0.52     53691
weighted avg       0.97      0.95      0.96     53691

Train normal scores:  [19.70781115 24.55689247 20.69642968 ... 23.76717648 23.054137
 21.50051945]
Test normal scores:   [ 40.45128436  54.83620838  65.78252556  27.19468124  56.30887969
  34.9959074   22.99128657  41.36476305  31.4388794   48.49165469
  44.51195992  33.51938062  55.26843111  53.43756386  30.19626802
  23.00981469  31.12037254  53.40997071  34.75141992  19.96578199
  43.45525235  25.18829641  52.96960302  40.81623161  23.30265678
  49.90335863  33.5624779   23.68087073  53.99963287  52.47548338
  48.69010699  33.78780415  54.65652906  51.45244562  79.24128239
  43.81123383  50.59379248  47.07474153  56.38984376  31.02684171
  36.22213202  49.26835128  21.74897022  26.6727952   41.54045595
  25.56849809  40.01859821  32.43253552  33.97131031  42.27104393
  30.12077613  44.60085032  47.20667017  40.321898    58.70511585
  55.61035874  40.49348553  79.79220365  31.28491973  30.48929912
  53.57308914  47.19208634  25.74980756  28.87855236  43.21552733
  25.14131585  60.42538815  45.25139421  55.47203301  83.27712505
  23.25742827  27.03030698  32.69917192  49.86455921  56.36239552
  35.81267709  38.28921509  31.00695853  32.41580751  58.93421115
  61.46273915  36.41573775  45.46245831  68.95947774  39.48838203
  40.70043885  58.69200882  39.88444309  23.90640792 105.56587161
  28.89866991  43.73109263  36.72714695  32.39864027  43.47569611
  54.42047949  22.73754524  32.38286144  28.52234208  25.37324811
  37.46435006  49.15635067  42.76986509  48.78780844  67.20924668
  60.01175438  52.84142036  37.0525573   58.21913439  39.3735256
  17.03753901  63.04920871  27.79798989  39.53575607  28.68932659
  58.91305022  52.87402329  18.79179555  27.48148267  46.16520295
  49.16151882  29.96559978  26.21378971  42.91478911  37.63864063
  48.91821706  30.66282677  29.7979143   49.5320437   31.59923365
  29.68593309  61.59088173  31.54272484  52.22141135  57.96192188
  42.96791199  29.94311271  59.12738413  65.54814298  88.32289185
  25.26335244  36.93921081  33.02025651  45.92203112  17.18190985
  35.50770263  37.67708026  27.33209048  28.16037689  35.89223081
  26.52425928  40.49348777  54.25938186  21.45632807  35.67478551
  38.92247938  41.41332753  45.99906897  21.96938751  29.88073608
  37.95939444  45.29067274  62.8279644   27.57977016  42.18828037
  30.2036332   54.39456905  31.61522489  51.51838435  44.99268746
  41.34237258  49.02026363  31.67561389  36.81159724  54.83832677
  47.58160122  18.60081975  22.29672183  65.84966775  31.89187961
  50.4501363   73.75122544  18.87407512  41.00057465  62.84271639
  40.928388    61.34716481  31.27524338  39.31676005  34.03014344
  41.77121197  39.91479673  48.91720877  52.49593056  31.52570144
  24.01541583  36.88639232  56.62851669  38.46076678  33.15082289
  35.38912317  55.25540714  54.06073515  19.25107318  61.42947043
  42.34596416  55.32344901  65.30318814  31.09264722  53.80669503
  57.23649363  83.35392921  35.61245308  40.1860197   34.6759275
  58.81574136  32.59259308  41.59273664  41.42871857  46.21879593
  24.29762974  49.52339166  26.41351816  19.56821039  41.43207577
  36.34874859  54.70377312  38.82658573  40.69723376  79.83421416
  40.51993954  19.79162839  58.66392383  87.32037263  65.72493789
  28.43341675  38.59216107  28.10779111  24.8293251   31.40675569
  45.03380469  44.73739951  34.24398636  60.76567633  41.43422456
  80.14992689  56.64145519  35.74966829  50.82212233  39.89013577
  35.22169226  40.96046627  29.08997134  26.81008611  34.98058341
  37.01375714  35.69753732  24.88937521  49.09572402  47.02088144
  29.53358092  44.09668775  46.83932913  33.03453746  36.34140508
  60.08344218  41.17310924  30.56851315  88.69245813  21.58242794
  50.85983572  60.53542635  50.91587116  41.3901895   33.65834484
  36.7033378   30.5770135   60.36546949  28.01626508  31.51252402
  57.81719138  45.4298994   36.64100216  20.93576467  36.43154833
  41.13162605  43.33783988  33.33590795  42.90948501  37.69219451
  34.58716466  43.99340717  18.63589132  36.49445009  73.34102199
  46.10049271  57.79056381  36.4424864   48.90177055  41.46323268
  52.87602241  30.05807527  33.98542191  37.35378522  35.71163374
  26.81816339  23.54255205  45.618626    38.04751657  46.15179704
  74.62565844  21.29351969  57.7163712   37.44755109  43.89760903
  32.14237406  35.42629228  16.18462568  40.48928845  73.52368248
  46.11126251  29.91983671  36.03223125  37.37260853  49.50658415
  50.13963723  36.28960756  23.28103911  53.72578532  35.14973968
  36.32922248  24.60302689  52.79142602  38.25942689  58.89940707
  29.64280934  39.13655214  74.03393016  57.53951377  42.21093511
  47.03119396  58.3655583   59.94528942  45.37513412  23.57622725
  37.13105479  21.76118841  75.5896459   42.58434526  45.08966458
  33.13706858  37.52109357  16.68904147  53.91422232  42.52164938
  27.15837216  27.26459782  57.63448639  51.90603445  34.56788063
  59.84644118  45.10619652  29.64415912  46.17283718  43.52577852
  61.92115749  37.86849259  37.01765241  44.57130104  44.5027797
  59.47644131  67.77451418  35.47309858  69.11998454  28.83190089
  40.06970398  45.32579899  42.47668189  42.23146621  55.68508397
  68.30136976  28.82439772  51.09252439  54.18972794  69.04068748
  39.02180358  40.1294277   55.24366323  45.97324432  15.16935078
  43.78072755  32.92480976  41.803506    44.09616832  40.42723882
  51.84634683  36.57011313  24.0766666   32.23874263  61.66300598
  48.16099042  37.92606417  25.87889212  51.48915143  33.47105867
  65.53984779  42.18530068  62.08025129  38.23654152  30.57445713
  36.41499578  31.11911163  36.06445837  35.94349469  56.18339194
  34.96766016  46.15092941  19.80303179  29.75408687  41.55700006
  63.11707431  50.18431082  73.67410488 102.5830783   26.90980012
  39.85340169  38.37493299  42.19727062  34.32552634  42.11548054
  68.53418132  49.97782042  47.60341291  41.05850431  47.27224308
  36.57917839  38.83421724  39.08749995  43.88925698  44.35126443
  35.16744537  43.19315954  36.01784121  59.85955424  26.98822961
  39.87532986  25.22157428  30.89545446  26.38761601  29.97826544
  19.19365113  40.66065252  42.03074123  39.43476935  44.52199398
  53.19706581  37.68152105  49.86760716  23.92893825  56.76767838
  50.5095809   24.34886299  35.25514691  47.02398847  41.67150147
  40.844926    57.72491779  26.19986956  57.51334195  41.67475643
  36.05891756  37.29346295  39.93244857  31.08630231  50.55072695
  57.7571689   46.82679456  71.91342862  40.22378129  49.89521565
  73.26339028  47.72132058  26.05245538  52.77819775  28.02062449
  66.9832616   34.65157283  40.73206464  84.67937197  41.49954775
  20.04441386  50.75561361  41.81563411  56.25013509  36.00784362
  47.88136815  26.13966921  23.65796731  36.360958    45.45878744
  71.59932839  66.89029701  37.70459868  24.27542241  47.98078432
  39.38987229  30.98072593  36.78631104  68.40304769  39.23219239
  55.01155767  60.20128009  59.21329282  67.85341342  38.33882142
  22.12843247  25.96420474  37.47029153  24.30718342  38.36630103
  56.23582719  51.0359867   99.86114836  47.76630378  51.7275938
  28.5150504   73.33159189  64.35138569  32.15064311  32.84314338
  50.92251111  55.39121365  25.76840588  42.69501762  26.72417722
  38.31622314  58.2591672   27.83237572  58.28484151  50.38449759
  67.76846146  45.47600941  46.46748651  31.08866429  37.46037879
  31.76341271  31.75278168  65.48659748  47.6701129   31.25534014
  27.19381186  64.21606896  45.52087544  27.26431074  35.09933795
  44.29894616  31.18868472  34.35133916  47.81465676  44.94109885
  58.92374991  28.27906795  57.1530565   89.74916921  28.47540751
  36.76177551  26.05164244  78.25079606  58.87316258  46.31142536
  24.70632688  43.7022256   42.3571331   51.4212226   87.54333245
  69.34095926  24.08232097  26.24720798  58.44386484  25.53596804
  86.39335398  42.19713248  34.23439974  34.90695015  38.93389992
  33.077527    23.74219511  50.44417346  23.68359303  26.48226856
  49.21885868  45.09725455  33.67321839  17.3874495   36.83276828
  25.47707332  48.98034904  46.33599833  49.08599211  34.19215263
  45.85185428  52.0386493   42.78850282  63.75250038  62.17662855
  49.2579678   78.86005979  29.294991    39.35339332  51.17315516
  33.3636775   43.11020245  21.9812769   49.18603583  27.71292214
  56.67990331  32.4018739   32.72859872  41.64360533  63.20450517
  73.79767167  47.43958175  67.30266097  31.09074379  39.60143625
  42.70294328  50.06362396  44.74048584  52.39239902  24.35624581
  34.22369338  56.9946205   26.70415031  39.05575903  28.967571
  32.10428399  53.49596867  50.28480344  66.07554117  38.86529051
  29.1783399   22.98826252  39.33478614  44.54346666  23.74987837
  45.66211724  53.88130827  71.45957693  30.18742032  16.72904701
  57.89349941  44.09256202  52.61551961  62.66062543  19.8900873
  28.6826251   53.76209298  80.74825681  22.4850163   52.04529033
  49.04000692  16.88956647  41.96836832  21.16251889  87.27431361
  25.60727519  71.43631516  53.99997164  59.52448759  39.036212
  51.32313793  37.10754619  25.93687863  35.1521147   29.92225516
  33.38578558  34.84254744  57.13726684  30.93400337  46.55293273
  39.2600737   33.87560613  22.58946645  65.82844085  37.54912204
  58.84942607  41.70723885  66.41291429  38.6310148   63.92120062
  58.15953821  63.30091079  62.09522976  37.81306061  33.89997649
  29.3266639   17.70665713  72.3633051   42.60468057  85.49058128
  45.33078025  22.20208291  53.91491686  26.87587045  37.3275125
  29.82207203  54.96403581  31.93057955  41.71436601  35.24697346
  68.66244197  36.54443043  65.34911488  31.82580443  44.5190375
  22.04414701  56.52585973  45.89599831  47.71248367  46.58121659
  59.52921082  61.10766208  51.75311037  28.09575592  61.32937468
  37.29321631  60.13687838  57.23815967  20.71836567  75.8188581
  54.08712693  45.65993065  70.55697543  28.5107833   73.90271268
  63.7433205   33.2952215   40.25545683  22.94220775  27.23704035
  44.44400741  42.9639117   30.21890461  27.65726635  52.06488741
  42.36923853  45.04475044  64.8499806   50.04747929  29.82384646
  29.54346037  32.0834614   53.23565841  53.35901945  48.25158484
  54.74978562  34.81931511  20.20628038  28.75789005]
Test abnormal scores: [54.11364039 29.5267137  32.64088214 ... 60.41900321 54.66879034
 30.52932844]
