Logging output to: /scratch/mgirishnair/MotionCLIP_experiment/results/multimodal/classwiseGaussian/classContras/anomaly_results_multimodalClasswiseGaussian_random2.txt
Loaded embeddings:
Z_train_normal: (3019, 512)
Z_test_normal: (757, 512)
Z_test_abnormal: (52939, 512)
Normal classes in training: [ 1  8 19 56]
class 1: n=752
class 8: n=756
class 19: n=753
class 56: n=758

AUROC : 0.7080
PR-AUC: 0.9934
Threshold (95.0th percentile of train-normal scores): 25.8159

Confusion Matrix:
[[   74   683]
 [ 1029 51910]]

Classification Report:
              precision    recall  f1-score   support

      normal       0.07      0.10      0.08       757
    abnormal       0.99      0.98      0.98     52939

    accuracy                           0.97     53696
   macro avg       0.53      0.54      0.53     53696
weighted avg       0.97      0.97      0.97     53696

Train normal scores:  [24.81530478 24.97020299 19.47365411 ... 16.80016622 19.69107041
 23.20986713]
Test normal scores:   [ 32.98730618  35.82405349  19.11280292  40.51252577  32.50858508
  24.12618062  48.1191374   30.37952392  33.40411457  48.59441316
  47.30872122  38.06055027  26.75142018  31.78951314  61.86420355
  35.3553649   56.76231567  33.20606475  73.70045599  38.51239417
 108.82716651  46.03455942  37.69970405  36.78500977  32.34308399
  52.40281976  33.94095382  33.57600283  30.07184852  57.78014486
  37.80481345  41.13335792  37.68664002  38.08643083  45.49738025
  31.73993328  22.67369199  48.87560047  37.09672112  40.49564755
  28.53738714  60.30624717  55.33043777  33.71414769  53.33083241
  27.83005468  30.57286492  40.70081763  57.68134418  48.67560449
  58.85998974  63.25766486  65.78617949  45.06810118  25.866691
  34.64808859  54.78331923  48.5179718   28.40336572  46.61801502
  33.59528179  31.14408891  54.38771248  68.94225738  66.51698547
  41.95542378  26.00811734  38.77900454  54.14652235  47.08016484
  23.92285414  52.81035741  28.55353328  31.1286911   43.94653879
  31.16645145  47.1199266   31.27590023  39.47006714  48.04294566
  49.71703781  61.47673032  61.99248731  27.73039237  31.59325876
  59.81441214  45.59797406  41.94767853  44.59362848  23.60619878
  54.34272392  53.53396425  77.98363297  58.29353024  31.19898984
  33.07735873  40.18006862  35.31745563  44.84644687  24.43187143
  27.61743564  46.22181344  33.47517342  37.33300093  47.97490044
  48.58118237  62.69960624  51.25580801  44.64100798  24.59981415
  32.87502164  49.84764608  46.21540114  35.31405874  35.88341533
  70.02547907  34.00367002  26.89852895  25.3752418   36.90206224
  45.17582047  28.95670506  47.86508707  32.4207623   48.97711597
  49.51607311  33.76280344  24.16106764  44.2540412   19.42796039
  54.17510521  45.50802428  40.01225121  35.18129183  51.19510398
  78.35914177  26.96994718  76.32893913  37.29129657  33.70578137
  39.26951714  23.93719963  20.25839917  76.65378724  21.32677271
  23.73665422  31.62883023  34.65456248  41.23343119  40.63014022
  30.79970686  55.2437907   49.42900674  27.56200883  47.80105684
  42.12727386  20.49160525  41.84717992  29.32804562  38.31443206
  40.49255297  44.2151009   25.58134568  33.14802653  36.72566725
  30.04009644  22.79149774  47.61255205  44.78508632  34.12749963
  54.02127262  42.62830215  42.38260604  29.67113939  47.42875877
  34.11497933  29.56305586  30.55373628  54.81283865  51.85547186
  25.5059331   47.9671414   51.40608472  28.03512726  32.03127576
  67.67725448  42.90901375  34.30447076  47.01052998  23.83767143
  28.61825066  64.85953654  46.02742314  54.98124208  50.23474615
  47.86684222  34.32864314  32.37836473  18.19328189  56.59097969
  41.8445864   29.79402634  48.21412982  54.63129312  45.380616
  66.46153019  45.77417218  39.24979646  34.65518171  44.47819449
  47.68071714  41.63364224  31.62156845  45.52442335  33.26412556
  36.9613739   75.21837267  63.94560308  48.43348024  69.50604367
  44.78733636  53.53148956  23.7021231   36.526448    69.77100497
  31.15038269  24.40738173  47.39382099  28.88157646  55.40055278
  61.16051637  43.38067817  34.54205823  54.71046301  46.70649436
  42.09491603  27.65811073  47.86871575  40.69578431  47.18807607
  39.59045914  53.48372031  31.07496594  41.7196307   26.31651528
  33.32749644  46.35009289  42.96072136  45.76446032  28.25142747
  23.84978953  54.35989342  48.35903368  23.26906302  86.20782927
  27.87548143  20.83511189  44.89376884  34.41389484  24.79795359
  66.1277521   57.20842977  29.63584372  52.64500398  33.00904427
  46.88954337  47.68455328  55.7084119   41.51913488  50.1247234
  30.0743973   46.26083104  44.69687336  28.4406995   58.61287896
  37.71669008  24.00263744  21.82669141  31.77959322  35.3596464
  31.5522608   35.08726667  51.40733022  19.60674787  80.25444462
  42.70443387  28.74543213  57.83263415  61.85470367  46.60323152
  28.46677774  56.19403971  55.39873472  52.06415391  35.53627629
  38.49549623  28.05350247  26.245237    26.79035818  56.7161558
  36.19146094  53.53034582  31.06483207  26.35764888  58.25291142
  43.61463519  45.65874353  46.93563472  38.22801308  42.71108611
  35.59373906  59.88357825  23.46240678  45.16183063  63.09072058
  46.8762798   50.46512315  40.56065634  44.54258119  36.89326288
  39.1700168   36.63499156  32.49199833  54.92113062  23.71952398
  49.89717202  47.01669152  30.97093618  64.07316513  76.09272675
  42.14147017  32.543326    21.26241205  45.50576743  32.35015306
  43.60468501  37.525017    41.32639297  61.41597145  36.44863117
  24.67984848  35.84063214  37.07776807  38.51406384  42.78661925
  38.37094134  55.22564238  32.84434818  40.51982636  50.87072535
  54.36362474  65.30882138  42.96456213  44.87000649  35.60210478
  27.51713038  31.04737619  52.66504464  43.18801048  30.58352067
  52.04644117  36.05960093  25.85291684  45.06711594  28.80781314
  29.84837069  36.90917487  27.67536309  54.86968766  28.25726592
  37.22663759  38.70635436  25.95155857  38.99914165  30.18663594
  42.7240675   31.79094109  59.48394837  59.49202955  54.06639538
  35.36444797  26.95108491  70.5798129   23.78903465  41.5058859
  42.31107223  61.15884375  63.88750749  51.09489311  46.05132933
  58.0627272   44.95747908  57.81624586  33.29077857  51.32549134
  40.86914907  32.78986888  33.68310016  47.87595898  35.79618908
  58.7072843   34.29015024  46.17490607  41.57842708  53.35799085
  35.05531534  42.99767556  56.94229946  36.13022951  31.83237084
  35.58421711  61.3329021   42.16119137  58.72487508  30.10323107
  48.15765554  22.03934419  31.83957717  30.96729748  37.86260501
  32.96387164  69.23667004  51.99749825  20.05817876  28.08807473
  34.18973163  29.616723    45.78808393  32.44182243  35.75078248
  21.02922279  51.17953741  48.55673693  23.59351759  32.62740672
  46.97704512  45.28802399  39.92179865  34.05865424  51.09563539
  29.96419689  43.75109266  24.32404798  50.65234667  51.31350697
  35.93892927  48.0527977   34.36022587  66.1356075   68.18093629
  29.92446495  36.8288961   34.34848892  54.03076145  26.40573016
  34.36294029  21.15037456  39.88343118  25.04961528  29.10024753
  35.23879906  47.38438439  49.30463601  28.87083666  92.27834849
  59.24737995  62.64586681  51.25044601  35.58848212  56.73888671
  59.8528341   46.78649694  44.610084    46.96850368  33.1841828
  38.83758299  45.95836137  48.08077895  55.70667816  36.93080486
  42.35327196  32.62428071  59.13422681  22.28495266  39.65674455
  52.51899287  37.09533194  54.81394048  50.85501738  22.02064799
  24.91225521  47.6433147   18.14859856  65.46931109  64.82219197
  36.40752012  53.11554359  23.72679739  22.39458458  53.21466915
  39.63269642  38.21923262  42.03006129  16.436746    31.43165503
  43.57824206  17.8582747   42.53296269  63.74323432  34.71018275
  46.31122482  34.85871614  22.64206176  65.93857489  52.78553399
  40.08996105  26.0938395   19.36120704  54.11133565  41.28365266
  34.71871698  44.80058313  44.97042847  39.90734716  39.83211647
  49.94980527  54.84704043  42.45194462  36.38308885  44.03839136
  49.13006161  30.43226425  40.48692782  49.48920727  54.72177847
  29.6360358   67.41422397  23.74863534  35.72810582  26.35286482
  54.97940273  27.07880411  39.28932183  38.33757658  21.83849095
  47.79302805  36.99519338  56.57230602  70.59441668  75.88743998
  29.79635172  29.30824121  42.15547881  45.97922395  47.32761377
  47.4202215   21.87441659  18.30972868  23.80848468  46.11387481
  39.27306726  46.1782587   38.80983688  22.68016818  48.03899281
  18.24121026  44.32323734  32.84919003  37.27917711  36.22477752
  24.80244056  29.18051495  40.71488118  20.21841304  40.69481292
  22.10398094  29.30193754  61.62593633  20.3720993   82.62354425
  20.16159884  46.136195    49.92823575  36.30281233  63.07039996
  43.11243488  45.86019872  42.94765589  44.47407332  55.7097115
  37.30487913  42.68986362  66.07151951  28.8167432   35.87721769
  56.13731985  43.17236355  25.11968017  78.00114505  57.73209141
  36.85489901  43.38368117  50.26368658  31.6047047   58.12794743
  36.12701466  29.34589038  23.52837078  36.73935164  37.09792262
  51.10726492  44.32430747  40.09532311  32.83723334  26.5920832
  66.41116659  40.61705852  42.03974195  34.10124392  59.57686806
  21.71889488  60.66649691  26.87356426  33.27336719  24.71049811
  46.50446106  26.64585314  41.42038805  34.0217386   34.70317259
  67.06955783  22.47831601  56.10743454  69.38466645  41.61868658
  24.63036085  41.54233655  54.6568562   39.57828697  55.97119617
  48.0319916   31.75052725  50.63280329  26.1013352   27.03716819
  42.75594294  20.11752094  35.05959999  31.87630434  38.92290806
  37.89554333  73.29724046  39.02473528  65.29192931  31.12780677
  34.91050572  57.17042779  45.33066492  73.76333751  35.80830211
  55.75083652  45.54467212  50.98463817  60.02109076  36.35027418
  22.64544428  38.87511642  38.92290764  43.20277832  32.17065039
  54.72849079  43.60359313  47.38521311  43.1358052   44.23935845
  36.3223637   77.10245523  58.70999516  69.95807977  54.94919078
  33.20434791  48.10682602  29.47847281  29.30181709  27.71483143
  44.7068719   35.87269409  43.5827571   28.07148593  46.26180933
  44.05223753  37.5777268   49.03011315  35.74804279  61.61647508
  52.8531015   50.62702014  42.91038232  53.05583024  26.66418928
  49.21867321  50.32150467  60.5992149   75.76689743  41.49475155
  64.47067494  34.0031735   67.67207612  30.44886645  33.27448752
  43.90277617  28.00354041  33.48281192  42.22776441  49.63441355
  60.09721492  50.89882731  34.63836709  52.30073117  30.81175112
  68.54575488  36.00106349  35.32301724  47.58287456  32.68394227
  39.90848974  41.19210917  31.08068726  29.7392745   57.70815041
  69.63111212  47.86781788  44.3753002   32.3925384   71.82338688
  66.83772402  65.82813407  25.75311565  33.24282471  44.26907669
  44.63408813  40.95196785  34.06153376  55.21399663  30.0402505
  27.66266088  17.88171128  30.52042468  26.33532164  69.83506861
  26.56846543  41.62213072  59.1446314   46.85689776  69.52127201
  40.06589948  23.91389636]
Test abnormal scores: [53.37799025 29.3632424  50.18159694 ... 59.1187655  51.53881986
 40.0387472 ]
