Logging output to: /scratch/mgirishnair/MotionCLIP_experiment/results/multimodal/classwiseGaussian/classContras/anomaly_results_multimodalClasswiseGaussian_random7.txt
Loaded embeddings:
Z_train_normal: (3022, 512)
Z_test_normal: (757, 512)
Z_test_abnormal: (52936, 512)
Normal classes in training: [ 6 14 19 40]
class 6: n=755
class 14: n=756
class 19: n=753
class 40: n=758

AUROC : 0.8690
PR-AUC: 0.9974
Threshold (95.0th percentile of train-normal scores): 25.8862

Confusion Matrix:
[[   85   672]
 [  143 52793]]

Classification Report:
              precision    recall  f1-score   support

      normal       0.37      0.11      0.17       757
    abnormal       0.99      1.00      0.99     52936

    accuracy                           0.98     53693
   macro avg       0.68      0.55      0.58     53693
weighted avg       0.98      0.98      0.98     53693

Train normal scores:  [21.36869107 26.27513087 24.19037757 ... 23.38027438 23.81393037
 16.46984843]
Test normal scores:   [ 79.23275475  34.01313969  39.663918    54.28838877  43.79402938
  29.55794244  44.51152372  50.50995582  49.82653279  57.66007217
  71.78824623  38.13843982  29.16033919  70.32047012  23.61410051
  37.69523242  61.61492997  23.72080368  66.20690347  27.91317353
  31.26441011  33.8422963   37.54024178  39.60233858  62.28076117
  25.04972393  78.93108962  26.04906827  71.61821015  35.13797535
  27.96718174  42.05079859  46.46248829  22.87127417  56.02466144
  61.76920196  64.72237964  36.24952559  33.60109122  47.38314439
  34.36540536  58.17795928  40.57615165  54.85559425  43.14887228
  22.87045337  38.04104646  46.70538115  36.23392301  42.36691848
  31.72072665  26.37804911  39.36623828  44.21347206  26.26005676
  20.6890265   25.49751179  41.2225984   41.00683355  40.56863424
  28.10538973  38.16810499  17.07820882  30.10237413  57.89919484
  50.66451254  37.13474595  41.66024494  23.44948568  47.95226454
  90.05782734  36.88983745  32.62920466  41.76464458  57.52490202
  22.25045549  35.60269846  60.34858198  22.32843612  40.74841481
  37.27615105  54.06540114  64.68833795  38.16548185  41.71245213
  34.09560869  46.38690875  59.25766662  23.57740305  32.80237614
  33.6966252   44.553089    53.71083935  61.64766669  56.73854119
  34.23994872  32.14511354  23.83309328  70.79128998  34.86984764
  30.30351036  23.67965909  71.59501733  56.15201966  47.99674145
  47.38783785  57.67864163  39.87276143  20.22429579  60.07990266
  33.91453986  32.4539739   32.06638365  63.33848606  44.93739793
  28.34569697  32.05786373  31.29118851  33.87235629  26.48993615
  23.23450702  56.01002229  25.58576603  25.78643448  47.87853216
  40.48017035  56.28402254  66.41786474  39.38690105  51.06657962
  33.57455665  43.53404346  43.04453111  33.95903859  36.97014487
  34.41024453  47.79717435  38.39963732  35.92696357  24.85150088
  16.88909396  33.75319662  39.17056904  47.21387852  25.55478646
  47.66627043  32.02721623  58.3281788   47.81344708  64.70468933
  23.60998917  48.82569919  78.26318452  40.98600073  38.60110532
  36.63614544  41.58896767  47.9420074   55.24288451  54.60838169
  27.17467991  59.8904436   56.12253756  30.76895979  36.9803264
  66.6856869   44.0973587   63.46171486  63.21231386  33.39716321
  35.60533819  32.04251397  42.91355081  32.8400446   46.11559062
  35.04047686  37.96534752  35.11376402  51.11062239  92.98731517
  43.81101897  29.00143456  66.54057058  30.07928978  40.3214582
  37.04883466  65.27490166  26.53458786  40.83420465  41.3309313
  32.60436881  29.76020578  35.95259551  27.90433911  55.23593658
  31.94776395  36.94895982  60.21547108  30.72778527  30.86922126
  39.63191956  35.87302008  30.99640404  30.3538498   40.29389514
  63.71742445  71.76949978  75.5203054   52.78368173  49.75877535
  37.47938316  63.39520272  33.63891512  37.58684192  58.65078386
  49.97811977  44.76614334  92.54276295  85.58864024  23.86505834
  55.79296737  51.42445739  38.01500514  42.8534064   25.27362339
  47.48617568  39.530412    46.58962599  34.21025207  56.15469319
  47.24959229  23.0192991   23.24648876  49.67105327  79.17484518
  27.74967795  28.56875964  37.65619698  45.49121219  65.06618104
  32.37076424  39.55221204  50.2816591   43.68527408  47.16711507
  49.08594399  32.14980731  64.07133509  45.64009793  25.61643961
  26.31270055  53.55121712  49.52057003  34.11035893  59.20575346
  26.35484803  47.69003746  29.66032614  72.5170811   67.2386202
  44.70948105  32.97757272  37.29948486  51.40102365  34.6960949
  54.01604684  20.49555862  46.09967681  30.03757859  38.10465199
  31.32949399  76.67248972  54.94152651  42.92747347  24.54850023
  27.21885311  38.16538168  51.65495096  64.32265536  40.38943676
  48.17275398  43.77678852  35.30055604  41.4591399   42.03668693
  35.75609344  40.8268084   42.28383122  32.92233854  34.06737901
  34.64889638  39.66137296  51.88213383  34.14643215  38.17816076
  74.10153809  40.65627921  46.38081266  39.3597716   46.7939534
  31.71394206  45.21027772  23.53458281  37.85639074  68.70678761
  36.51250665  41.27233979  45.34590155  41.35677795  32.28018348
  37.18215524  50.37638669  23.88049112  48.88585244  52.87340361
  21.80557217  43.11065417  81.27930579  44.74554976  30.22384029
  44.95050881  20.73420152  30.58312743  36.35797443  36.85087142
  34.40577675  29.02262464  56.54394372  49.81245728  24.00004112
  32.69054104  45.29465001  23.08370641  49.20010156  20.3912276
  63.68080536  60.49422637 102.35222498  37.2254203   38.95316342
  48.37032936  36.37830159  49.81514326  28.86797405  36.76910543
  37.27227662  39.4338554   46.88807078  25.85936009  33.0527313
  34.96763546  41.53301901  36.98123609  69.54325411  38.07534967
  34.80365067  33.22573286  25.51823276  30.69363398  57.78731733
  37.88681612  67.99359763  51.44393077  50.81505767  38.83048647
  47.2813696   67.70801407  50.224445    47.04825886  37.63916059
  19.45142931  36.58443665  38.36411357  40.07764316  50.36823612
  35.51600244  37.64099333  19.8182747   20.80117454  21.00730088
  80.83293663  28.4487362   41.44081603  56.57691144  88.65891767
  49.57090681  61.54586985  60.48919636  33.47972539  54.56153254
  72.56869297  38.80775079  32.51171898  31.05828621  16.50774321
  32.8358824   23.64543578  49.26487107  65.75481396  47.85904472
  20.7266573   26.80304156  43.78229312  28.49099015  40.66338776
  32.53388087  25.04949956  65.68123313  30.21678449 104.87476318
  52.53321901  17.53169888  29.2059374   39.9499138   81.19983479
  40.74199549  52.70931784  53.65309688  41.55953063  37.5010369
  41.27222998  72.74172538  36.39531967  18.51207114  39.36781404
  64.87570358  33.46136694  42.98139398  38.29312595  31.05840174
  46.98232626  37.50640432  29.78021139  31.96379281  23.93987686
  46.06060465  80.39397726  41.46730954  20.94813309  55.22151961
  42.21739117  24.02307598  44.47176869  39.61151321  55.8129438
  31.86089162  47.40895943  41.40720813  47.9701261   53.39282909
  95.03827106  40.35263678  26.76040828  29.67165324  29.51534771
  26.96584535  31.55331732  32.43088306  30.53727936  51.86176099
  34.60113319  24.55310388  32.18252403  46.6207495   35.29428623
  19.45855101  36.83755975  44.2274897   39.21774865  34.57897719
  24.54261456  40.73310797  39.82869358  27.83408895  35.32704706
  77.33383449  49.45322176  45.17908883  37.01983914  33.42659559
  39.66251195  41.22315606  42.11292465  75.3021415   24.90278981
  38.73763994  28.58585052  62.36054016  52.01985129  24.42981697
  35.97025471  41.72375372  35.5566432   35.06380512  41.41741643
  43.387929    24.24826265  27.09215693  83.23180514  67.47860892
  17.85031269  31.89694195  37.37841357  15.78257011  51.38695606
  57.81732298  43.86418952  27.92687732  38.08266529  41.2088904
  48.97443403  82.60780561  45.21737165  41.3250356   36.306471
  24.67463018  73.45604933  54.75728209  67.66577673  40.51496562
  33.87406573  29.95936938  36.19945709  24.21277604  22.02566778
  33.40825168  35.8222865   51.81452503  33.32176168  38.57460377
  40.62916322  65.60788287  33.19216048  34.36356266  46.05289477
  41.92035885  31.61256492  39.58415732  21.35252297  32.22897787
  48.06210142  46.54150082  42.76808442  37.05267071  31.15905527
  32.19007256  51.2423196   22.26433517  36.77125224  55.0999799
  26.65647153  28.35594788  18.37745548  53.48266285  39.82140035
  25.04550808  21.01520011  26.04946062  21.26544519  31.19360499
  46.12605914  43.49410158  36.54896349  25.04450783  71.55120266
  30.25996891  30.65798891  30.2807361   94.14374963  57.21189795
  63.33825521  32.08688182  34.85991951  33.01327751  40.69029047
  20.17946447  69.99903297  36.31437201  40.42079578  48.68094207
  77.73485976  35.77816928  73.85494789  33.5502858   39.84499664
  30.40262847  33.63788187  36.67003831  35.3082134   36.06098767
  26.72942698  43.53637831  40.21454451  46.97055903  51.11738293
  53.76185232  62.08876764  48.60436739  58.83252334  32.6248291
  33.67209776  73.91279637  39.21633211  25.72829813  55.88777821
  41.87658829  59.34368637  67.34475577  45.10522332  36.31481037
  51.85394446  79.83376344  41.70946869  19.33453363  58.03245149
  48.23872446  30.77270466  55.08929864  26.15869531  56.2164289
  68.19467218  49.7917283   36.34947468 110.9131046   92.05435677
  46.85881888  32.5674734   46.5287188   63.82967675  31.67456417
  33.74020936  31.13811684  54.2040633   44.49723424  50.03752952
  43.05438909  33.62137062  32.45783709  48.00278749  40.82808554
  49.06846958  21.93771557  43.35574452  33.55431357  41.07040825
  38.78085401  65.74222579  28.53490855  36.09598061  23.64960778
  39.82492131  36.92639504  52.25823814  44.02649055  51.74223344
  37.32140523  32.27942655  31.47824013  53.77569766  48.36031401
  28.91354592  29.68429942  29.21904788  37.37422675  28.15069943
  52.57842159  65.52601814  46.23832766  28.82601672  48.50260553
  70.00045142  28.53647588  37.12021002  26.2314266   39.78058313
  22.41947167  49.57555687  26.59952917  38.80097444  44.03241639
  50.07726565  23.82846585  30.78571901  45.99706795  39.47353901
  22.30024731  59.12150155  36.82578617  38.43699916  36.21687992
  63.36798745  21.03712163  58.11613613  49.3652638   89.46133533
  42.81231651  29.14829732  17.38469226  12.02233428  42.6876359
  50.36252148  31.61464197  49.67653855  36.10319293  47.9834082
  46.96151055  30.32178889  24.09796674  26.19418635  48.51568175
  46.81139328  29.86878018  31.48343969  35.64412902  34.93040288
  45.40792341  40.51604135  34.07612476  50.31927248  46.83465093
  31.91456699  22.52293399  31.4397457   35.60459676  34.39150545
  49.72383546  38.01705161  61.48079714  17.9682705   34.9574175
  49.66637219  59.17877887  61.28527841  35.19313809  49.87546052
  63.10176653  34.19063325  34.07293961  34.26184019  41.7339955
  53.28156132  91.49398986  45.45966436  58.63924307  48.56848255
  22.1082713   30.82761814  41.96020434  27.76529232  35.10699402
  51.01811013  29.05985037  40.07223448  19.36954461  54.91527664
  40.20748485  49.98741418]
Test abnormal scores: [ 54.66054597 109.70776331  57.87364713 ...  59.57014538  51.56053991
 102.78624291]
