Logging output to: /scratch/mgirishnair/MotionCLIP_experiment/results/multimodal/classwiseGaussian/classContras/anomaly_results_multimodalClasswiseGaussian_office.txt
Loaded embeddings:
Z_train_normal: (3026, 512)
Z_test_normal: (758, 512)
Z_test_abnormal: (52931, 512)
Normal classes in training: [29 30 31 34]
class 29: n=755
class 30: n=756
class 31: n=757
class 34: n=758

AUROC : 0.8715
PR-AUC: 0.9977
Threshold (95.0th percentile of train-normal scores): 26.1062

Confusion Matrix:
[[  146   612]
 [  562 52369]]

Classification Report:
              precision    recall  f1-score   support

      normal       0.21      0.19      0.20       758
    abnormal       0.99      0.99      0.99     52931

    accuracy                           0.98     53689
   macro avg       0.60      0.59      0.59     53689
weighted avg       0.98      0.98      0.98     53689

Train normal scores:  [25.90730235 25.10492884 24.44378876 ... 21.41622161 24.92648607
 19.2059641 ]
Test normal scores:   [ 65.18632442  30.06324026  28.68974499  32.89218615  23.62546492
  26.7277371   35.16173428  46.42712187  29.80524747  26.43441312
  19.7119028   72.84845586  49.59210404  69.87121714  59.2238786
  18.76718923  41.30084398  17.81881704  34.69180156  24.7852397
  28.52417101  36.63598483  49.16179756  55.81631721  35.19998288
  51.42315816  25.61894167  50.36358343  57.97860879  41.72483145
  92.84068203  30.18734194  40.8940684   53.83665167  50.83261266
  32.03154204  43.52551419  26.55732401  26.45799502  36.71597811
  33.33515046  25.71017636  38.43093414  30.02912996  48.31192192
  98.150666    22.48679792  25.65913482  41.96300184  44.72807156
  61.4488426   42.40169601  53.77258409  64.99618934  49.31952108
  52.45096127  32.66939343  39.48139071  31.03710815  33.02772439
  40.97890804  56.0357396   56.26733523  26.03640529  34.90444801
  42.88961641  59.42746981  34.0092839   40.92544152  23.71730391
  37.24461169  39.44485658  20.29446147  49.0720826   19.48729108
  45.64341317  94.78891477  29.33380245  17.09714223  26.16568046
  86.71055384  16.15737087  24.7698124   35.23528394  18.46336672
  20.71771142  41.39276286  67.94576418  20.99690406  53.15367833
  20.78652569  45.52324539  48.58970617  28.28197836  35.22927771
  33.30973656  26.77588819  63.84185608  22.60696558  33.73443603
  59.51805121  45.28038287  17.52719934  27.76497607  20.45606834
  33.11063368  18.71076873  44.64989063  40.33482103  25.60091258
  49.64406679  27.96925838  58.83924164  42.61819139  36.12176898
  48.14865562  44.08095913  47.24222868  80.41773675  21.98510091
  18.12226881  38.17030349  25.13810166  20.83970968  61.78399644
  22.1462969   15.33139288  23.40965804  49.97542677  57.34663749
  53.58883931  26.19544166  18.95921204  43.90790285  52.30614177
  46.58378003  43.93768478  43.93541285  33.82669671  31.38584853
  50.43519047  29.8476001   36.46405563  51.87809734  20.69380441
  28.85281683  56.72934577  35.08632586  45.30155958  32.9215137
  83.19758282  45.57348993  34.53077793  35.65880959  60.25371209
  26.00802191  48.40578167  48.33320797  61.99652872  81.36804477
  56.36192445  45.09504159  42.41723557  39.65185303  65.20254686
  19.66037503  30.46307861  41.35677057  22.90904243  53.47330988
  29.414892    41.76354162  25.64206515  87.92277607  65.07627264
  36.06890633  45.61074703  42.02826156  50.02524917  61.71425229
  44.48730556  32.22093839  34.34515235  23.15611776  68.80522775
  58.36395277  62.14405969  38.63311524  41.55845035  26.46780345
  35.80364894  33.92625283  35.83107101  62.66500831  30.1912601
  69.78576301  91.13786894  29.85754688  44.44534768  42.61447126
  41.15544365  63.50244309  30.23861825  32.3380006   26.60351612
  49.10378354  32.5251919   30.30343645  34.80529696  45.41163534
  25.66297804  59.72998244  69.32644094  72.18674901  76.64158053
  73.68067062  60.70491487  67.66643269  40.77456226  28.70604426
  58.40959285  44.42753607  39.59009141  24.27451353  62.33931905
  34.30483469  64.41620242  25.6242763   32.46692252  20.15002639
  39.13206622  37.83347117  59.48766516  34.66885867  30.14295196
  36.93404806  29.36706806  59.1122944   54.96481507  55.09857301
  71.88687339  43.81165374  34.24919191 100.72977065  29.10765179
  71.28661947  67.05413974  65.39017433  34.44409263  45.36668639
  20.51156796  22.57333492  24.75609035  34.28813514  47.19574629
  42.31468128  28.72201426  64.89063333  23.90867625  28.87807381
  48.94849492  15.53541334  52.74854438  21.94766224  31.60729831
  24.53826201  37.45694844  41.86053939  47.28859598  80.84105451
  70.8897334   37.57775347  16.69609449  22.1648531   39.8113549
  21.63948704  44.6519258   20.3627423   41.06645667  26.9327999
  29.38119468  21.8456337   81.40157441  23.99176389  56.72166007
  60.25787013  34.61883551  72.18444824  67.82112833  53.90170095
  40.82211832  54.06673988  24.41806143  42.6729248   34.2780407
  45.91819294  20.04681201  19.58933174  34.51036343  49.63478137
  38.08588719  31.66585635  15.51520884  31.93268998  18.12183101
  71.65405057  61.57109985  42.19818422  48.95652992  62.55802099
  41.57083788  23.55752121  25.74255854  39.46107669  22.03164637
  26.32283709  56.36910697  62.46550858  59.32707099  52.00691549
  38.20348247  51.42125811  49.39946835  17.2501378   54.68319543
  28.0107575   50.04548516  27.31937506  41.95303135  27.0548852
  39.50547476  23.90861995  54.16745701  55.48976361  76.58986556
  42.17521067  23.72977952  58.43333911  66.29659125  73.9510163
  40.20483714  38.33004716  57.06083225  25.08595441  49.6242192
  28.81330464  29.53649265  52.69009534  23.40629394  21.62519315
  46.33586439  53.77177414  21.54198885  41.86180467  43.83609117
  22.88040806  50.98724557  61.1067372   31.45834261  32.06089164
  34.59695518  52.01219808  32.69592908  57.65397259  40.95846981
  26.58159908  67.07425416  50.16142491  29.12444955  29.04642283
  24.88918992  30.57638375  38.24782787  58.64199864  21.69638475
  60.48875921  15.71789256  48.47236473  63.02293485  84.98671115
  52.46791275  28.84759028  24.13129605  50.39994835  20.07328013
  54.00745712  46.82302554  62.42220344  52.62589926  53.5484563
  33.79166185  35.62086446  78.1834177   26.26660721  39.27821479
  23.27080568  30.05512171  67.94251456  58.83493517  29.85630908
  47.13747624  23.32587506  32.06332618  37.91427264  39.77711671
  30.42917285  20.33590086  24.32094003  63.19338791  22.6699094
  44.98507831  29.32117971  49.14162547  65.44503414  56.2751632
  37.37371261  22.75105965  23.15900644  29.97934768  33.02226348
  54.04069669  54.59597797  23.99923619  44.8147647   30.60748532
  67.49589717  43.63532335  60.91409915  32.27110118  38.47408343
  35.67324388  53.12777064  85.61153836  43.66398218  23.16508476
  23.85751359  40.23385192  65.18842972  28.38928959  98.49786185
  44.65474565  46.22259381  28.29355823  29.1195027   18.93191428
  37.18162791  75.69035085  21.17947272  40.60127676  40.86456068
  37.34505232  36.90976686  25.28791047  30.53639611  27.07417115
  23.84083844  57.28749605  22.12790773  31.75783955  81.99876954
  48.18064928  19.6271705   33.81752392  49.99935365  42.27483773
  46.32324477  50.01261776  23.70740926  45.43154442  21.29789064
  63.50663528  56.40714406  39.09788206  15.57713962  79.74954856
  55.66522521  43.36603839  50.72429025  25.06061759  24.517154
  46.04511939  59.77702334  17.98437632  42.16482868  25.00275535
  18.76272019  28.6124693   42.5154681   62.47311338  24.37743224
  21.13594251  47.61226538  21.84749651  63.66863486  50.58356034
  31.11789109  47.51379108  44.12113031  43.50609303  48.17910169
  35.58533373  23.77323689  26.82968148  46.19025965  68.98210623
  35.23314971 101.46694763  34.06731821  44.72549223  39.77617709
  42.26288492  65.71092417  46.13659204  38.60219984  26.67119696
  58.52654409  37.02816994  32.01712772  67.84491212  33.09612101
  40.51362916  54.20435713  90.86205958  25.31335579  38.77827327
  45.39361703  21.16724254  45.6071807   72.48818759  66.21611961
  29.0474064   33.15423972  48.08799063  28.89444833  26.15127968
  31.73487384  51.24386721  64.75399654  39.09772105  69.30287672
  51.73372709  66.55693863  31.8029543   42.19969885  41.66889814
  72.7479908   29.59935124 106.12452545  34.70946686  56.94892917
  60.11112437  56.46760166  26.3865579   32.70006061  58.47988089
  35.25030543  34.0610737   44.29589141  41.8507367   26.79840409
  62.45800096  43.38165176  44.58179182  19.62667915  38.99903878
  23.05111948  64.49846855  32.18592678  43.46773355  71.73295438
  44.15949341  63.29296128  53.61583434  33.99440402  36.40277158
  38.72838659  33.06645748  80.62334809  49.69302393  48.00900214
  43.18454203  28.86990379  35.67299741 109.07448209  37.92164123
  52.63932358  45.23671357  49.45041717  50.73192883  33.01201375
  52.3581907   59.11536508  41.80832191  26.9565678   53.61361511
  41.04273078  52.99433854  44.29116931  32.65786799  69.22046801
  18.48845345  17.77299988  27.60096155  46.09102306  75.69413374
  98.35610901  37.38729929  26.44962685  27.24971664  22.06988577
  34.71984048  47.06534861  27.29183172  71.05567766  46.9439651
  38.21623735  22.28674184  38.31980707  49.12584239  33.94131283
  28.88690561  25.39092583  40.2678206   37.28243816  51.57565621
  22.12455098  43.03797656  48.56349039  19.53542904  52.94921604
  47.26990719  27.38498098  34.68776147  20.05798013  64.15242135
  24.10610749  70.94665111  44.72497124  27.68970606  30.39730648
  27.31203448  21.04763336  27.07872159  66.93327013  30.63450653
  56.8818247   82.05292212  24.68768982  43.59809914  26.35501698
  67.92710772  64.37689004  68.5516895   46.57436337  26.30981895
  22.80816238  24.28329583  20.6490652   59.77310652  45.93017993
  22.63886569  62.80111665  42.46177147  55.38834115  57.75209144
  40.21402423  67.90125703  21.62561452  42.82147611  54.18936271
  45.04965917  22.58638684  39.05681055  34.90968242  35.9477286
  38.30019268  62.90698252  72.47139081  75.3818143   65.36057227
  42.75674198  55.87261521  62.30356693  39.65497262  33.13052247
  34.16900383  29.74250957  67.31906642  63.99062462  43.13405762
  37.01816663  59.40587816  42.5831938   42.15130254  27.31538693
  25.32812307  22.39285713  27.88394047  28.57275274  24.35448832
  26.0005839   35.92947861  23.51288472  62.70295194  25.49892909
  21.20749237  26.04563962  31.93256819  71.74867027  22.76601018
  22.7672985   87.4775421   27.26502633  43.23183681  21.6062715
  29.23588674  53.41630526  37.83034937  41.49257529  44.06324122
  28.30062277  54.59535244  20.77924567  24.19370742  53.85982719
  35.13645788  34.13307984  41.38607591  27.78815542  28.05464277
  49.59084082  49.40822316  51.61456627  37.60457077  42.59041789
  34.53434751  50.92925929  29.46866155  17.43364529  25.97581136
  21.0506866   24.45205344  56.38405013  60.249223    33.44321402
  38.42305473  51.25446254  24.57803794  46.35693876  25.5893913
  68.76750578  61.24644818  47.01949804  65.97174452  75.17065988
  16.67822172  34.65930979  58.63298401]
Test abnormal scores: [ 96.14971133  55.93449065  72.01389848 ...  61.09988611  65.20357745
 107.28534591]
