Logging output to: /scratch/mgirishnair/MotionCLIP_experiment/results/multimodal/classwiseGaussian/classContras/anomaly_results_multimodalClasswiseGaussian_brushing.txt
Loaded embeddings:
Z_train_normal: (2260, 512)
Z_test_normal: (567, 512)
Z_test_abnormal: (53888, 512)
Normal classes in training: [2 4 5]
class 2: n=754
class 4: n=752
class 5: n=754

AUROC : 0.7768
PR-AUC: 0.9968
Threshold (95.0th percentile of train-normal scores): 25.9334

Confusion Matrix:
[[   65   502]
 [ 1219 52669]]

Classification Report:
              precision    recall  f1-score   support

      normal       0.05      0.11      0.07       567
    abnormal       0.99      0.98      0.98     53888

    accuracy                           0.97     54455
   macro avg       0.52      0.55      0.53     54455
weighted avg       0.98      0.97      0.97     54455

Train normal scores:  [25.72227266 19.79499091 24.49575847 ... 24.96283707 19.42205138
 26.16839228]
Test normal scores:   [ 46.15541     65.09298566  35.40761206  33.47109074  29.02170519
  56.52605883  35.07143012  54.00419638  27.38680568  54.32590814
  26.84180165  75.0315073   50.18413864  49.09382353  47.56247919
  42.04748802  30.4381071   49.73549013  28.66430627  41.68054398
  49.44233354  54.35292202  35.64245536  24.8356645   44.2155505
  48.97687687  37.31731331  83.28143651  39.49006114  61.0452401
  42.21155723  66.60554914  25.22862673  42.41451336  70.33264153
  48.89325711  52.50512967  46.11346843  29.08108124  48.24968753
  50.7019659   31.7600498   61.09702913  55.13111903  55.28574196
  47.36200104  49.33528531  55.72710872  30.34894558  43.43269831
  31.04027168  46.12375482  25.0787387   51.24417223  64.86088192
  64.189111    40.14563245  48.07656952  89.89197314  46.16624949
  57.79126043  38.40083165  47.79567257  54.39251885  52.0988888
  49.71036651  71.60611246  61.31023592  40.93844861  15.62581458
  25.23194736  38.43781417  59.96264681  27.83642467  16.78867217
  34.74018527  30.74156732  49.90888849  30.45619164  28.38231753
  18.90810977  46.58958761  56.09440297  40.82341158  41.88001321
  61.70890781  56.53681052  42.28758143  47.42533046  35.26766391
  58.9492188   48.66664557  53.80618709  70.44800509  70.9478724
  60.56725234  57.47931542  29.10733202  19.88902811  48.25171917
  52.3170381   31.15285746  22.522365    59.18286934  72.31336467
  67.9304399   28.27144599  47.16850361  47.99522018  44.36932342
  51.55328002  30.41829388  28.84069912  40.92496354  48.48561818
  38.13606209  27.06548162  18.61362034  47.83920827  25.8636098
  28.54373966  44.84775748  25.0002896   38.12793404  39.60115787
  37.39102242  47.07918215  28.12004041  52.67517238  43.52062633
  18.79372721  84.37780369  46.11799051  32.71721942  53.01922362
  64.79479653  30.80189655  40.14628386  45.80429201  21.73795369
  49.75293437  45.93413585  43.63137925  27.66006602  34.50153766
  45.0981862   47.77014745  33.619341    59.32977042  42.50665392
  69.21930445  44.85005444  62.25852005  39.82811145  32.26028072
  44.56086388  39.20497455  53.95492659  25.90474368  62.70303067
  30.09631026  28.05773425  43.26543668  46.75647437  31.8353001
  58.1106251   30.16831643  51.94775201  30.70187506  45.77965355
  30.74912719  31.30234178  25.08555733  60.02383399  48.82094703
  35.61686105  47.50427798  20.63986135  27.39850021  26.29112131
  28.0250586   61.50283147  23.4226341   25.61562719  62.61106735
  25.1933621   52.33939679  38.32484442  44.81706283  22.2849817
  45.55405425  51.361485    18.8472317   45.41527082  23.09838329
  35.94546309  39.0082181   49.4529139   82.06647623  50.05766128
  51.90796677  45.40185457  48.30751301  53.08732918  57.05087929
  56.01901151  23.34538099  38.53662644  27.46028405  43.68451775
  46.0686516   25.35965185  29.2913482   29.13120589  60.03647593
  73.95634079  22.36727613  54.8457938   55.65521305  37.73766974
  39.10287778  27.48047979  20.70730505  37.5900328   63.858755
  29.82414454  58.61296894  19.76935017  54.84683245  35.40129002
  60.04863714  26.54820829  19.61709582  40.58619037  66.83822523
  61.10323761  28.8035661   25.60945314  26.04515162  60.85536196
  35.44465894  16.1408963   41.38551261  24.17800493  75.74424364
  27.69922421  42.14207188  25.02516913  42.57687262  39.22322958
  72.89630573  51.63782872  65.22586395  23.90050687  56.06958371
  25.86160508  28.62903626  29.21032557  50.25634407  43.022807
  42.16245816  36.48872758  29.65300709  24.42501449  49.82359469
  27.59855802  46.0794592   68.05217192  58.90843609  55.39754953
  36.34216114  42.80621594  61.64043103  56.11580012  59.16951847
  34.72492801  44.05369839  25.12863087  37.15851325  64.30445163
  26.16307257  29.25597288  32.77060784  25.4586165   31.04379775
  64.47936051  47.53615748  33.30750667  55.04209308  75.44060137
  64.55880265  67.50059141  31.53139578  48.26855795  40.03771262
  28.66438256  53.5623117   40.49318145  37.68668807  49.51214328
  41.05119565  77.17243226  33.97028935  18.87875319  38.46499399
  40.97665366  29.79419863  65.74888596  67.03225505  57.95348695
  43.91061578  42.26101208  20.85932992  31.34352451  51.61461708
  32.37763535  34.1689855   40.54722883  63.62953064  59.2306001
  43.89027144  36.00754767  30.30754157  55.7467934   23.42655244
  20.70000951  29.4338937   49.20088655  28.84080261  23.66550399
  28.99334821  36.42657256  34.52992605  28.03971432  30.65341096
  27.29091237  63.2718524   29.70624628  25.35132607  42.7626054
  37.04169403  31.05788702  35.47527581  35.38888039  65.32808419
  33.51226125  85.48772886  33.03487124  59.68145004  34.72724502
  31.11716216  63.55075831  47.135971    65.31570604  38.59121008
  28.92644009  48.02494728  54.68876927  37.4709175   43.65772762
  24.98247616  46.23457731  21.49589411  74.80844397  58.92493857
  55.90148143  23.63094251  63.79745295  49.67362712  48.98026036
  48.99005993  47.38159555  44.63874096  59.10906758  28.60511535
  44.5577131   41.11867428  29.89010943  42.92477368  34.65324254
  26.64964066  44.45098037  53.04656951  40.19458816  34.3570604
  50.68038693  24.87842105  72.17341327  45.85255892  28.47421616
  62.02255396  35.91997448  37.07471714  88.77968128  29.12767536
  25.70747279  52.59769054  41.78742095  51.68688317  29.84780546
  80.29504427  66.13121746  27.97788451  44.61128226  34.20417842
  41.54061343  40.17171419  59.99355962  56.55046117  26.31883581
  44.21079432  27.7601246   61.23768946  63.1105546   32.80918754
  43.89178759  20.66246304  17.66048671  29.75314436  57.35575742
  44.58584157  52.91483857  56.25487693  28.39664069  46.55978696
  26.80513907  35.43170312  36.63075573  24.81338235  23.37136895
  45.37223406  29.05860914  41.84206613  40.65608861  57.94931336
  45.66115528  22.96362312  63.34400537  47.15708785  84.24249349
  31.02837368  36.74950516  92.08848995  26.92254313  47.75652231
  46.11689201  53.89834329  30.79825082  46.2461956   33.4526462
  28.1400864   48.29218928  40.71402815  37.28368486  29.44473985
  23.41900697  26.72607455  48.56748169  32.65746649  25.86438068
  22.57759296  32.82442075  29.32985147  46.22332865  82.16204566
  49.06462223  46.22183931  42.24345184  39.83483093  55.687825
  43.30282611  32.1814986   51.78067343  36.33566955  42.22659598
  28.33325564  33.60463345  46.02001648  48.72000069  58.10532765
  30.40463084  70.0519958   41.08773004  39.78085179  29.20304391
  33.33399584  27.40260453 111.10654247  58.16187909  55.65095815
  48.40252355  36.48513717  45.70393616  26.25024318  44.99106961
  20.0065172   29.891754    27.18151445  49.77413986  32.97390693
  48.23775032  21.5944186   40.81682586  34.66978703  40.91185977
  54.11770623  43.43245263  50.88681231  40.92979165  48.24013796
  42.58653728  39.5704334   49.88247176  54.35310841  30.98266373
  35.57414552  28.19836925  33.14302869  60.64811846  39.04302493
  32.62741135  37.1182324   35.69034183  30.19432099  41.58679514
  26.68141636  51.65188681  42.64643739  74.34936666  54.79748197
  56.95589577  60.4435525   34.80939769  28.20238928  35.48129768
  47.53705399  35.51262439  28.29934087  42.99682467  32.75818014
  24.20632651  37.51931781  36.06970176  94.2241749   20.88224816
  38.35107738  48.05420776  44.97329651  61.91728694  34.49900536
  49.39403883  36.72434477  22.2756949   14.56310354  26.96788389
  45.56595698  36.42269751  43.86485211  24.64708982  44.2862382
  57.0343202   37.70321277  43.46518819  26.2003963   50.11478258
  24.35135798  41.08733876]
Test abnormal scores: [74.88743924 15.34583708 37.04122614 ... 59.83834057 59.74183767
 35.92099775]
