Logging output to: /scratch/mgirishnair/MotionCLIP_experiment/results/multimodal/classwiseGaussian/classContras/anomaly_results_multimodalClasswiseGaussian_random1.txt
Loaded embeddings:
Z_train_normal: (3024, 512)
Z_test_normal: (759, 512)
Z_test_abnormal: (52932, 512)
Normal classes in training: [ 4 32 36 39]
class 4: n=752
class 32: n=757
class 36: n=757
class 39: n=758

AUROC : 0.8152
PR-AUC: 0.9965
Threshold (95.0th percentile of train-normal scores): 26.5408

Confusion Matrix:
[[  154   605]
 [  935 51997]]

Classification Report:
              precision    recall  f1-score   support

      normal       0.14      0.20      0.17       759
    abnormal       0.99      0.98      0.99     52932

    accuracy                           0.97     53691
   macro avg       0.56      0.59      0.58     53691
weighted avg       0.98      0.97      0.97     53691

Train normal scores:  [23.36340315 17.14529686 24.84978893 ... 24.38659453 22.01242293
  9.98876837]
Test normal scores:   [ 66.74303067  59.37061373  86.65555397  20.69250995  22.23339279
  43.73743777  32.75397946  38.32518119  13.52706105  22.61872388
  35.87475623  60.20978628  83.36672129  10.89638278  34.47047061
  41.06557664  29.6942636   48.90178175  83.47578712  49.78887877
  22.82454634  20.72870688  36.85481046  43.42804062  41.82827155
  47.63682419  49.97158429  77.12599166  32.62549778  41.51419389
  37.57933284  25.85548506  33.29887412  18.47256842  38.83170108
  60.74869892  48.42770766  51.69389509  72.83397636  34.43840456
  22.57716454  42.29939754  46.36998213  78.56905512  80.2285896
  21.95924944  57.34146898  19.7951288   54.54873837  42.94020492
  42.07956121  32.36584707  29.20745229  30.70588341  62.90119171
  22.277884    31.82160017  27.23581392  45.83109216  20.46413852
  17.49743735  36.27735786  23.12440236  42.15154524  31.51421923
  50.92526128  48.0057128   40.86667681  50.82602734  33.43705147
  77.99686257  31.4374402   48.3552114   49.13169984  31.29925805
  37.4468354   64.99460351  48.43480205  58.1561942   62.72681136
  60.92471076  87.44924075  22.95090461  54.47563374  62.95572378
  55.84492391  30.44285466  57.81217654  40.51871438  34.5555433
  21.93095199  22.59533363  65.33590596  58.95753388  59.17885678
  68.02563383  29.84666706  41.99797395  21.82363225  25.65786436
  59.1862303   79.56692205  40.39750485  45.21547934  35.13991338
  44.18035997  95.02485773  62.56423946  22.37902181  87.9690151
  29.55458261 122.49573449  55.04955237  62.01015999 108.82403995
  62.8098964   20.35081278  35.59157711  21.54743246  53.1645796
  28.60341287  52.43435119  47.70610292 107.97640144  24.39010548
  17.45655405  73.80515357  64.3889244   22.02412987  26.94934007
  48.94744054  50.02238893  38.69924144  25.50867683  19.54407652
  17.54240018  54.69766724  59.14179313  19.61223011  79.19437808
  67.29671444  30.83529622  22.44525739  53.76165435  40.99736464
  19.33109141  54.75796426  42.29407746  70.22519498  66.60280267
  67.70576009  42.94538303  75.40353861  40.73956439  54.81488064
  18.94690385  53.50325766  27.26030257  28.10122716  77.55804304
  73.61160396  36.00365973  28.56331511  61.2934147   33.14168828
  64.43291464 106.42534264  19.142006    58.84611003  58.77252369
  78.67857032  34.17220577  27.07671026  52.54169136  33.25919371
  35.53688014  87.05653386  59.31596517  38.49143872  30.13349748
  25.99664969  37.62405094  20.60035213  76.37009415  30.07752636
  49.74129406  31.90901971  67.94173937  57.44877565  19.06040204
  63.95925374  19.98423575  49.01876128  20.67517657  50.53882245
  37.13806154  32.55740361  28.45212593  25.58625307  49.66906917
  41.93972218  31.26893633  60.53969067  48.93442451  24.89392542
  31.163982    46.5864349   63.56364888  45.12174037  39.75002509
  17.18854788  71.56900491  41.7162466   26.53970467  54.85237065
  30.15953676  52.09719715  42.84446364  31.53441227  55.42130636
  41.00692982  25.31360549  63.59154666  23.75508563  39.63245416
  63.8627563   20.40031583  28.11428067  44.75360692  55.734153
  36.47431764  33.67339043  20.55789683  32.76734775  72.92411087
  30.23831668  60.16134794  46.99450013  36.76304543  72.51290724
  29.65909065  24.79810542  36.54710759  28.03647451  55.03896918
  64.27842214  33.49584825  33.89518324  28.39379049  61.26004583
  60.98498128  24.95382504  37.19838033  19.39138068  35.52619226
  84.59382016  44.14703755  44.99750104  26.11718742  74.17960568
  30.75146915  65.19583632  24.00473006  28.6634985   24.76812274
  21.14072643  37.43688496  26.70758315  44.87551564  45.55208526
  24.86011163 109.46518309  48.17550952  16.43074774  27.90222768
  20.15400278  30.12261182  45.24899854  24.84618587  65.82847339
  50.50489748  30.46629295  64.98066267  57.53799171  35.29408104
  23.45905582  39.04626163  42.03636295  65.92888141  36.59146677
  68.08678076  38.82320466  27.83163244  15.02336768  24.5551627
  25.87970221  30.52415469  35.99796523  31.91287161  30.55153435
  39.95966372  53.26620003  48.23529581  20.23909767  27.36324883
  59.69446516  39.28020751  47.22976403  35.90605509  20.10112089
  44.5465566   73.40507828  51.74001429  61.52582517  81.76882715
  37.57915476  52.17623507  19.95032843  61.05455659  30.58985723
  42.12595347  45.65802824  32.29772783  53.07576279  25.38651385
  45.74789744  47.87312458  32.23743313  37.57804942  82.45257255
  18.9993834   31.502843    25.60532084  52.77524499  67.03948764
  75.05340661  27.30158824  44.85969653  80.8277807   20.34750621
  22.63153518  53.33295211  32.84562516  58.66686524  16.8889938
  57.72724318  54.60390753  42.66473577  22.02292994  47.97755701
  18.32079397  55.18658844  27.07589942  18.26345166  94.22061259
  42.86922617  54.42015834  36.72041316  56.91973404  43.02182088
  62.82793789  31.21663674  34.90023785  44.34049466  58.97125119
  52.46761723  46.23941396  46.20958712  64.75917282  52.19835805
  60.10459543  11.42190719  29.87686801  17.17579728  69.691289
  57.24578259  18.8819128   35.12673599  36.98877618  24.96074869
  60.70278879  53.78981241  49.55063018  88.9222964   33.6555327
  58.81117403  41.25009768  30.40672869  54.2094918   27.67989326
  69.08670855  59.32083576  59.80012846  48.11084559  16.41914926
  44.31313189  27.05316103  20.19108677  36.16432222  20.58483212
  26.10548664  44.04349133  59.65635998  31.37900969  37.9897249
  69.9676459   26.88809823  29.42096993  52.3568128   47.35718592
  25.2558206   45.51178159  46.48578087  73.68854019  28.4526608
  35.80564973  49.39621472  39.33136051  11.11343714  45.65138841
  39.05691305  53.64756265  88.84009541  35.24385323  28.3378271
  30.30077585  18.79140042  50.65584833  79.14578306  45.08303312
  42.5096779   30.43016586  26.34291545  36.23535997  41.105327
  44.32552264  23.26821845  55.87026524  55.001995    50.31392636
  27.59666461  50.68366784  48.11459396  41.30861568  58.72204891
  46.63855985  59.11935983  79.0012717   72.1682      34.17836116
  48.40247549  20.27123282  28.85349913  29.4988829   63.2279101
  40.9227641   52.15784875  19.0599112   26.43129094  86.35023899
  32.22592507  20.2147473   46.366207    57.94178786  23.88942495
  49.60475677  33.05189114  22.84094348  37.4525414   73.62535239
 103.04291281  34.42862284  54.75434041  64.05831799  22.2435659
  27.6406675   32.95110904  36.58991906  27.32900497  67.55249992
  16.65142471  46.51768181  31.83012901  52.17998638  37.26139499
  37.2211746   72.2847851   29.30054589  25.3005064   35.84963969
  57.09454529  81.69400095  32.07890495  50.39260634  17.40227529
  49.27581364  35.72359662  55.80908861  59.75171946  35.52581701
  32.41828818  50.4645996   37.68519781  92.59646696  40.11459602
  80.04104164  46.02087478  24.82383795  13.2627036   38.97154414
  23.22098295  39.73823393  46.83676248  21.59219382  34.02577257
  36.33790249  30.71635426  48.51579691  29.01191965  61.75059637
  57.09158795  60.89344197  45.08381041  20.99142256  40.25331457
  65.72393861  46.82544443  43.2100589   38.31594496  82.49545735
  71.75426389  53.87079447  24.6000629   38.94646598  35.13064736
  27.47526423  23.17862443  24.00100455  36.08398507  53.66438992
  37.19377421  17.47558665  24.63673535  28.91653034  24.38524874
  80.66867275  39.89819343  24.50830713  72.49562341  55.33083482
  28.17000564  67.35778016  72.55225053  62.19058556  23.8471445
  19.82165261  24.27023716  42.36286557  40.47938435  47.69955282
  30.53686106  14.62225726  20.26376787  36.64802372  40.185454
  26.48954402  20.82525308  40.5153821   63.14317656  42.77009735
  48.05518699  12.09273972  53.88937381  70.35955711  66.72506879
  53.52249245  48.25320673  64.28989138  27.78253042  27.65936205
  46.4940094   35.38437599  33.04605892  38.17789131  44.14144386
  54.67998136  36.72279298  68.76410126  41.06294655  86.29147724
  69.42478944  46.11394099  39.53817441  35.9748611   19.47755094
  25.22756639  27.62384742  26.13735311  65.22604045  61.20451929
  36.94023953  64.68655748  52.70620842  29.97103395  36.00086063
  19.40021581  32.89875427  31.2529224   83.3869037   16.16845121
  27.19510048  43.33190699  25.92036745  67.18279257  39.84799375
  68.24155795  36.92709614  30.41630478  60.57422177  55.4965331
  28.58147253  89.08320483  22.49257235  39.09566025  46.01805243
  55.39656365  43.88119545  18.81219271  25.17171858  36.75080177
  18.09703834  32.04703317  49.60700163  38.58813029  45.65436525
  28.91978412  68.65546575  56.99628567  66.12602421  27.10179635
  52.39647454  66.88753082  32.07576107  71.34202858  31.43143934
  31.36941503  63.90895198  26.27780451  75.57777306  60.36197132
  38.58205166  25.90759674  43.99274088  32.62578749  21.08136121
  62.09449461  41.07952881  31.13196309  49.91767548  43.65434008
  69.67931956  45.10476771  21.55840936  22.12040341  18.70847674
  50.41372788  86.54573849  19.01667239  58.14695159  31.5001508
  17.94774595  27.27413632  25.11570003  23.42357122  79.6762592
  42.91228074  28.62546342  43.52247922  77.57559484  36.81126611
  36.18620857  57.30079999  44.06376241  75.34460028  37.68249986
  27.66871752  81.31183752  47.9129238   48.61367231  25.26591741
  72.80326104  43.67462074  58.04002418  38.30554045  24.06485279
  46.81514685  42.31086669  99.72342005  19.09447033  55.1941327
  64.65271445  32.47811999  27.20447293  90.06879988  58.15295559
  36.20203309  45.45220352  45.74460166  23.1438201   88.45605414
  35.26653033  76.26184745  42.45847596  66.55464233  35.27806899
  46.92540692  51.78032052  62.92408573  16.97072674  22.08675309
  21.19022623  54.88645179  26.50065663  19.8146172   43.32229753
  45.36307549  13.6056508   75.27127128  29.02047641  22.02806212
  41.48843666  29.99971072  31.60654438  18.42415715  51.1447789
  59.16159255  51.91041003  18.34051085  39.77025195  47.45488439
  14.05507307  35.49214548  50.40275489  29.04179138  50.99807605
  22.23267345  50.55273783  29.94292721  20.32292285  53.44942128
  75.60230016  65.94573843  59.04085416  33.76236856  32.68292406
  42.75373632  44.43198013  42.40430126  40.35459223]
Test abnormal scores: [67.08481351 20.24570228 76.04528433 ... 57.90743247 66.93338428
 59.65187685]
