Logging output to: /scratch/mgirishnair/MotionCLIP_experiment/results/multimodal/classwiseGaussian/classContras/anomaly_results_multimodalClasswiseGaussian_random4.txt
Loaded embeddings:
Z_train_normal: (3019, 512)
Z_test_normal: (756, 512)
Z_test_abnormal: (52940, 512)
Normal classes in training: [ 3 13 33 44]
class 3: n=752
class 13: n=752
class 33: n=758
class 44: n=757

AUROC : 0.8282
PR-AUC: 0.9967
Threshold (95.0th percentile of train-normal scores): 26.1713

Confusion Matrix:
[[  136   620]
 [  496 52444]]

Classification Report:
              precision    recall  f1-score   support

      normal       0.22      0.18      0.20       756
    abnormal       0.99      0.99      0.99     52940

    accuracy                           0.98     53696
   macro avg       0.60      0.59      0.59     53696
weighted avg       0.98      0.98      0.98     53696

Train normal scores:  [16.31774943 21.48924962 22.88746693 ... 24.2753507  24.26712279
 20.22486852]
Test normal scores:   [ 86.33946004  41.86669842  79.51941012  41.74029831  42.88302259
  41.07582616  54.33321515  57.08384029  57.96325813  19.72899864
  42.90716799  20.36141685  38.18223611  52.0351241   44.09842432
  36.82803965  54.75016843  57.03442776  53.58971716  68.94236824
  38.51227091  30.00687679  38.85381364  55.64865322  39.269931
  19.75629057  44.20063637  63.83579221  19.69451847  58.07984279
  48.64867582 106.02876221  46.93692122  59.84416523  45.99584929
  75.65648303  43.8817898  102.1894561   58.31587508  60.22653312
  24.5456362   39.10371465  54.00986776  28.84081511  25.3284888
  46.13040616  30.60194315  31.46212947  31.16987174  42.08911888
  49.61945751  23.80815646  26.36046372  22.7844482   43.37873799
  14.62018793  38.8534153   52.16314322  51.35046327  39.27470256
  52.67780357  37.58495827  21.8005011   69.86557537  18.40620951
  54.52454668  38.75361041  62.19607987  48.42654222  25.42225524
  55.59564454  26.97280074  29.50867007  31.23976324  83.75872642
  44.13729717  21.20790676  15.05145515  58.91431201  29.51818057
  55.34914439  38.34450322  69.208325    34.94366447  36.30852071
  29.10877637  20.47416849  44.83017585  33.74633499  62.12358358
  56.73128679  57.72872418  55.87004937  37.07831666  75.06706611
  23.26607843  47.23835143  16.57557917  56.25089217  52.42811104
  33.51367182  35.46388519  55.268055    20.41004451  21.78457576
  25.55114748  28.66410422  37.54416258  27.39857568  42.76870147
  60.43650563  24.5156458   41.13149273  30.39952288  29.43746865
  42.14573816  52.96279218  19.4224764   35.66273968  37.88965773
  37.04317774  52.11010209  25.4469208   52.9207445   49.59879235
  49.99183587  47.75870155  28.39890766  17.28079755  44.6704661
  52.76009589  55.97614783  42.25610024  39.78693245  36.24828429
  44.19450407  41.19424125  37.8697584   54.39949457  61.30824523
  46.33750033  18.59765805  21.07544081  68.576741    19.58606107
  77.70489528  27.86072945  25.45155394  34.08288114  28.45766933
  47.95169755  26.52786008  52.0059257   47.20351888  35.05412021
  37.5186445   57.87103729  47.49676912  33.97280573  29.6441772
  53.60969872  97.91218854  31.59155074  31.36387692  45.47798705
  57.5420228   28.37159736  79.35749943  38.78663608  56.57939491
  53.45531144  65.2272529   22.60710784  36.26903442  55.51883898
  15.58846925  22.60518921  35.79442829  27.07473022  45.40620183
  24.57310271  37.11264927  20.3651312   38.99412344  20.06424312
 139.26926176  22.72511859  36.63860561  37.39422348  28.32783443
  23.82897087  30.52308236  24.29819537  43.90002582  59.78717502
  38.14060961  28.67071334  20.38815947  59.82917915  60.88758321
  66.35267619  46.61275791  77.51881937  47.92895209  36.74689221
  34.65575672  45.0270749   46.22485512  41.23519595  58.50234742
  43.268784    22.86369968  27.28092363  47.93867207  54.75267151
  60.93256793  28.77403     50.78455018  90.04904039  23.81273783
  20.26844454  29.00880948  34.69968207  42.64677144  66.18054811
  28.66647188  41.03206046  25.82810077  40.43779634  45.37240289
  55.97307358  53.6789349   45.10877123  22.22519979  41.08299669
  40.49267851  26.90199673  64.62710722  39.50130016  42.97370232
  23.08728042  31.59896762  57.28065663  42.64507355  66.81249016
  48.84894576  27.7470654   52.91181318  54.10932333  38.52165157
  18.02971451  63.84695625  48.34257941  53.28730121  50.05476689
  35.32210118  22.72369688  49.18468403  40.12630344  56.34920954
  43.41069384  48.61898173  21.12228375  23.04755734  43.21788797
  38.5024714   33.09296607  43.31328286  53.95772686  48.03131267
  57.70624538  32.31164027  23.20683429  50.42118694  34.8295402
  29.07844962  30.96901478  90.3132043   45.4717184   20.89800309
  21.58107195  39.58597529  24.79047411  26.61073507  52.90933065
  33.55570877  42.94138106  58.36383829  67.17478038  41.01339154
  67.54517752  59.95178655  59.68805809  47.93782774  26.05901302
  54.64698597  45.3180829   45.91502553  58.65098442  44.90372016
  43.38513613  44.8141529   53.31517097  79.885889    34.17839154
  32.05125966  16.87567658  28.20938871  29.5411227   22.20815332
  43.04851658  30.51608579  44.13295514  38.19308838  25.83949284
  48.05665541  59.81718     36.22340142  39.69165799  17.7425871
  56.54909804  64.20334983  95.68445005  30.63179396  33.99419973
  18.91838828  61.50227111  16.06513289  58.49838824  33.30376549
  18.18804452  17.71723666  60.04690596  19.89346339  56.13383764
  18.55054744  54.0290722   34.08807084  54.90825138  85.28138492
  43.69633933  70.54729433  20.62502711  37.62815735  54.8858974
  61.15752427  32.95533607  57.26449763  66.33083859  29.41867457
  31.73766911  54.34046365  31.04322519  63.05196672  27.30225946
  62.76014276  28.64001856  36.85999704  17.59784086  34.75416003
  75.38127598  28.70697829  39.29583195  39.7234047   35.19164848
  56.86860466  44.14746363  38.21983477  56.99987519  63.22643706
  58.30718209  64.32330604  20.98450928  24.08309397  19.86612301
  22.12324217  31.44194567  56.28156179  24.20761002  28.62251733
  36.54734847  39.04183557  84.94184664  52.08220737  25.6106407
  47.30724845  36.45288589  29.07964194  57.1874928   46.35430608
  36.38908296  53.90842526  35.56764513  19.83153077  60.00831376
  84.90433942  44.28077102  77.75786754  33.36044798  31.50838532
  46.17047174  55.9436097   42.94780785  26.91813841  37.91457865
  51.62651469  25.80145033  21.15937929  49.95353867  38.13873806
  43.94008636  19.62290035  30.40734966  36.99639924  25.55639229
  53.56625264  16.70359034  45.30550027  25.97013434  38.45499434
  35.04855776  34.04727746  31.65795622  35.27622308  85.72317428
  40.98560483  25.18158942  53.32193696  16.07419562  60.07134086
  29.13149185 108.94808976  43.83096825  53.72784466  46.10011451
  69.56509991  37.33085335  38.67305279  59.32206663  44.93047297
  31.26394189  61.97324654  42.27127785  23.12393051  34.35028108
  33.4671162   36.69037034  33.21586622  63.85108513  62.22174931
  40.57797921  22.99755184  46.3037449   27.04706073  25.32257053
  42.71411976  28.61530353  14.70133095  54.16432801  44.66051279
  23.53720693  45.88865156  28.17573163  28.05151014  20.58728614
  35.73281199  37.26681991  25.33713007  25.92478709  31.94302903
  44.99426576  28.32593378  35.95312495  45.51406532  52.04295199
  54.40396566  55.05527633  29.50659229  37.80940515  56.72747694
  26.90907772  29.17929793  25.80145802  36.30142055  50.48049049
  26.22368663  25.36375976  62.65685049  63.96455028  26.07126622
  42.19097811  45.19385044  36.54574859  51.04972095  28.13601238
  28.33866564  49.3053189   55.44095739  51.04505087  34.84613848
  43.81530958  62.34308774  24.12020033  43.76358916  56.96793335
  48.20554482  40.03733372  52.05843518  49.62875682  41.59876177
  30.67445991  46.24786078  40.42046679  38.77274183  21.42847491
  60.70907548  70.86093182  71.62332961  46.22746764  34.19230977
  40.34362878  98.62495133  70.75980487  40.51303381  60.47305335
  51.38722581  64.06496284  34.82036133  27.56042726  86.52015078
  40.82429246  50.39855261  42.13953763  60.3919226   49.4553006
  76.53811698  44.90803511  64.2392559   24.72498364  59.44556274
  84.75476347  51.92677823  54.89217821  33.59325035  31.89486687
  40.86716095  47.65192105  47.41216381  38.71901599  33.58140557
  19.46122938  53.75757274  44.81900998  48.91779909  40.736928
  20.79970345  53.23479587  38.36923132  54.96690646  39.36486425
  30.67519494  31.94622974  20.97403203  26.04136237  71.02206151
  16.07572727  31.44213295  51.28906044  18.52956355  40.84172017
  48.39725604  67.68351065  50.34573029  47.90528187  32.27353012
  40.03783334  27.12519335  48.46698778  16.68372798  59.17513349
  21.04170663  37.09736008  24.80068505  17.82300274  52.97072419
  17.70715011  37.58924635  36.96189931  57.38326528  62.02941317
  73.10421796  22.01820809  52.07981014  32.17331762  40.38190847
  64.64685375  44.63107578  36.9109333   46.76151666  53.99154545
  30.71227554  26.79448429  33.12479339  19.46720286  53.64919423
  36.86121165  25.67431169  45.73050442  47.16776262  39.24534205
  30.12411779  55.14689099  70.15437224  47.80656752  34.82272225
  47.53580029 117.23439763  23.80406731  16.50606789  90.19764648
  29.92290236  39.90135917  25.18370012  28.18818503  53.4515936
  46.79651729  51.49816345  67.67346078  47.95841339  33.9641968
  70.50152416  40.56128784  30.19146168  25.31101443  43.60030578
  78.30848747  52.58499694  56.19769993  37.40966869  50.22989712
  61.11049345  19.4166429   86.69297663  22.70119205  41.78608213
  39.18043633  38.41457186  36.87766085  82.90170114  16.51913358
  47.88080083  45.01558903  24.94290445  33.40875118  35.58125363
  33.39323348  75.86494544  24.39662518  23.03379387  24.035369
  64.26242746  36.09170771  64.03577522  51.17346068  17.16600287
  39.60163058  52.24972266  64.0488858   45.78268338  53.60241642
  50.21605652  24.5915465   65.40801855  88.39897748  17.46964015
  48.21103162  30.59297857  34.35730329  49.31913333  30.69716169
  55.06029551  16.6910918   55.855603    58.69424948  25.984827
  59.36726567  40.68701232  33.43596557  30.74457332  27.0743509
  27.86409984  21.23962476  34.11517859  31.71255468  23.04803992
  28.85492628  29.33822298  83.21807909  48.59029371  17.15550649
  48.83454567  46.1413823   26.10790676  38.91940129  49.421281
  41.00545737  27.45976891  22.6954069   16.65246616  65.15957763
  45.29490108  60.08199318  23.65045603  61.18604013  18.84937141
  24.39928312  27.66485662  23.52697167  43.82978387  40.09586441
  28.95393949  36.10181509  44.83564848  34.92854377  63.67214516
  38.74319973  49.70974427  46.80666412  69.14983962  46.02842808
  43.35000104  48.00498379  36.56961362  32.20637369  39.48454049
  37.78130161  68.62797452  41.40211885  54.29670993  57.96008604
  26.24299581  53.39118143  49.56051484  23.75777781  32.17488538
  64.11458106  63.31071295  45.81049569  52.49898539  38.08424222
  58.62712542  44.83454886  32.04466796  55.75961544  25.64939559
  37.29236119]
Test abnormal scores: [65.30296204 53.82556249 36.02859941 ... 58.41860369 64.47828289
 84.61608017]
