Logging output to: /scratch/mgirishnair/MotionCLIP_experiment/results/multimodal/classwiseGaussian/classContras/anomaly_results_multimodalClasswiseGaussian_dropping.txt
Loaded embeddings:
Z_train_normal: (3015, 512)
Z_test_normal: (756, 512)
Z_test_abnormal: (52944, 512)
Normal classes in training: [ 6  7  9 10]
class 6: n=755
class 7: n=757
class 9: n=750
class 10: n=753

AUROC : 0.8058
PR-AUC: 0.9957
Threshold (95.0th percentile of train-normal scores): 25.7415

Confusion Matrix:
[[   81   675]
 [  224 52720]]

Classification Report:
              precision    recall  f1-score   support

      normal       0.27      0.11      0.15       756
    abnormal       0.99      1.00      0.99     52944

    accuracy                           0.98     53700
   macro avg       0.63      0.55      0.57     53700
weighted avg       0.98      0.98      0.98     53700

Train normal scores:  [22.214458   24.44993111 24.0754092  ... 23.22377315 18.98916912
 24.87650121]
Test normal scores:   [ 66.36195357  39.1324761   32.68611563  23.4838418   37.54024187
  43.79401222  27.17954708  29.84730545  35.42191132  26.80707249
  83.22981628  78.93108135  37.60187307  26.65627014  61.66802254
  38.39962823  62.18336515  33.75319381  63.75909562  80.40249007
  52.5067078   45.20183766  40.57615034  29.55794101  58.45477503
  49.87628552  27.89273233  38.8125833   46.5708844   60.48451188
  34.41024613  38.13843783  51.30350057  31.37649762  38.71334817
  57.98428918  41.66025633  39.60370339  41.67283879  31.72073197
  69.69811764  27.91317346  54.06540755  48.00559773  29.16545085
  69.21267414  52.17200547  46.90980964  50.36031456  57.43070398
  39.36624492  22.28095815  35.94489959  29.0322859   34.86983536
  73.70528163  32.17071649  77.27044945  32.05787341  24.92336968
  26.37805363  32.3815691   65.27956618  34.68126578  66.22486912
  32.62922555  42.36692325  41.40954968  40.23332126  31.26441117
  38.51598401  37.51595246  21.5708992   39.46989512  37.6952303
  57.92330689  60.2924166   24.6475993   47.92243407  40.06822618
  53.70277966  35.15193915  26.14478107  32.3894623   52.78146796
  45.32983527  28.71436319  54.57877626  40.74840788  35.62035914
  70.79129527  49.71269923  30.30352175  41.71246388  46.36276654
  54.36911525  47.38783433  50.80401317  66.86061209  25.84365687
  60.0037466   55.76957369  59.25766669  32.06638887  37.11964347
  61.7493228   49.76884809  27.56310774  51.36988245  25.04971362
  48.33383692  59.54268134  51.34004921  22.14495848  22.90889005
  22.49552001  68.81242845  33.84228775  66.37591735  22.25046729
  31.3199389   23.53109155  43.53404966  47.04562537  39.50359871
  43.21074528  30.55153105  46.1998001   45.77041376  50.78144262
  47.79717297  56.99828929  55.76502331  24.85149495  85.35591438
  72.78810473  37.47674107  25.7864408   29.01563511  28.42934303
  59.84407934  73.10306624  25.55479244  30.22294679  52.20012237
  29.10899617  34.78488654  38.6011119   39.94566013  49.33921069
  27.7216837   55.24286751  62.30685972  36.70805283  59.8904486
  56.1225416   35.42479576  49.19153858  39.36566845  36.88983248
  60.27815069  23.14393896  53.15871599  47.17627448  29.96614934
  60.3751189   40.25203152  33.08158778  29.27420177  41.95792423
  57.24444342  28.69056313 109.31023518  54.85558518  37.84021177
  41.84681752  38.61142598  69.63951505  58.14295307  22.83087504
  40.8342025   29.87806408  41.52268287  26.01821592  35.95258694
  45.82969036  37.85464382  25.90599337  36.94896819  83.37622202
  30.8692231   51.96450653  35.8730149   21.34652878  44.87085848
  28.60944888  49.27316486  44.18764984  79.76341953  32.64930439
  53.9782368   37.47939107  67.22387469  37.04171723  37.58685411
  63.54539766  24.36757874  68.7729422   23.86506154  69.80770792
  50.36262919  50.89418175  38.23116517  53.81924437  33.86133672
  39.53041974  56.82475334  48.39823983  34.60272164  25.6269829
  69.95765839  47.70120341  61.10066989  40.3701794   77.51216538
  28.36547675  31.54066641  45.49120931  24.50068527  41.89565622
  33.16080712  43.23633673  46.25085939  49.08595737  34.72725014
  39.5475725   24.76408676  67.16080575  31.01224793  60.79653743
  28.29020063  22.95227647  27.09518941  26.35484244  48.35097866
  76.15147605  29.66032167  28.72320844  67.2386136   44.70948608
  32.9775776   26.47878209  51.40102452  34.69608952  52.37536101
  24.62156892  20.18470188  30.03756792  71.48614344  31.32948768
  72.26929118  27.55296191  39.97551426  24.54851324  27.21884612
  27.98414873  38.19998125  25.42161358  57.8346539   61.68774682
  38.32644275  45.75754972  28.24356662  31.28121173  40.35006946
  26.80947273  32.02847003  46.23727378  37.23682065  60.05488094
  76.50392427  51.88213075  34.65402298  38.17815621  54.56156851
  44.082676    42.278605    49.1686635   36.95807178  55.12161746
  63.11053969  24.66781036  50.58510493  66.47498276  41.27232589
  41.50064408  41.3567788   47.49276099  80.00666365  46.33914866
  23.88048806  48.885846    34.06581981  39.61449167  43.11067772
  55.10829465  80.57323932  30.22383813  44.95052126  48.4235624
  47.22821187  62.21717165  36.85085703  42.59061356  43.06473662
  53.09985674  66.09703659  24.00002368  32.69054552  15.02060268
  41.12420432  33.63890613  32.8713503   56.24986051  60.89604364
  39.4462007   48.37030977  37.55763487  49.81513079  34.61455598
  55.64739681  32.82852665  41.12933411  26.6930059   41.53299549
  49.961607    24.35258871  38.07534225  34.80365542  39.97608468
  29.77946817  30.40470945  58.38226084  59.96694638  91.38063489
  32.82419268  38.83047454  32.53877373  68.90436617  55.76366536
  49.03837673  42.88150092  33.03050748  50.59818191  25.91542732
  52.89171504  21.98913731  37.64099319  22.92905292  77.26125413
  62.23061835  44.11081837  28.44871829  41.44081314  58.13489945
  32.09888066  28.83850079  27.95161086  19.45192607  25.25629995
  25.25122486  26.30085227  51.38817967  66.2426078   50.74834671
  45.18128039  67.26634022  40.37310915  43.31568928  62.72244877
  32.31526927  43.82107799 108.07190047  62.00712354  62.82213037
  32.99915119  59.11807282  35.49644415  57.73435665  85.66061009
  24.99211125  26.04685997  41.0744764   87.97015272  33.55335275
  38.96087231  48.90855719  66.63842838  33.91469733  83.74568704
  52.27777479  26.43049809  43.31164987 106.84960181  54.21578547
  65.85120325  31.05839193  46.98233201  37.506425    38.14726896
  62.78463544  55.65814062  46.06061177  26.58440126  21.0006272
  37.39688082  55.22153457  42.21738684  57.77845165  34.71163507
  36.06976575  52.18880174  36.08921402  59.39117135  41.40719023
  30.69503305  23.73377369  58.46502354  40.35262516  18.96186591
  59.0044007   40.06427077  22.46173188  31.55332218  39.60311543
  32.0939726   70.29826913  24.24671306  24.5530953   48.43804854
  46.25145469  44.42008595  30.13317951  41.70692115  44.2274752
  21.66081415  24.72830568  24.54261644  41.85806009  39.828684
  64.87054222  67.64263041  28.95874618  49.45321857  25.24323356
  37.01982985  33.42660561  37.30930046  41.22314803  60.92060285
  38.73764152  70.49204739  22.62860046  52.58967043  56.69729197
  41.08758925  42.37801474  71.60970194  30.29002447  82.7969579
  34.93629157  24.24826941  23.88000664  49.31330271  44.7039077
  31.89694312  37.37841322  30.88219245  48.28704264  57.81732975
  52.30593015  43.17764546  41.9119335   65.23141071  48.97442702
  19.9863309   75.32048322  25.56349808  36.72016038  62.12453364
  25.27365596  70.57629653  56.10888156  67.66578768  45.05844326
  19.93000036  30.67335838  71.13637678  51.11061806  36.19944978
  24.46396379  59.69825278  30.58311904  35.81042313  36.65664314
  30.45055859  51.81453386  33.86310379  29.17714529  53.31448019
  32.02585842  27.02441856  38.70399598  31.30036199  38.51339429
  44.58520455  46.05290723  36.87110598  55.96533445  39.58415141
  21.35253328  77.52298843  76.19277101  24.88940344  42.76808921
  38.41288159  31.53236788  32.19006914  51.24232062  68.16538479
  52.71325078  21.32103063  31.17095634  28.35593299  30.85533175
  26.50515225  39.82140321  25.04549973  45.05425237  57.60534799
  28.80801984  29.1478732   46.12606617  30.29301976  36.54894729
  25.04450954  71.55120496  31.00038793  31.48558549  23.99085398
  32.59426585  37.01334771  63.33824769  45.03348841  54.93337505
  77.34092111  40.69030026  69.99904167  34.58794618  24.83353058
  48.68093617  21.52119244  90.09646325  76.97132104  45.37791096
  58.39449973  44.87509801  50.78855     46.85577574  35.30821506
  19.16539295  67.11091422  28.3067683   28.78785106  27.77916166
  40.59118028  68.3329746   32.8725247   21.65247124  32.62481767
  33.67210745  73.91278184  33.52573624  60.25237777  40.60416884
  30.28676131  81.18099656  67.34476035  39.57646994  46.17986109
  31.22211096  79.83377261  41.70948244  30.68172293  42.16269093
  52.26626849  54.24685645  37.72013192  56.21642876  52.47564061
  57.92118837  40.59413134  29.48613152 106.58004548  42.06151856
  38.16613928  46.52871803  45.17019618  21.52113758  41.86354801
  62.8940266   21.26725443  73.41277006  44.38992413  54.57652088
  32.45783387  30.37039723  49.89669728  32.72014568  21.93771497
  54.35942699  31.31476672  66.51006483  38.78084674 106.55169897
  33.58598394  77.34296393  55.21392296  37.3928118   63.98322456
  61.77754197  44.0264758   51.7422475   37.32139365  32.27942723
  49.05784268  50.16242308  46.80874959  35.84992662  31.2808331
  25.21149097  58.57884741  46.5777529   24.62232991  27.57014757
  33.63522714  43.30640563  99.88333538  26.48101807  22.46414748
  37.12021373  48.25346978  32.33735507  34.59171771  73.05847177
  53.35200088  44.03241109  34.72287717  70.41884827  54.59832363
  38.75993307  39.47353119  27.33494196  53.53524526  30.70421461
  38.71733358  30.90716932  22.27874543  21.03713425  38.36703335
  29.36413202  92.57706881  78.06349435  52.02097882  28.70916997
  80.93574975  42.68763561  54.0312695   46.60599768  60.08221891
  29.40029874  47.98341554  28.47262777  82.40370626  24.09798119
  27.84620161  34.03279294  46.81140627  45.88282267  28.04903013
  63.6049476   30.59343841  45.40791473  24.98057735  65.62216173
  62.03986912  28.4495682   42.85863295  37.69109153  31.43975082
  63.89215213  48.02873076  49.723826    79.69382625  61.48080052
  32.54136295  33.86016189  80.09866747  67.34939365  47.9500563
  57.35455363  49.87547206  39.10628728  22.60989987  34.07294712
  64.2317813   66.14535794  30.15846718  65.11162401  45.45966729
  39.46795227  32.65336908  22.10827573  57.66141271  46.24178961
  29.68091541  30.05003697  20.97801839  25.63202059  44.8076566
  43.09190013  54.91525714  60.71163645  44.34366581  33.39716652
  32.83585405  40.48918398  63.79432783  40.73309236  43.6520149
  36.95958532  33.6010867   54.28838082  20.50152924  25.57743288
  40.29035812  66.64049411  35.79691557  28.58584339  37.62789408
  33.47972173  35.28817935  78.44029836  66.74248585  40.20189571
  46.44380511]
Test abnormal scores: [ 55.29223867  85.25991489  62.93228567 ...  58.46903162  60.43108692
 103.60179588]
