Logging output to: /scratch/mgirishnair/MotionCLIP_experiment/results/multimodal/classwiseGaussian/classContras/anomaly_results_multimodalClasswiseGaussian_arms.txt
Loaded embeddings:
Z_train_normal: (3031, 512)
Z_test_normal: (760, 512)
Z_test_abnormal: (52924, 512)
Normal classes in training: [32 39 40 41]
class 32: n=757
class 39: n=758
class 40: n=758
class 41: n=758

AUROC : 0.7873
PR-AUC: 0.9950
Threshold (95.0th percentile of train-normal scores): 26.1364

Confusion Matrix:
[[  144   616]
 [  543 52381]]

Classification Report:
              precision    recall  f1-score   support

      normal       0.21      0.19      0.20       760
    abnormal       0.99      0.99      0.99     52924

    accuracy                           0.98     53684
   macro avg       0.60      0.59      0.59     53684
weighted avg       0.98      0.98      0.98     53684

Train normal scores:  [15.44628983 17.6286814  22.34465432 ... 21.3435862  20.01056396
 23.33963439]
Test normal scores:   [ 36.5257885   53.60663716  54.80372739  60.64102786  27.4208682
  69.10775523  38.24283451  71.5506982   14.57765469  25.59731085
  51.07122649  24.07204536  53.82473859 100.4615419   34.42294858
  54.69178389  22.12504097  28.48314742  31.22130332  40.93150181
  34.47618986  30.9150675   53.67056319  57.99467122  43.82006446
  32.17962041  25.37020673  30.37215569  35.44532308  31.07890777
  39.58550861  81.43694722  53.05141522  65.46050383  31.8625161
  33.4343662   56.07294431  22.37966299  21.09927475  54.02414278
  16.24252388  65.53663751  27.29576529  66.65626297  39.54446032
  26.77268067  31.54163647  42.11947609  50.2388748   58.5293661
  27.85069278  25.28855719  20.86133885  18.73444932  82.63615051
  21.2125951   61.93767364  26.88163561  34.10074708  47.50342724
  25.50934372  35.55925621  63.19426696  24.75674595  69.32664721
  38.37904677  39.24232165  56.3963368   39.62689307  25.36678875
  55.53126164  60.57613237  19.26831614  34.63035156  20.63560573
  44.63393198  58.9129265   24.29352612  25.97100593  30.78685009
  52.87321308  65.55986517  50.19288042  72.55165741  39.4157064
  24.78005881  36.45183866  54.36508078  45.33812988  50.79781499
  23.64963794  19.10890262  43.04089782  56.72568227  27.39497796
  36.85193619  33.99096457  64.19091409  18.40266906  59.11657112
  52.67824287  45.02649726  32.30421863  52.93874513  29.42946999
  21.26891022  33.1387936   42.18264576  37.73138104  55.47785531
  51.77206698  54.87280678  56.6734953   30.58134234  46.19992746
  56.79805413  45.9891807   38.57596934  46.92527663  54.38140675
  35.11878267  27.8228986   40.3071531   30.76708416  34.54432143
  43.3187706   65.37326184  26.08538091  31.90963486  41.85008932
  67.25316851  45.39146812  30.21765436  68.75441952  33.21455853
  54.56397625  54.03930421  66.34783547  34.41049111  77.29410462
  51.61943236  29.26416915  25.564769    28.03781578  37.7613097
  47.28645377  17.73739476  23.1983107   38.12294395  42.66451229
  38.06276549  43.61629407  18.39635421  38.80517206  64.37634098
  46.38849183  21.64438034  56.63286496  50.26566832  28.12410732
  34.55479495  42.97399445  46.84485173  42.30127376  37.91533686
  61.21686189  66.81052103  23.82054056  20.23103226  25.04657762
  23.12350297  58.61431505  42.11972244  25.50532487  21.76549566
  28.15163304  61.02706894  35.09961733  36.0148636   46.51442196
  26.96014006  43.99902253  27.75247966  50.52338192  66.56769182
  52.61226532  56.39074496  44.5081399   36.81757202  94.20390253
  64.54312504  24.14276808  63.58352382  55.73385186  30.18918047
  69.62876829  41.55651425  28.84053535  29.50435732  37.94559596
  49.2530325   50.16119589  59.78150847  29.86810021  63.11047337
  30.91335852  44.84474508  25.62196057  28.58486785  86.47046001
  39.44140568  46.50615737  29.20019737  59.46101714  77.67084871
  27.46974335  41.39856185  40.92626608  24.42731382  89.59342681
  38.47549095  18.74340523  24.84161895  93.4049689   19.84359378
  53.55291671  30.34024235  48.85914322  60.4258099   34.0323412
  47.4208482   38.66732512  59.64851267  27.12418018  49.39615427
  46.62042732  55.33455689  21.65577248  31.52814065  34.85988219
  37.09545391  24.46542293  45.91737055  54.11131949  50.00624117
  30.31787616  23.01262652  51.57158498  54.04000782  16.61338465
  57.60179063  33.63323822  35.77544441  50.79474846  35.97342484
  45.80181603  29.32959384  38.44653661  68.32398197  32.22751684
  87.86334041  36.29696588  28.91086534  52.33504829  25.1044166
  56.81750876  35.30613881  30.06105151  54.25755473  56.55757877
  27.59125945  41.27536211  27.13482034  46.83974033  72.18413211
  57.80623215  65.76243034  35.28732229  40.63344687  30.29048085
  37.41902568  19.0514529   34.09858029  33.26745805  57.74837966
  29.33022207  58.81569738  45.56844576  28.61312046  40.26285949
  29.55548537  34.19203306  42.82499436  33.51010021  46.07568377
  40.55764311  50.23750731  54.29459793 101.625404    38.21304833
  61.93350545  43.80410711  42.7938269   39.56867104  43.08663856
  29.54787601  24.2000475   34.2345314   25.56947336  55.66709714
  54.53944312  16.97616521  85.76334149  59.27868563  35.99627997
  46.11323554  44.11124726  88.79704421  29.85898117  65.5634216
  25.22428732  28.59489901  50.15850493  22.83105888  49.10198233
  50.01881045  34.27717235  18.5320571   60.4624117   32.95593392
  57.85022187  60.30628616  17.48352183  18.1609999   70.87145349
  24.17484669  19.40204005  51.10375915  32.59779849  56.58704484
  38.44705197  19.35874665  32.31738196  24.87028172  55.40148013
  28.15774357  48.06542981  43.93997789  36.32652225  45.39475781
  60.22291381  50.87880286  23.79199254  29.02376766  25.99190067
  67.23695568  62.05964848  29.1231326   55.4710521   44.84483576
  39.98386327  51.66518529  31.33230665  21.16601613  17.23100504
  48.59495726  48.51874888  27.04293783  30.30453724  36.8504997
  50.91093149  82.31326596  53.61027694  50.15605044  43.25523433
  31.54984283  22.35636734  68.36971984  49.75328711  42.13780082
  66.7898534   38.23116074  19.82305913  29.61739089  28.23688609
  47.22955716  30.0344798   35.15585872  55.41851213  71.38260704
  55.18444138  17.50326586  44.36548836  99.72702517  63.0134768
  51.58876126  30.21277605  63.67049555  44.80940394  27.71381603
  42.09797513 114.03110268  19.37797812  22.09692038  24.28768684
  57.98882281  76.14611346  36.24953139  20.71860451  59.52953769
  45.70140861  42.59321384  56.72070498  53.38066464  39.32918394
  32.24436903  41.77907449  59.70169689  72.81461292  61.10205484
  68.21349974  54.28543135  18.45553394  62.73634078  29.47233009
  37.78615769  40.42126495  56.44618411  19.35571535  36.18231571
  17.14483468  41.40679469  37.93616046  58.42703006  51.55021659
  25.95263094  19.95606595  68.78158534  43.47849816  44.61754868
  41.51562451  23.32147647  29.32455444  24.56404484  33.89926494
  30.32634824  27.53978611  58.94736974  18.99136572  56.41115656
  21.43468077  55.76086868  74.08492229  27.2838059   54.39345457
  55.58270049  24.84207864  18.12184367  49.77466619  30.67567227
  39.29133623  64.73927678  26.4164669   50.68433106  60.87161792
  30.47190959  26.95172377  49.07627493  32.50587813  39.27151653
  59.78943844  23.19705619  37.92583525  43.23046623  40.73296982
  52.43791439  40.54971878  21.31825224  30.97865749  69.99893761
  45.74547116  31.22152615  31.03200164  39.34388257  75.12431118
  24.05150171  63.402362    26.32946151  27.15454169  30.31407112
  35.7184738   21.29151732  18.38257892  40.06197548  29.63495271
  32.66801331  24.71174193  46.35868269  52.53476262  41.1337582
  52.99326697  47.60558588  35.84830632  48.08231852  60.03891179
  61.5186595   44.07299496  24.38461408  72.61410706  61.08819519
  48.029361    46.75583168  22.37843513  41.77101944  35.83167667
  65.58114833  28.4198006   49.14705829  18.3692698   36.55926599
  41.73240376  54.49383948  28.42083969  22.13747117  26.76281107
  17.46941064  23.73779147  36.56040435  30.89478506  42.00763026
  37.78486529  51.9381813   22.18260959  69.51904839  42.24480547
  45.86689249  48.29900812  64.10819275  78.54043681  62.61487332
  46.53337684  19.78954517  49.18764894  61.73730351  63.52193793
  50.59467491  72.00036447  33.62828171  49.69109212  25.69844795
  56.07542285  27.93774004  22.40696319  29.89443492  22.08430676
  26.21303734  45.07852587  56.20134765  41.26935022  28.89039042
  15.06950362  41.30570177  62.09902097  40.25895451  21.18107578
  53.86469046  88.08255306  29.30259766  55.84560902  45.04949957
  60.59989049  30.07790342  56.69386007  51.85397261  61.89241453
  25.58552465  41.17386782  27.17865405  29.91118301  51.20863837
  36.7209106   24.37793779  27.45654158  21.582457    41.93597188
  20.68467631  41.22177018  46.58060663  40.49513995  21.77344293
  22.69714186  34.40533827  37.38962507  27.9443721   34.53824752
  14.74575144  30.77138544  41.1783282   71.52947781  81.90620889
  23.41281836  30.45618529  17.92566117  67.09510265  24.67291254
  24.00183799  62.30556381  21.31735893  60.00525733  43.77356843
  22.56189     27.99902777  37.85879462  21.55481386  31.35874849
  65.16878292  27.11436722  75.15562946  53.68694391  21.35255274
  42.21433885  63.28541424  25.76805093  51.2924628   25.44605799
  67.15963088  69.8291494   28.91488927  30.24650817  32.01607028
  17.95782668  29.68585403  50.20565565  55.39616761  41.02806056
  63.22935594  28.26857579  73.65834721  45.1470891   53.05789511
  58.00504051  36.50451175  67.25693517  20.80178993  48.86365024
  39.32495782  30.78036711  57.35350453  20.55041359  72.93735428
  26.74185088  23.50399218  51.06482562  83.14145504  42.07053904
  23.1500974   21.43017993  24.69836463  59.16314887  69.69661047
  38.70608062  63.23785315  38.389289    29.38960359  47.36836246
  53.98129735  69.17412985  26.26150764  32.70378995  53.48638966
  35.43104566  23.21884674  38.42542489  69.83231892  46.72882069
  46.89545127  48.15998548  36.7456697   57.84083476  55.54223673
  17.64908587  33.93143929  52.75410472  19.6820143   30.64541661
  24.30144642  48.2181383   52.57988994  31.26274376  39.49413432
  26.25851349  33.75010586  36.61138624  23.4788494   47.10902345
  57.52568258  29.52509477  49.21415836  43.88512292  53.01961183
  32.05541921  19.4311128   30.79898945  56.67584358  75.43203757
  62.96319771  36.84137976  52.63001477  17.12121261  20.85748544
  48.26928436  30.36635598  24.89996058  49.32181542  62.99663228
  36.99331681  22.66991912  40.91089834  69.78258776  43.42683927
  70.66094775  34.60501017  27.58838875  23.81961275  23.91775957
  46.04381484  24.1345811   23.66359912  44.15905924  22.70410405
  25.23947638  60.67314345  15.27015586  45.14810522  32.67470855
  24.97280075  60.76169635  43.9989051   59.48834449  57.06508418
  52.22254619  82.60320413  28.49454026  36.8149211   62.80356661
  25.92871441  35.82476074  39.63346461  68.28861146  55.97461453
  38.90726906  60.76270459 114.61452063  49.93345721  63.42180964
  34.12805382  47.04166865  60.64562739  59.97520912  31.00747107]
Test abnormal scores: [66.38089347 39.9531102  44.81884163 ... 59.10507697 59.81530435
 68.967399  ]
