Logging output to: /scratch/mgirishnair/MotionCLIP_experiment/results/multimodal/classwiseGaussian/classContras/anomaly_results_multimodalClasswiseGaussian_touching.txt
Loaded embeddings:
Z_train_normal: (3030, 512)
Z_test_normal: (760, 512)
Z_test_abnormal: (52925, 512)
Normal classes in training: [45 46 47 48]
class 45: n=757
class 46: n=758
class 47: n=758
class 48: n=757

AUROC : 0.7797
PR-AUC: 0.9953
Threshold (95.0th percentile of train-normal scores): 25.6638

Confusion Matrix:
[[   69   691]
 [  579 52346]]

Classification Report:
              precision    recall  f1-score   support

      normal       0.11      0.09      0.10       760
    abnormal       0.99      0.99      0.99     52925

    accuracy                           0.98     53685
   macro avg       0.55      0.54      0.54     53685
weighted avg       0.97      0.98      0.98     53685

Train normal scores:  [22.35323831 24.14042472 20.64458283 ... 22.10800043 23.36254507
 23.95930204]
Test normal scores:   [ 20.01004757  48.9516458   55.45547193  58.43898537  50.89464044
  48.12216539  37.42874176  36.89496712  59.11173796  27.40095341
  37.35128864  52.54072527  32.25558058  56.87693368  40.35836077
  36.14748183  45.41013051  26.1019497   29.28318602  43.31441406
  40.45522918  30.58528905  55.09738539  34.47389698  55.7727571
  37.3096074   37.85425279  49.58521204  36.72182407  62.47402592
  46.38080614  28.06892796  62.51150811  42.23012124  57.01370009
  53.90839779  35.22416613  55.23216414  33.43128282  44.62278477
  43.76865111  25.28924308  36.31944007  43.5645132   38.14190597
  30.07871857  34.46531224  27.13948284  57.6489439   32.47275941
  43.51932401  49.09080677  50.20824037  60.33943208  42.89032971
  47.60588513  45.66518212  27.864186    51.97493573  41.6903982
  46.11244266  34.47937552  57.76046488  37.3390472   26.05175861
  41.60929937  20.76081599  20.0871854   24.9548      35.38886099
  21.16520885  57.13375868  47.32575479  60.24013568  43.18629847
  36.58473479  93.90099519  54.66826583  38.11020652  28.9174434
  22.98753291  63.743865    52.98169123  53.65520101  31.96363121
  51.8393254   65.34549594  43.04715865  48.16206373  31.26315186
  66.12408126  19.8673024   46.03476235  46.65764608  33.682367
  35.98500768  29.90760568  32.83193224  49.88875976  29.74017131
  35.97537804  27.75677647  33.40962619  26.41129332  37.66493975
  50.74214079  38.5376031   43.25371821  54.14401251  32.24162587
  68.13639347  46.28518586  56.76458575  34.49593239  53.91790447
  63.86242638  29.03871508  28.76958147  26.62534259  64.21378263
  36.71569458  33.80119247  55.7364757   34.22071381  42.80158274
  43.97656192  26.64077395  65.11154161  84.49710229  52.04359543
  42.72217486  46.43115484  62.95804347  37.65429665  90.53440771
  28.98812643  57.52847801  43.43904185  23.09125514  52.56829149
  58.827571    24.7726838   65.67397446  32.62647604  33.53849273
  34.25255681  55.987593    35.8447319   21.96846829  30.48132597
  27.28127049  42.92478229  33.42611319  51.9165146   45.99751729
  50.33616082  35.11317439  29.95588414  49.72765748  39.02702419
  54.08946744  41.76186915  39.67277183  63.76289412  38.4981904
  36.08797599  63.79786991  44.32808835  33.37386344  70.93089239
  27.98238806  42.52294495  58.38335148  35.27399894  32.81244818
  96.80405679  56.88684421  40.65051255  34.39982306  36.91690116
  45.00098103  39.89350316  41.2498623   40.25012373  46.9501676
  40.08760734  58.45131337  30.3242378   50.57355489  18.62653536
  37.43336391  63.85711614  80.10401158  19.92328992  52.03414239
  43.47667775  37.54225759  41.98658806  41.39750323  24.89714905
  20.95479881  28.98635306  36.04474247  81.24588004  27.24782024
  53.11791897  24.73146529  50.26001938  33.59732294  55.36601952
  46.86951482  32.18361075  20.61402235  37.7051109   33.89672187
  67.86407629  66.7074095   27.98186947  49.05450024  50.22823137
  35.39451566  34.98015417  19.81454989  56.73446736  22.17736529
  64.86567238  38.27246719  31.79710944  36.15454462  27.68530589
  45.70654224  30.65431564  50.58274522  53.74956278  71.57256781
  24.36457394  38.22020368  69.96445599  51.08827704  35.09148299
  27.55482207  33.3117572   65.46119624  31.54167511  36.80757087
  44.81208197  52.10598304  21.51865848  33.24654164  54.93960535
  29.37424628  44.59266147  24.07259756  25.43806859  60.4459966
  17.63036274  69.27543717  27.64828517  33.98953809  24.50665255
  28.45707814  25.07293544  55.54044404  42.39869321  32.76814186
  38.37439224  62.32099141  28.65996352  61.44326298  72.76249501
  37.3956643   42.998087    30.68222391  52.04322335  31.69316419
  49.01441457  32.43051698  39.2582388   42.80898135  58.66756091
  25.0483645   63.24994947  33.6653378   49.29488222  30.18195425
  18.60928057  30.80501421  52.03835129  34.64052443  52.01370587
  36.93516257  35.05489806  57.19604427  65.31682779  30.19682612
  26.41920985  26.79989888  19.77670639  41.31749698  44.47139007
  52.83882437  47.2096048   29.25865424  34.30053576  39.33598127
  48.05165676  39.98461315  47.38855515  43.50403737  27.9074604
  33.58780231  59.80313715  40.82361967  26.1345181   48.56866062
  34.47377701  35.43939811  47.78985095  37.66389003  32.07504611
  42.8447101   49.59882544  36.6088203   28.43721538  40.28476014
  29.58164392  52.83243141  28.96397274  53.16018096  19.16188561
  24.71041942  43.21762017  30.53106337  26.1797595   44.02753013
  33.35069683  51.1227022   21.85455969  56.66041686  55.68732542
  25.32517234  36.22185639  29.88893921  46.55433971  32.41852781
  40.78804721  41.19337781  51.01344065  35.90336609  35.92497746
  35.15900159  47.69263787  56.58652032  31.87879717  36.63927684
  43.52726233  43.15110034  17.17219377  54.19073311  40.52073597
  52.5092923   35.27155174  62.47356635  36.28171348  16.97018193
  23.5778699   52.46460131  32.60802493  28.3101476   61.47497891
  43.35347801  32.29481026  47.85721753  33.47872094  30.92424706
  54.91656411  52.22819459  27.78911518  20.40207381  31.95982391
  85.3682054   36.01993425  22.27829702  22.11935875  35.13659144
  51.28112461  36.24217319  26.01336395  60.37782403  38.33512584
  41.03740248  40.37151607  48.17292014  41.94274881  27.08298836
  27.73356209  39.96108451  43.8175481   32.4777027   36.17748165
  28.14583944  29.05957033  37.00837405  66.57800039  37.84281926
  34.30449296  39.28014466  25.98623118  31.99160162  51.30356453
  37.85600658 106.20011759  51.52262843  43.56235631  48.15432332
  26.37583804  41.70686848  51.17021883  27.81771817  42.78658283
  47.76939049  43.24960045  22.68753181  37.09675459  29.78288291
  60.97143055  44.47795603  32.99216268  31.83634614  53.74070561
  49.87906885  43.47818095  71.26830133  24.24262443  33.63676483
  31.29659684  64.39041946  43.27828347  41.56549569  35.27974669
  49.56681125  28.83045742  31.20914901  58.39478399  40.74554737
  30.09056289  40.74596124  28.01028763  39.05345967  53.52829553
  36.12931598  27.90637081  39.45869455  34.61367878  59.79526218
  51.4191912   23.39793353  31.67196057  43.72578585  48.93287883
  27.46143165  25.62976745  55.67239659  36.8905584   32.72025566
  58.30930824  37.23993926  25.84745637  45.19049792  43.26393847
  27.23301762  31.23581785  43.60482658  34.40007545  33.32001126
  35.80110507  39.28787532  29.39433454  35.63922068  54.49945723
  20.77006884  40.04622119  17.28473092  32.65325665  42.42254306
  28.67645725  42.16212187  30.8975411   40.98210253  26.35116167
  38.87287114  29.86023635  39.45818168  59.7847417   44.64941478
  63.42793298  32.89122096  55.11720347  51.23103181  28.70545897
  22.17053006  34.07948013  48.70578346  48.40532933  64.17398349
  54.08254091  54.98473322  42.49467075  50.83819996  23.33569635
  48.56654161  27.41996485  61.2791343   50.25170546  75.38089933
  96.94342939  44.73365229  28.41792775  26.96792307  24.01800896
  23.63074534  49.89332004  46.75964273  18.60863809  37.95832441
  22.68908626  40.48974543  47.88413236  29.16481476  44.87501755
  43.32850654  43.1393061   64.81485645  45.18892664  37.20053831
  34.888887    65.33471454  56.29345636  25.81089627  55.64757655
  32.05772568  58.52973687  46.2950808   44.39423618  52.4340844
  45.5035943   38.63967138  29.55041204  47.2633014   55.13190517
  44.58528305  36.84978352  36.38053937  63.85253977  35.51283672
  33.84894207  32.32073026  33.30601679  40.88126723  50.42852
  54.08802476  45.4563854   43.40430534  39.99039109  53.09403509
  45.75960391  20.55256926  54.52019137  32.15798803  37.22144856
  41.22064563  44.50647385  26.89389422  61.39006293  69.34957058
  52.0599859   27.39698742  55.6218735   45.94869767  49.17252311
  47.92626583  17.36175729  43.57747398  67.15461131  28.65415779
  55.53949715  26.35214167  34.82002616  24.95324759  33.25338401
  31.61245457  43.78306704  27.56283634  24.40878792  44.65208777
  40.61540311  61.47074363  26.10971827  29.65010115  44.23336648
  46.47398355  23.86313834  51.20058677  21.76743719  60.16375134
  46.86754307  29.18923338  49.41036057  27.76624657  38.30578116
  27.96348231  32.24486846  22.77088251  44.81945388  38.44307313
  49.82011273  47.42662566  69.79555588  33.19391969  33.80408089
  36.36305162  43.33180535  45.66622835  48.25736712  51.62262636
  28.83317819  42.21202941  61.69926718  48.56710454  24.00372124
  37.39479649  33.48637473  36.31025098  34.72290019  37.25145407
  71.36436787  41.26053557  47.63518236  38.72712684  44.58370879
  48.17181156  51.986708    29.68019021  38.68663072  35.26514359
  30.60079188  43.55822059  28.92416008  30.92454964  39.46595011
  26.63044582  52.24675059  29.23571765  59.81266843  53.39001392
  44.98091109  51.72494434  30.76749717  46.20335766  21.41923848
  30.91788253  18.58993006  27.83632429  51.2666073   34.31505723
  51.05992037  44.54090965  38.03564588  46.19321721  52.46570448
  40.4148349   22.83971492  39.4782958   23.61634805  48.36480059
  60.86893959  57.22614693  67.20585523  68.94224453  40.99573461
  25.82196453  73.87524364  47.86411531  47.35964592  25.98355486
  73.28570559  27.76199775  44.59526388  47.31861188  25.11894097
  26.70731013  17.19133278  54.53771084  56.14635207  48.28625892
  41.10325917  50.58353162  40.43472174  37.41889151  90.61248315
  49.2798862   38.16180569  66.99945867  27.83318135  67.60559205
  53.65438248  29.88961575  42.0226878   55.99821521  23.42135272
  56.42165624  27.45702237  53.7910353   38.19365008  33.87747211
  27.03744153  43.6524939   55.43515347  26.82809829  62.05629185
  37.74909719  30.196864    38.59963755  47.58304006  55.31082628
  36.42949756  38.44806746  41.77126991  55.97815086  47.38734984
  37.75675693  31.18089889  55.60709783  22.15880809  34.75704912
  55.7431221   46.88274875  43.451895    18.27768918  38.79175777
  39.93274739  38.19113261  54.541507    32.38007128  35.32823789
  28.410956    18.15831434  52.57962523  41.04028437  50.02912593
  55.82741093  44.74299547  43.68334741  40.45392698  68.72254223
  63.02043312  29.98596759  49.89052261  38.52989034  29.59128372]
Test abnormal scores: [84.26967503 34.59469477 53.1288074  ... 56.28185516 66.06248446
 48.02228318]
