Logging output to: /scratch/mgirishnair/MotionCLIP_experiment/results/multimodal/classwiseGaussian/classContras/anomaly_results_multimodalClasswiseGaussian_waving.txt
Loaded embeddings:
Z_train_normal: (3022, 512)
Z_test_normal: (758, 512)
Z_test_abnormal: (52935, 512)
Normal classes in training: [11 24 32 39]
class 11: n=750
class 24: n=757
class 32: n=757
class 39: n=758

AUROC : 0.7671
PR-AUC: 0.9951
Threshold (95.0th percentile of train-normal scores): 26.0575

Confusion Matrix:
[[   94   664]
 [  904 52031]]

Classification Report:
              precision    recall  f1-score   support

      normal       0.09      0.12      0.11       758
    abnormal       0.99      0.98      0.99     52935

    accuracy                           0.97     53693
   macro avg       0.54      0.55      0.55     53693
weighted avg       0.97      0.97      0.97     53693

Train normal scores:  [23.22379333 24.63685319 22.8776011  ... 19.37108979 24.13834672
 16.98637621]
Test normal scores:   [ 44.54648228  20.65641442  73.1214905   20.69251527  26.30138297
  45.26611096  32.75398331  43.76453285  54.19188862  22.61871795
  42.37547497  57.18444278  40.27489405  42.13625025  43.95823254
  37.01500395  22.87479637  30.44575988  65.94325068  65.66192653
  27.66340717  47.09807862  29.13811242  45.46692765  48.90082634
  36.77185733  42.66223953 104.82771739  31.02940791  44.43188181
  51.5788445   22.03078894  51.71454832  35.90338128  35.29410952
  55.19409281  26.74990591  46.21558537  67.30998463  38.61835376
  84.02884733  22.27479382  39.15621244  68.67541615  46.02011903
  31.45918995  26.25590864  46.68310248  23.71042032  42.9401966
  26.8075662   47.62164839  30.78443455  47.37355343  38.28025717
  22.27791212  30.17238847  27.23575645  38.39830835  56.62655737
  49.26859402  54.06805611  32.65448453  35.26648459  31.51425238
  22.97745066  43.11839094  46.16253289  49.09647786  20.81447
  40.87515751  31.43747582  48.35518139  44.80988141  57.26807883
  37.44677172  14.62224494  49.37224483  28.86526987  58.11617743
  74.24648235  57.34577597  24.97060876  29.41635949  64.25964319
  40.7400566   70.52829267  46.64942598  40.27673045  28.08772466
  18.00574846  53.3162864   37.69185663  27.54847373  59.17880068
  67.94217116  47.54718566  41.99795938  32.64938907  25.65790845
  41.62457962  38.46664511  57.36780873  40.61042457  35.13993838
  44.1803624   32.90856638  45.18857674  22.37901976  40.33627916
  49.02744262  35.52012405  27.19507119  37.56138515  33.64565615
  59.08102978  30.12876086  43.99447779  60.36836227  69.18357005
  66.70635556  52.43438814  52.6519536   26.45050224  32.93317997
  38.85449795  43.65434307  27.63516368  37.24757566  24.00105963
  60.65081307  50.02241125  51.90103886  22.22047958  20.57414813
  40.15185403  20.6663997   32.49198415  19.6121976   42.38331274
  59.46683075  47.63150295  61.85863802  73.99731797  21.76345021
  26.75911419  32.36038617  31.40984033  49.55160655  20.6453398
  47.12837985  53.25352629  73.47055381  41.46076184  69.0886634
  45.9978247   37.04829655  23.60797592  43.05895958  46.89132396
  73.6116066   36.00368669  28.56329828  32.79189405  68.37866245
  65.63861298  95.52754326  51.41747624  24.9603658   39.49587586
  40.1748805   29.95122543  22.90709825  70.37055322 100.10107758
  65.85821086  78.95913769  59.31597003  40.35612241  27.90008966
  46.56998448  76.30305412  74.63642938  40.96603539  28.72033134
  57.0067068   25.71677681  65.03498009  46.13691593  42.55622937
  43.91958561  39.1288957   31.50847655  31.90702418  52.5554658
  18.33921235  32.55747148  70.08085707  44.3469959   33.72734593
  60.74870583  51.68221609  60.53968314  35.44665004  23.49881048
  31.16393077  46.58639996  64.0925787   38.9227942   27.42328928
  52.27518871  56.53980892  66.78298665  57.3185893   27.93907899
  44.98231879  54.49260436  63.68364536  59.71153829  50.6056396
  31.41552414  28.29976612  20.64232514  23.75510854  51.47309189
  20.73935906  37.49601168  35.1375487   44.7536576   27.02739097
  31.82353985  24.47377289  54.74057475  35.490972    72.92411411
  30.23829201  22.84695766  39.63264463  35.80561575  63.96021983
  20.62588743  54.42900582  36.5471814   29.83933853  58.25635897
  47.4113865   36.54757345  19.36514814  30.97641066  26.20867735
  38.80870615  67.97596087  66.23461088  57.80959673  42.02643629
  49.98779079  44.14703003  66.0764715   39.31386199  40.89255112
  54.50225595  71.22745098  34.35087583  38.96747796  55.40099539
  49.72461952  37.43687445  20.43108024  44.87555444  19.61741907
  44.03549223 109.70710863  50.21318501  16.43072946  27.90221478
  44.11091548  31.78727555  47.29643385  24.84623086  50.61420979
  42.65374727  37.8051592   64.9806567   37.01262776  36.18622434
  50.1431016   56.35150192  39.53641845  24.16728934  82.62827912
  48.32457832  78.38410742  27.83163901  46.90246233  38.11612541
  23.18202608  73.15406195  46.17147618  47.57888623  30.55149542
  54.26422354  27.73617628  51.69212268  54.6871492   54.65358992
  30.43012975  57.53068504  28.24541816  48.47448332  33.21514683
  45.41222512  31.14304903  40.60327583  34.41495699  34.71199363
  36.01265369  39.71555529  57.98004415  45.9694547   30.58991037
  42.12597166  37.53002243  32.29771442  49.87027612  43.4817304
  23.92963671  29.84661143  90.08416243  45.72624506  41.64587339
  31.25296748  31.50284958  34.53476616  59.45119611  62.66536588
  52.81416828  27.30164085  45.59118369  43.43222455  31.24857134
  35.46846647  34.67313009  32.84558512  61.17871089  44.14143245
  51.02112498  45.52465906  25.96574309  20.68793449  44.13301416
  62.70978593  48.78111067  41.43605328  32.22910035  34.28904031
  37.19374679  31.15838724  50.50092957  52.8552199   64.64467571
  41.21067041  31.21663212  33.2925425   42.54717037  52.01161336
  52.46755617  46.23943939  35.36135903  31.14870018  52.198306
  20.99137069  66.77701824  53.40807154  46.06060916  66.74303403
  44.64282984  18.88187849  35.12678386  53.58571628  46.58427959
  91.00309088  22.8579501   45.05736332  83.68055341  22.63784273
  74.94168274  61.61202858  50.8014743   19.40029663  27.67988716
  55.36776333  71.0632809   58.30376735 108.94710805  16.41917756
  66.33196657  27.05315498  20.19110409  33.87195735  32.59894491
  66.39108321  60.34122908  34.69573688  21.49616652  48.9054092
  39.43892554  29.64218089  31.42199016  22.50029722  32.93947238
  28.76778168  42.26407803  36.35658778  56.21111566  38.60484527
  35.97482436  40.90805652  26.9197169   33.05176399  25.36321787
  72.73287195  28.75973137  40.76896255  59.28881081  72.02020199
  76.88214185  18.79143061  50.65584727  58.32414974  55.49653538
  48.73243116  33.76237805  26.34288785  30.70941742  32.27600538
  48.06676045  21.59293391  31.55427146  50.47546778  46.06378502
  30.55233688  35.30394581  48.11455178  27.55342032  22.0402459
  31.93805592  60.31464147  30.51479917  50.50487714  54.55549082
  24.9446771   31.42973719  28.85347548  26.71601938  22.63088704
  48.77069184  40.58982322  51.89826294  69.34350294  63.8628241
  62.32701603  20.21478704  46.36623215  57.94183156  20.23094106
  31.38212359  40.71317668  64.138102    22.94498401  23.79913197
  47.64304827  38.76580281  41.32787108  38.49147877  60.45548997
  29.24813084  48.72303556  58.71012948  54.53591836  28.45514556
  53.00326922  38.98613232  42.19767937  59.09407868  27.62702539
  29.97100794  23.33469133  47.92631822 109.18742472  85.63291909
  58.72757263  36.38256372  27.9144803   28.44902589  29.85761312
  37.10897579  35.72365803  25.70996305  26.39468463  28.51229476
  32.41827709  36.66607883  57.63304139  33.35267409  41.96310679
  45.08293858  37.62643491  26.12294862  58.48063432  30.01784122
  44.04337436  20.77941201  44.61747001  55.24208045  34.02579973
  36.33794197  77.16400342  62.6006982   44.13539004  58.43093554
  45.23941465  36.73140219  45.08381197  29.02049998  32.0624254
  33.00780849  51.75180048  48.72685313  29.8176744   97.79651047
  63.94912872  26.89229616  59.32083932  29.44070755  35.13067372
  41.34660252  45.76434636  25.41597901  36.08395041  55.65579229
  25.30058166  53.95804751  41.23297202  78.11075716  26.40935605
  40.88177865  41.19533767  24.6591239   67.04645843 101.7071248
  28.17001467  44.08879987  31.78471516  21.88391377  95.42852429
  55.04953111  30.70056017  33.77107424  39.02893551  45.36173211
  32.36990556  28.62548315  26.61542052  39.02235844  37.99016293
  27.9243139   64.53566325  51.65713142  45.77287277  25.34342452
  48.05509084  68.01882978  27.4747158   36.17866147  34.93608072
  53.52244737  36.02954195  26.17181403  25.13923534  32.21601945
  29.3838737   57.13114859  28.78444192  30.08474089  54.20944894
  65.39777227  36.72277925  58.31847614  50.84914775  26.79625103
  26.87676536  28.21105865  28.29039869  43.52939645  38.06154874
  35.68118802  26.13736774  75.28203017  45.30354165  36.94022427
  41.58487875  72.76123004  36.76301442  32.76775508  73.48078411
  27.85121664  44.44227557  36.59145606  27.79880696  60.10463631
  26.74396391  30.24605878  41.10882729  40.57430766 116.05203327
  37.48576155  29.95376313  61.55448278  37.22115727  27.85381506
  60.80318107  35.56344991  27.52159419  32.21313308  55.39652419
  36.77916265  19.8802461   25.17170115  88.66971718  18.09707094
  50.99653916  52.41094387  57.97017358  33.2405238   45.09663186
  74.39593817  45.08306004  38.93926401  27.10185764  57.03741066
  59.3028986   22.16872003  71.34197388  51.17597456  53.96802958
  28.30431367  26.27781344  42.48965141  57.41791113  29.59975204
  51.82232362  43.99274689  35.26936777  29.4585234   69.33391615
  24.29477535  60.69876553  22.2806517   39.04630778  46.19608638
  45.10474408  24.13800411  27.41166006  57.29093376  68.1649648
  26.16586059  78.04376867  47.97946634  48.43825496  31.51445383
 121.29914504  43.89655416  36.01919424  24.60006946  83.45601751
  62.17568314  34.25765417  67.38457841  51.30313334  43.75506507
  30.47451093  44.3102434   72.49956906  37.68252727  40.83567675
  57.51047378  28.54799802  43.42377984  45.63095204  33.26183507
  23.36271192  64.05833957  31.43120477  36.34153268  44.20779982
  24.58399197  53.04793952  31.24150408  37.07555832  22.45258179
  38.09098843  77.88729648  26.82604387  60.11949416  35.37391096
  25.6372656   22.81457264  39.58133432  27.79465914  22.24352159
  68.16383016  21.403433    36.58990596  35.27804845  84.46637195
  64.70465159  62.92402757  22.3139723   19.82162859  50.67376381
  17.56559719  45.05605948  19.81462395  62.33694801  62.23923801
  34.75757045  42.15152851  22.08676928  40.97834838  79.9147068
  43.425637    30.50854417  23.80282177  37.67100652  42.90505191
  42.5680369   81.02918129  29.56051133  37.00140223  40.79339715
  57.19174401  58.42374439  43.53244751  70.09965985  31.263894
  44.76729573  30.59970692  36.44446369  27.617104    41.69577332
  69.30025616  36.98638256  16.88900876  44.68148758  59.16158948
  54.9062048   87.57869133  32.87671495]
Test abnormal scores: [76.35113324 35.31651138 61.82803314 ... 48.61375871 61.61753777
 41.85922112]
