Logging output to: /scratch/mgirishnair/MotionCLIP_experiment/results/multimodal/classwiseGaussian/classContras/anomaly_results_multimodalClasswiseGaussian_random10.txt
Loaded embeddings:
Z_train_normal: (3020, 512)
Z_test_normal: (757, 512)
Z_test_abnormal: (52938, 512)
Normal classes in training: [ 8 11 50 57]
class 8: n=756
class 11: n=750
class 50: n=756
class 57: n=758

AUROC : 0.7442
PR-AUC: 0.9943
Threshold (95.0th percentile of train-normal scores): 25.8531

Confusion Matrix:
[[  100   657]
 [ 2041 50897]]

Classification Report:
              precision    recall  f1-score   support

      normal       0.05      0.13      0.07       757
    abnormal       0.99      0.96      0.97     52938

    accuracy                           0.95     53695
   macro avg       0.52      0.55      0.52     53695
weighted avg       0.97      0.95      0.96     53695

Train normal scores:  [25.56278737 24.31361502 17.00276887 ... 24.93323785 22.75401438
 18.03824722]
Test normal scores:   [ 31.0686888   68.59429651  20.02666939  45.49490216  24.00264493
  29.56218044  55.35884193  29.78634727  21.54191529  48.0968882
  73.02835449  59.34364059  58.84500465  33.81447496  64.72629279
  51.94519324  77.66590517  30.88894882  53.17199409  46.98163986
  56.01583017  60.75046377  32.27241294  39.18677321  53.77383852
  43.6174042   78.55945788  23.38229211  41.22834134  29.815848
  47.35391429  22.12741718  41.5620826   42.2286443   75.86787545
  57.31710785  58.09097857  47.61120503  25.69263184  28.47857216
  26.98868237  41.51466835  90.21974779  52.99272157  91.75622568
  49.54803714  29.23249404  93.12809491  61.7336424   43.49268263
  39.78877191  41.89485813  30.29908962  23.27208431  80.85223878
  41.1898427   19.30796108  40.99016997  58.28189583  60.16857013
  43.48953571  54.24818844  46.74984187  19.41670837  70.16905967
  47.74231183  29.46735412  44.98547476  35.22007232  54.19570343
  46.23078928  54.87712326  50.90943421  31.04115786  42.89569693
  20.68678453  46.77234758  39.10908577  47.92245688  51.16052258
  67.19419504  40.79801101  33.44578534  57.09822182  43.43486726
  28.4065345   28.98435279  47.51166047  69.12941444  40.67939517
  34.50280617  62.1821122   49.94175751  34.42817194  31.72786358
  90.48414627  23.28583865  28.98198864  33.65397227  60.67172544
  47.11083043  21.50561931  55.40196694  26.70039233  32.61630046
  36.01652158  38.37037264  44.46649778  37.31785282  42.87482058
  36.40804661  24.83207422  17.4204261   25.20945593  44.87367958
  48.95684009  50.02196706  30.72733997  25.83993807  37.04867103
  69.99657083  46.62390231  69.36969007  51.90719187  27.31876529
  52.51288417  45.36687156  19.01148268  39.35953504  60.86070262
  28.10153924  97.21371921 101.2917262   55.57553184  34.80323484
  27.23298084  29.645324    39.20604656  35.24864368  55.70076834
  69.81759914  29.53982288  29.54283255  22.24498357  41.67086259
  58.52988298  41.49358689  20.60890253  51.9066526   50.42371392
  32.51964654  23.35795395  53.77940081  42.64970801  35.10253343
  35.0420505   24.51455497  26.86868455  20.88072173  38.93060336
  51.18239423  75.24524793  24.20155674  19.93316153  29.29822371
  51.43482879  35.18897206  30.60078108  42.68570428  33.81425057
  27.18650205  32.41852864  46.37006373  36.56121129 132.49596162
  21.61064296  38.3647971   56.23413163  37.25901706  58.87662038
  44.67458766  37.39024414  15.73368832  62.01729599  47.40732674
  59.20070022  45.40436888  44.9480226   45.04940957  33.75809778
  47.8037015   49.80933173  79.63286613  42.18462004  44.65365611
  32.9420257   41.88774583  75.34918129  47.02393434  52.28082239
  60.55895473  53.84894802  40.02777552  60.01429222  40.13398965
  49.38139041  22.82051652  15.28461134  44.59304819  25.31099723
  44.46633888  57.80297597  15.31249404  28.38104115  39.37704166
  29.83672715  28.09261606  40.55801207  32.61403423  48.32873221
  55.02314397  37.28714412  49.08321258  29.26819367  49.75352876
  25.28134833  80.21006944  67.51393397  44.75679439  38.88150796
  36.66650066  34.67422401  40.58320068  21.87642715  51.0573739
  40.23041093  44.12640661  48.9702166   61.50849686  26.69326515
  38.40498364  38.00888269  43.09329329  16.68123333  31.66027404
  22.00306187  38.56793035  41.91484308  50.55953806  45.86240597
  94.93871005  40.728837    54.9012071   28.71991913  51.24120406
  46.98160629  45.61838865  38.49143051  16.56522109  63.44348021
  27.05663172  50.46571595  45.90732277  24.92254939  28.86936109
  43.04725997  43.78399672  30.31338808  53.34320113  47.67023712
  24.16056499  36.55307785  65.1811667   33.62312707  61.07801279
  32.16942926  40.81325622  21.5748471   29.25282566  33.69021976
  48.42406257  46.23438998  22.90445784  55.43118052  49.90836665
  24.78569437  51.89536271  22.50840409  41.69535426  37.28295707
  37.81602748  31.15802368  30.98468531  38.05805335  22.97874669
  29.86368745  28.59890131  27.54733004  34.6519065   50.90064779
  50.78540458  33.20620308  38.27011644  43.60531016  31.5116439
  40.67096222  57.90567788  52.37141147  28.39346752  91.29965858
  40.60057274  70.97020569  44.34064701  29.77141232  22.6751441
  44.15062213  29.58920644  30.53560919  37.70262914  30.01193399
  53.03455063  59.38420267  72.64652592  30.83195944  39.87192394
  44.01575535  82.43271917  51.16749514  46.48466683  50.19942571
  40.20782042  28.98759543  21.36743762  47.41465938  49.86051514
  58.51717913  29.63183507  29.59855478  33.23974218  72.33161884
  53.66235041  44.15609405  44.4376738   65.51698656  58.94275551
  40.15197728  34.35444403 102.01168935  46.87275102  61.69577292
  31.6900574   35.103524    32.83079468  27.88561029  38.4326803
  36.52184363  34.09306921  38.58974896  39.36490759  37.39100762
  32.48213483  50.32541307  75.39189815  45.5366772   47.38392185
  33.64250492  33.65280534  45.13447307  30.60858101  26.10451977
  47.08450284  35.14252376  53.20054141  28.50777591  35.34098256
  41.04653062  25.19806994  19.36254463  35.84672568  51.83238454
  33.13264244  66.47804289  51.23601459  25.28110586  45.96490815
  62.83984632  60.23565339  88.68472889  11.7321853   53.34351036
  30.13242122  32.96989895  31.77915061  45.68035758  55.86956892
  83.21784196  27.12684149  29.2100142   34.81018251  46.86011454
  50.27742288  61.64137245  26.93975355 104.15558094  58.57899179
  42.49379467  27.93678177  33.3309745   31.61674598  46.42181233
  35.35482066  47.63142447  43.09890722  41.7876232   32.52483461
  27.57030516  25.37242073  66.20101771  69.22056699  43.0426982
  53.61500909  40.65747285  46.61625201  63.7215447   45.72229888
  53.00353769  38.17608454  24.06684739  74.56642419  26.6455312
  69.21123246  33.16573936  51.88946449  22.06600869  28.74058248
  40.76432641  42.55783183  32.24772714  54.95911255  48.09125377
  53.82737287  90.3735729   50.8733009   60.18287419  24.79539854
  55.35050013  39.98162874  55.98407844  54.95798568  38.49029255
  25.46185422  37.37248607  40.45941226  66.84927281  43.04069388
  53.95434479  78.7234676   33.65511261  38.16146598  28.10689038
  30.57029527  38.62962452  47.31529164  42.12801893  28.1673875
  60.0283298   32.62770315  32.31861796  24.17736927  73.14767651
  34.39472447  49.67760782  30.68950263  28.96919394  26.97789568
  48.54811185  20.48341614  32.59942641  31.8656569   47.13870863
  28.77494299  19.74355185  46.21633033  43.24504438  17.97219132
  56.6315676   71.31970278  30.27218617  31.08836882  36.52660978
  16.84104544  78.59012498  56.4172459   48.74951013  72.64560868
  72.54514721  59.68485334  20.37181714  50.83938493  46.73376951
  44.79891634  40.13089109  25.57626231  50.95893195  41.61123912
  13.6162724   36.12238763  19.19030202  53.83114607  45.4669879
  56.93591009  46.06924958  19.90672554  45.53775163  34.17195678
  38.20055284  43.03076044  39.7593092   26.74771639  38.87958771
  14.7721318   48.59686625  23.56695479  39.05036297  44.7137072
  40.80863032  21.84827155  75.0616099   47.31592324  58.9503715
  45.84272958  28.3853069   25.17487695  35.30625502  13.82095521
  23.35803738  25.36334919  28.83453529  40.7664589   60.48679318
  63.71221111  37.4820941   39.3812979   38.98770781  36.09064082
  27.77605341  69.74336009  36.90276163  56.34741041  72.45290683
  28.33699428  12.09962777  56.59405349  43.49006878  54.26027172
  22.82858414  78.38783759  23.5572597   53.10044633  31.33795775
  41.5666362   69.67435947  99.04020032  37.98630899  55.26321861
  50.98126699  68.11475587  36.45406867  16.59822972  68.22886725
  65.46870774  55.43814402  27.06541829  20.0673141   45.97248841
  33.24319116  31.7519551   53.5855887   27.02669845  38.73165197
  61.40717804  63.53760446  30.7590664   40.96873218  51.86661167
  42.6784558   42.61593416  28.52065442  18.97706025  50.23123878
  48.24614032  31.19405982  25.20286357  51.04212435  42.20379437
  25.2735262   26.89288081  39.67823536  26.0711962   21.45245567
  56.32101929  35.78617099  46.32463724  52.15038195  27.10493763
  39.62455394  46.61815344  59.68260573  78.27904505  35.36724797
  54.16060538  64.02338058  50.11575938  34.55587185  51.51205706
  36.98841876  12.94726561  56.57439519  59.58694494  17.72086669
  25.34747245  60.83830277  23.04604617  40.77527768  56.76205161
  50.03793136  49.19656702  47.29078842  62.34895073  29.23144041
  67.33088265  21.62569405  17.10342759  46.1337868   48.82271892
  42.76084162  42.6386041   30.10197339  40.39512409  22.8565645
  26.04593025  41.88516226  53.69316457  48.95994674  33.06710763
  50.07089152  46.27017839  64.58636425  61.85671666  50.44524924
  28.23120294  20.61831732  37.8129951   29.53327494  48.54688966
  38.17265783  35.83361093  44.58542899  32.72117316  50.58966652
  43.30799591  74.60760539  43.52378348  48.00456195  23.37111034
  33.50759805  51.21491723  19.33325599  32.38348506  39.50593593
  46.1843249   69.50752951  33.59941621  34.56891306  61.38190107
  35.623503    19.83397688  54.13270206  38.0428584   44.47538768
  41.44396767  53.7871784   16.9138267   28.35914385  74.09089242
  31.92683565  48.23641337  54.40456392  66.66107616  49.29841789
  26.41925625  56.19984347  42.2255998   47.27175635  31.01180622
  54.42449626  55.92971887  63.16674437  24.30249436  31.56217865
  48.23843638  36.99866868  22.29643701  36.96300332  40.85662847
  45.05486673  19.67527656  26.14287771  56.79626035  38.34768664
  39.90437371  28.68403166  36.71672006  38.81076432  43.26013275
  24.81568387  30.54936411  30.80908545  50.30166551  33.20189812
  56.9023679   34.4275935   35.43322115  70.91740158  36.89254173
  90.22539982  14.7858805   38.14241891  32.19130946  43.1635427
  16.70319387  38.62017406  34.67624852  58.15821028  59.34606541
  40.31211598  37.94590273  40.07059422  32.17902854  51.39759994
  24.00479947  41.453111    45.80233315  33.25618943  21.2810145
  63.04671405  19.32464463  29.35077157  78.06705567  48.46244782
  55.82522891  27.12493473  31.27953671  60.42153221  41.50550941
  40.67465193  38.02742545]
Test abnormal scores: [83.08221272 61.23752665 49.18058213 ... 25.54781862 51.48732957
 59.47249501]
