Logging output to: /scratch/mgirishnair/MotionCLIP_experiment/results/multimodal/classwiseGaussian/classContras/anomaly_results_multimodalClasswiseGaussian_handshaking.txt
Loaded embeddings:
Z_train_normal: (3031, 512)
Z_test_normal: (760, 512)
Z_test_abnormal: (52924, 512)
Normal classes in training: [56 57 58 59]
class 56: n=758
class 57: n=758
class 58: n=758
class 59: n=757

AUROC : 0.8469
PR-AUC: 0.9973
Threshold (95.0th percentile of train-normal scores): 26.0298

Confusion Matrix:
[[   93   667]
 [ 1458 51466]]

Classification Report:
              precision    recall  f1-score   support

      normal       0.06      0.12      0.08       760
    abnormal       0.99      0.97      0.98     52924

    accuracy                           0.96     53684
   macro avg       0.52      0.55      0.53     53684
weighted avg       0.97      0.96      0.97     53684

Train normal scores:  [22.7313904  21.94226066 23.38936172 ... 21.98918297 24.24839111
 24.68565848]
Test normal scores:   [ 65.30878345  24.90696381  48.25101465  31.34287835  34.69980824
  28.34662996  42.97619916  29.44018559  52.21811026  41.5180916
  41.88189437  29.05389595  32.58587658  22.20195128 108.23396626
  93.3412511   30.06310367  34.54892038  33.80256046  28.65425302
  41.15320803  27.56321294  32.1858006   38.5097372   31.49485546
  49.74198117  32.24228227  28.43445975  33.88931245  93.84422546
  38.62753944  40.97784272  49.73253581  42.62029984  31.00040304
  55.48748477  38.60217013  38.04925255  50.77498188  58.13976905
  46.93180068  58.8193106   40.34152942  32.94049658  22.0503895
  49.68476236  17.1625407   35.35297387  54.03831583  27.64681901
  52.44871439  68.93638758  37.22668859  46.74413699  33.24820508
  53.44844938  43.0490595   39.75871042  43.47799747  30.82691976
  27.85264492  49.11147731  42.50238498  41.96615459  46.95880294
  63.07188981  37.17839678  40.68872929  50.64079344  30.70369828
  25.05813231  27.0062938   70.95777445 102.20983985  27.96427035
  55.82054796  28.68404031  56.72185534  41.96749476  80.22138774
  34.34158399  44.91256813  62.57862624  37.09120952  83.10590665
  49.51979133  31.27372771  40.39318723  38.21802665  56.79555422
  23.27081835  33.75470017  49.98800997  29.95278061  55.32205872
  65.09076685  63.17390912  43.25294918  43.92635686  36.84602656
  51.17497098  40.6978384   43.07122474  42.68466565  37.51345366
  54.75700623  38.06061189  46.62645186  33.206828    33.93630909
  51.37443844  58.66328323  28.73299352  51.16117071  50.20816562
  17.86520022  35.0639674   61.67362487  30.09917484  58.16863391
  22.73876169  21.31686674  59.60216781  32.37255283  21.88930167
  35.09189143  44.88342687  36.42375039  33.36755307 124.76393314
  27.43046595  48.34173832  18.83707751  57.37914381  29.86271496
  37.47223537  42.32088198  30.35626808  28.1319414   73.29379846
  45.49155348  32.75462233  48.79488321 107.73159559  31.80934587
  41.46400697  65.28155161  24.24224874  47.40992872  39.83540732
  82.72339379  39.11281747  21.16807913  57.05335509  40.8663155
  41.30436428  35.30376476  27.63400048  38.29556219  49.52820371
  67.18889695  59.13490386  39.06965626  25.21365826  55.46951116
  39.64753302  18.14765693  53.14807334  38.81993696  52.31558736
  31.94661253  30.35444264  43.62157487  65.68015957  32.80417556
  52.726876    87.53201424  43.96046284  50.37489218  40.30983427
  38.87443874  58.63056544  19.42042971  32.66283089  44.41224821
  37.21495084  19.46712522  28.51511337  44.76251233  56.21531913
  34.64836805  28.40960238  31.19494371  45.64000227  41.64370515
  71.31900864  52.66633337  67.05787013  27.74066503  24.79858846
  36.37439436  30.71689343  31.74180778  34.75069495  53.95841163
  28.40669262  31.03036838  39.90805166  49.70457528  29.77488987
  49.38011917  38.69435777  56.77739187  51.74977632  38.72588088
  25.1730624   43.363465    31.16677754  48.82119718  35.71949239
  40.18769472  50.28110061  26.57085718  51.11680615  35.90438754
  32.43848878  27.25668771  40.54066891  37.91601202  41.88234507
  56.33636797  25.49361137  29.95673857  27.82066946  26.33411868
  35.71732946  34.84047906  70.83371104  38.59418078  74.64577896
  43.59542561  28.72021029  69.09128127  40.74914221  39.26706239
  19.68208559  43.69584295  52.40983492  42.80325625  30.45556116
  43.67086155  38.08497854  28.99460845  55.47808661  59.01958393
  62.99245863  38.68816812  64.57909811  54.54251117  57.14033428
  18.49855748  14.07324985  38.17949261  33.07617666  55.11128466
  35.61361247  26.1735513   38.20740233  38.63719863  35.79181433
  49.76199397  44.5218197   83.60791239  62.95266052  22.75810361
  23.90964736  44.44383707  67.08122504  37.64129718  55.58532609
  31.99690786  39.23935008  44.95827752  27.57473562  46.97348811
  46.84015305  18.54697691  68.75754073  36.17974275  57.89962805
  41.38539804  77.45638781  27.84563596  43.92970822  55.48324075
  88.00441619  21.43452043  38.84325808  52.0374583   71.81693794
 112.38524678  33.80882     54.76166306  26.96626645  49.88232057
  51.77298432  21.29831203  29.4951747   44.22549932  35.17646285
  25.62157389  64.99427405  32.8766355   36.45399848  34.3937499
  29.41180847  74.62057385  64.60139853  40.32160554  17.92918873
  21.20067358  46.80873144  23.21332335  31.6802051   32.37474737
  37.5993061   28.84612532  35.9716115   47.12588305  53.84605913
  31.84293835  57.80282375  42.55256495  41.84634347  50.90604465
  35.11240467  34.36609639  27.12522649  31.46847346  50.48590757
  66.85139446  37.33171323  40.56236607  31.60730669  29.61498351
  54.58319594  50.79293026  40.08072907  58.49482203  54.56451725
  32.32947053  29.10750656  45.20635076  34.60228779  46.61101596
  30.57171106  33.75182818  86.36190547  29.35481743  43.40881677
  22.41109335  39.84418516  40.58746838  59.72180692  37.42812777
  66.80851189  43.32662998  31.30798911  54.31699756  37.61283861
  23.5697788   45.03946188  33.29269633  20.10541415  23.31025978
  37.76011488  22.62212456  53.98073181  42.24687795  42.39675712
  38.19643878  42.62534987  42.95535501  32.9553011   28.66188872
  30.72549499  20.55152512  34.0582386   33.64062385  46.78320618
  32.11549464  34.74279824  30.44379001  21.89163736  37.46751355
  47.99841922  33.12855195  26.51502929  23.84287827  60.77544228
  33.54079522  61.28400018  76.77397488  28.56561618  74.43482067
  28.80688585  36.44660264  31.08861937  60.84739842  27.1040836
  39.42690037  39.6519883   44.27952171  48.79317888  77.70001413
  32.81615107  50.9446254   28.61532653  57.86256628  49.45360781
  30.12585379  44.318558    36.74202782  27.01036852  30.39632077
  33.11852846  42.52258985  31.05959574  25.70192141  40.22415902
  54.61157645  71.09842054  16.91023214  42.51867207  25.29783469
  27.49955289  50.85622873  41.23860083  31.12700062  82.52226125
  25.72283462  33.28701005  49.51569664  65.29875815  35.4831995
  27.00564971  61.51555374  24.43860862  64.90520897  49.23705428
  28.540629    41.40780101  35.67718905  81.17536671  43.23156839
  36.6396293   41.55690513  42.57499398  25.29784736  47.85645728
  47.46713336  41.67227621  28.53317103  36.39301994  59.60893401
  27.83674287  83.85807765  28.04258998  94.29589198  34.81163936
  49.02170519  16.1096994   58.93955248  27.09388149  56.24493002
  21.95841081  42.7132315   28.82133433  33.58532608  20.14324082
  61.0352721   19.21392629  37.56665449  52.50578129  34.54739961
  29.75015622  55.76979776  49.29454318  53.41185191  42.29511667
  23.02553064  46.69765639  27.4657256   31.48542302  51.13091291
  34.76039455  31.42798915  28.4359586   59.00282252  53.26411914
  23.00197623  57.86357988  42.2751592   44.20081353  27.15516483
  48.40098994  27.92703955  28.85763141  39.68367742  19.10762841
 102.08222781 104.16206856  60.88111287  33.10905185  30.35490275
  50.93369988  40.08700017  25.32313422  32.61631679  24.31209848
  28.40658437  34.19882129  39.69073145  45.0580203   30.50132622
  29.3596415   54.31267321  23.83083997  25.03235937  37.52870558
  37.68693007  63.79297803  37.31050192  71.4160067   40.19026033
  32.88217119  28.9929115   43.33484054  66.86402179  62.31069488
  32.63844459  39.7289494   22.41355419  14.38507439  29.1474962
  63.31197774  25.54038109  47.23485445  75.69618815  34.27392436
  28.59252571  31.91776202  56.70172501  32.98007774  25.64177783
  30.5263262   26.25327105  37.61250936  54.28196545  32.23902138
  22.20434117  49.68550193  32.20226965  31.22025612  64.67025704
  50.85200554  25.88704158  29.01656047  51.94548205  50.25918207
  17.85874438  24.70517923  37.18582856  32.44134153  41.51277157
  39.34034248  40.13877236  51.94334334  27.86490865  34.31311052
  44.22836915  53.99851149  79.71149381  25.29105898  40.56635398
  28.8238257   37.74459769  27.52821012  27.53679682  50.7130056
  34.60982824  35.83596928  48.68019677  38.22891771  19.92087412
  34.92287704  44.59273512  32.37238177  47.3297391   32.43984836
  58.92699043  20.22544278  33.62141358  31.24662506  24.24510823
  59.65158172  51.07463669  40.6926025   24.35954228  34.46400384
  27.27525729  57.40620351  45.45946147  33.95504878  37.5218275
  27.53448117  68.36325653  42.66560435  50.92463024  23.59476021
  37.7994812   58.38200508  36.17203667  55.63913756  31.9567636
  24.01422174  49.21189867  74.04263134  42.63432059  27.24023939
  49.33308428  20.15582296  51.7685838   34.12240509  62.57279009
  56.54833025  33.47143308  60.26991403  53.73081133  37.31385168
  44.244512    36.49210387  42.872634    29.06249414  56.07781669
  43.29250623  25.1016787   63.78187667  25.07996065  26.09912858
  29.02682796  49.26807216  55.19024942  74.96441414  29.07793665
  39.80352828  20.44267046  41.30253959  52.96479716  47.70146304
  73.29728619  22.67118297  39.7723006   28.06981128  26.17703766
  30.00179989  33.07109206  61.97755708  35.45125932  43.3051943
  47.50395428  40.8697674   26.10247621  23.74364285  17.8097966
  40.57163083  31.38448817  38.40828359  48.93330442  35.43136107
  14.51060763  45.93710852  28.880192    53.70287742  39.59720894
  71.19760434  73.58513346  37.42651842  28.82956478  33.41718576
  29.96031239  26.7810104   35.55969875  32.24084156  44.61605773
  28.56370439  42.957555    18.23463882  28.06136156  65.74606193
  42.63963295  43.48329796  28.22482588  40.52932921  50.36955479
  25.13579815  66.57669208  52.26085872  43.13751836  29.28071679
  34.98610058  93.70844239  24.40392768  33.10661399  28.94465885
  42.77495391  48.92402108  69.6778339   31.52223646  38.25963047
  34.61151286  23.31818616  54.71672834  34.52447813  40.10973889
  20.26483567  41.62514177  21.52076038  20.76659634  39.87673099
  25.79781311  36.80936495  21.19514834  29.77229677  35.89982535
  45.30421558  32.38767017  40.56343549  37.63015689  34.67925201
  37.71893693  52.97661099  55.88114811  29.19053268  26.96289212
  53.40305547  36.95126417  20.96318359  34.18304781  35.30394136
  25.32414754  40.9411146   25.29464523  45.42466031  32.97383532
  34.65264667  36.68741968  38.83223005  41.54789464  24.90623311]
Test abnormal scores: [84.05804861 71.47144508 74.6146494  ... 26.27374637 87.22768335
 75.61843699]
