Logging output to: /scratch/mgirishnair/MotionCLIP_experiment/results/multimodal/classwiseGaussian/classContras/anomaly_results_multimodalClasswiseGaussian_random8.txt
Loaded embeddings:
Z_train_normal: (2271, 512)
Z_test_normal: (570, 512)
Z_test_abnormal: (53874, 512)
Normal classes in training: [44 52 55]
class 44: n=757
class 52: n=756
class 55: n=758

AUROC : 0.7427
PR-AUC: 0.9960
Threshold (95.0th percentile of train-normal scores): 25.7221

Confusion Matrix:
[[   53   517]
 [ 1329 52545]]

Classification Report:
              precision    recall  f1-score   support

      normal       0.04      0.09      0.05       570
    abnormal       0.99      0.98      0.98     53874

    accuracy                           0.97     54444
   macro avg       0.51      0.53      0.52     54444
weighted avg       0.98      0.97      0.97     54444

Train normal scores:  [15.98462493 23.23711978 23.89058883 ... 23.19743425 25.35821557
 18.43026226]
Test normal scores:   [ 41.85720322  47.61592937  26.07803053  43.86116343  48.83718576
  33.7648232   23.82099149  36.30893586  44.77394474  21.79946735
  44.89561228  61.53678158  39.72408197  43.44543665  38.28560081
  48.99917419  30.87473406  42.95271535  51.39210582  27.48770087
  43.98203181  40.70529543  54.61391874  48.28429578  36.72965234
  40.18561129  36.09186907  42.38044531  40.7015291   34.54064348
  30.38723742  56.4657997   43.83164635  42.16160279  52.98363474
  29.00655009  29.0973175   27.68446483  31.48846827  36.00290765
  20.72598705  43.89025033  48.20268762  28.17948747  32.10054602
  63.26354323  42.64444907  40.55920065  29.11161758  41.33091883
  37.39115051  27.92437329  36.40535363  26.22139749  64.87542948
  20.55949503  31.44120097  30.21115714  39.89245148  31.94675639
  74.1405099   37.40246046  59.26539112  30.68033875  53.01211767
  43.91932741  38.07148803  35.20235602  42.27731914  53.80791556
  45.77794491  67.9236015   58.75299729  41.9733817   29.5069048
  50.55718575  34.91939792  39.31524051  43.26851683  42.43002779
  44.66079881  49.79135553  26.85763626  29.13885185  19.21788065
  69.09017184  42.38920857  41.69651415  25.81073235  62.34596493
  31.50407782  34.07846023  43.50458882  57.79409776  17.2906129
  42.69124982  52.76650684  54.43344835  66.727596    37.9536631
  73.49973227  38.98837761  36.13005335  25.58897937  25.54255587
  54.73207701  38.42146719  37.66011913  33.30989866  33.61956945
  49.96001865  36.70380083  75.78980957  43.42891221  39.41990915
  53.04062486  50.97714554  54.41192954  37.78213435  25.93203862
  16.23045499  33.60082893  39.01587342  44.07719615  36.61236513
  40.33497932  29.99512596  38.94688106  48.47888487  45.09817972
  45.02292593  30.10078303  37.23124741  53.98273331  51.77062329
  51.89630832  51.7198957   42.78750334  31.22070552  61.43562465
  44.67255639  29.26889164 100.54017271  70.16028327  25.66870414
  39.05173846  36.7921252   24.38536961  29.48713525  58.862643
  42.55062224  32.80003811  43.45944114  12.56769984  37.39846949
  53.85199469  31.89909916  26.29216229  49.81854399  38.91876641
  45.17638816  39.06956881  39.02522585  36.33777153  27.61843471
  48.17938045  41.47700667  38.52949113  40.35271519  39.16249445
  38.61896217  39.14485276  29.35264224  50.98240215  57.72901376
  43.7961753   44.43513267  52.43168587  39.25673814  42.828398
  54.1703176   32.57487723  34.29323997  47.66148353  41.56468636
  60.90825595  36.07007871  40.29199503  27.85765363  28.00552359
  39.38518587  58.0819948   32.00750932  42.51143382  30.6527709
  43.58277522  62.26548321  19.56245221  53.55959299  24.97178509
  44.76618472  47.18894641  42.17260499  46.250952    43.60663173
  59.91376138  36.72841219  38.29729961  42.1970434   52.64877917
  43.63026012  45.17201642  33.61328961  37.48168268  24.64218082
  49.53124585  39.79144929  37.91381008  39.59771212  40.27362575
  42.54229093  33.39644623  14.69888575  40.02916582  58.69514977
  42.99303516  38.91929285  46.63390808  30.68457037  79.61350044
  41.0324406   53.02306534  34.25657903  18.93536689  23.67888921
  39.28224073  52.6878369   26.00559089  39.33894697  36.62785931
  20.90593781  31.65416927  29.40537765  36.81930271  66.26073863
  19.66669867  29.56064574  36.06909155  22.36526922  43.87781897
  40.21708419  40.03723653  70.14236977  35.49059976  21.27669394
  55.74905801  36.31124495  43.35045768  56.33288995  39.93549334
  17.00953122  53.60205525  46.42384461  46.63610666  40.49865833
  62.20826078  38.86077799  20.54733665  63.04956084  37.11869504
  34.00140972  25.43169821  35.30843048  48.0064389   32.74553319
  43.86031558  45.3044487   27.26928313  30.40744084  21.98020154
  44.82778652  52.37650999  31.10942106  34.88355231  39.88761443
  45.9798772   42.3654345   34.00476521  31.44314861  75.14066961
  29.86474286  43.8934892   15.58908685  36.12170987  47.7447044
  37.36969841  63.69255402  39.91896735  27.73599537  33.35048088
  36.12470887  30.21726945  35.71585258  42.54727176  45.3564881
  44.98742479  51.87750208  12.42935395  47.75099924  51.58012735
  39.66819664  46.33016194  42.20569802  40.46921435  24.48149266
  46.56853435  27.51050845  36.57673815  67.81287588  29.82160538
  39.55617654  49.22861504  89.58320953  38.31017758  28.25528861
  59.61013263  42.8296273   29.1202577   39.51707395  34.59857204
  38.7444899   73.02135465  20.4878388   34.26627105  36.16961706
  16.85065521  46.04665414  39.11695418  53.40648336  46.78080771
  35.3323588   36.17445596  49.31351831  44.71320832  33.31803265
  36.34371122  51.64007189  50.53181839  53.6717457   53.2878822
  15.19017106  43.83004345  46.80154652  46.99968198  57.34288398
  46.80129337  38.85924308  51.81411588  24.41492567  50.76074979
  23.2632504   33.67609013  34.03877162  65.94798167  44.33999611
  30.06507241  35.38876487  31.84976562  37.98691617  21.19365489
  44.58383949  36.63540242  49.65955258  24.60764918  37.18846976
  44.85022793  33.89167446  76.12115377  47.74369318  19.72024128
  40.05516541  36.5802305   42.67920837  50.40520304  55.10502821
  15.73638794  40.88385926  38.14780161  45.83585941  39.99821727
  51.44784949  52.81015889  29.71993395  25.87189132  32.99751093
  33.13031537  40.31548756  45.11315462  67.12279513  42.96627451
  48.15218412  53.37386919  48.49275939  48.87487174  31.49537962
  36.85351714  45.28357399  36.5140315   49.72401254  51.05702406
  50.61894908  34.7603093   50.58429964  31.84278778  46.92496702
  47.52424353  42.05808322  27.35694301  25.92120691  54.30973608
  52.66398434  57.8752903   62.03520776  39.29200525  48.05937461
  39.63714363  63.85859796  60.15150152  38.94301107  50.54412802
  43.53279844  27.76905744  24.81591847  32.40059189  72.53667141
  36.10992097  43.62791593  32.34228729  55.43704209  24.84023735
  20.20127077  36.30027158  34.74823734  54.85801171  57.15537681
  34.65962468  39.90505379  43.29394477  22.27553667  30.86261808
  48.01027711  39.22006529  47.16387684  25.24793391  40.35020614
  46.55514564  29.32451636  31.53569395  43.86390986  34.10559293
  44.87933698  52.2205117   28.71197806  50.70470514  34.37893182
  42.51458781  46.46122038  40.38356574  57.00965182  62.20813927
  51.95911361  34.57584097  51.85239568  47.92874916  50.1865501
  88.4726818   36.70152704  31.78977917  53.25710295  21.78048831
  38.75718851  38.64997657  58.12424548  29.38161302  41.04336124
  51.98445233  51.15333451  21.23692428  38.25110341  40.75595357
  25.83116064  57.7946472   38.89821206  20.93642285  18.87583524
  39.6307812   29.93349573  29.01591027  34.63656668  36.17916394
  28.64854022  40.06920171  45.79742542  39.14249927  48.14356473
  29.91932147  39.18496901  22.47686336  39.45300246  35.32768753
  29.73527837  42.35415733  17.50127493  28.7869655   42.75308022
  67.90368557  30.66451038  51.2706369   56.29463713  90.19824662
  19.50552953  30.92762379  50.11545547  54.91873507  20.45764738
  28.57758923  43.76528171  50.39378023  52.27818243  47.59895807
  38.48743312  31.15944069  34.12293512  38.11616104  50.62054153
  39.66683913  53.53715871  47.79326296  71.37175697  43.10903881
  42.52334019  57.2601336   39.29835609  49.28238786  62.85529142
  36.23644523  21.70793279  39.85253939  50.83242981  30.61882195
  36.8373356   50.75836171  53.94297602  48.65951696  38.49330126
  41.34511234  34.32969457  47.71292758  38.68038728  52.44150691
  32.64412353  35.8004877   29.89246458  32.45450315  46.06702238
  49.981547    42.37217015  29.82791333  70.79829089  23.32365052]
Test abnormal scores: [75.03662819 34.61892748 53.6914593  ... 46.72579931 54.73602567
 27.86590091]
