Logging output to: /scratch/mgirishnair/MotionCLIP_experiment/results/multimodal/classwiseGaussian/classContras/anomaly_results_multimodalClasswiseGaussian_random5.txt
Loaded embeddings:
Z_train_normal: (3030, 512)
Z_test_normal: (759, 512)
Z_test_abnormal: (52926, 512)
Normal classes in training: [30 34 35 53]
class 30: n=756
class 34: n=758
class 35: n=758
class 53: n=758

AUROC : 0.7920
PR-AUC: 0.9953
Threshold (95.0th percentile of train-normal scores): 26.1154

Confusion Matrix:
[[  116   643]
 [ 1340 51586]]

Classification Report:
              precision    recall  f1-score   support

      normal       0.08      0.15      0.10       759
    abnormal       0.99      0.97      0.98     52926

    accuracy                           0.96     53685
   macro avg       0.53      0.56      0.54     53685
weighted avg       0.97      0.96      0.97     53685

Train normal scores:  [21.82940159 23.31956299 16.35758432 ... 26.12537878 22.71422076
 17.15449124]
Test normal scores:   [ 32.02811435  55.31744956  48.94847174  37.03351986  31.35979884
  35.60728776  65.83876743  51.3532706   46.2739277   71.47658188
  31.56979414  46.95101752  60.85385592  48.02146531  74.22683105
  46.563847    45.02489038  37.24835455  57.43700243  63.08832534
  87.17168263  31.45702503  83.41316848  39.5633023   58.14939354
  72.29214061  29.34864289  40.85558725  34.40500727  57.51625973
  44.76952988  36.38125349  21.01112994  60.37202249  65.98194386
  47.21428407  23.19435894  34.51690543  24.00200232  71.52406928
  62.15140387  49.61031019  37.61263686  31.54797031  55.02412715
  53.55174836  34.90883639  54.85458652  59.60102415  80.2164674
  17.57888752  56.1811003   48.40225867  38.31916472  35.50404648
  24.65812286  23.22043661  60.76707631  21.98466658  48.98874773
  61.14529518  67.63194007  23.66933224  13.50805474  30.84333721
  29.90574418  39.88923229  25.54503262  22.23800266  52.998972
  47.34666342  49.86011595  47.24532048  23.2354665   12.94201461
  35.99028214  24.98257273  22.18295986  29.84933763  49.63005404
  86.8101141   44.72911823  26.41972711  65.81877707  48.34474648
  52.25557807  64.32385628  48.05286423  23.88942129  24.90979698
  54.08369714  70.98272978  31.11284759  90.12739033  37.68728982
  47.00648948  25.15893446  85.96246102  90.31832938  50.96687597
  16.70134647  29.16786791  44.81094184  27.21036524  47.90720162
  35.21559306  36.78530505  47.60470839  21.98148563  62.19834372
  22.1254757   32.27923045  88.72921186  33.61370249  63.91317727
  65.17646821  16.93948799  39.36517979  49.45282019  60.73598007
  32.27598532  66.55114277  45.06271237  32.21900767  58.3168472
  32.22190064  42.49934224  52.46441456  42.46939979  25.58036572
  41.19350065  27.78709203  45.45639754  62.3661512   62.06643027
  20.06772667  43.6346657   29.59680087  24.16812506  54.221617
  28.65760343  25.59333121  64.70154304  43.37216731  53.4568505
  28.42729526  27.34494816  37.13299975  37.64087724  47.27426089
  68.69914611  34.20876754  57.43207257  50.24518525  44.28642003
  37.3073992   20.06220633  22.9981327   67.57023075  27.63213591
  56.06810874  39.36529803  52.21168513  63.44053668  42.065361
  75.73393478  25.52402892  26.53448245  18.22998508  34.26895719
  33.23508133  26.81886023  46.94686822  41.71790355  53.62766522
  31.78527396  71.20669343  69.40749388  76.93887169  34.29902059
  45.40733268  34.16842182  45.56767964  36.26965843  48.34355187
  14.4669878   31.81982474  37.27775972  35.64428533  27.91946224
  57.80571283  41.54552886  53.31658226  52.01883137 109.95023252
  89.0874286   49.51994766  56.35038962  53.00363928  41.61179295
  28.36075187  34.0565097   51.31973212  27.09099719  51.34739042
  26.13097382  42.92539281 102.45562566  17.67193163  42.90155521
  40.23374273  37.20897483  60.62817652  40.13559536  34.64788445
  45.960673    35.07261332  16.20689578  36.62531123  37.5065247
  61.32537504  70.88395411  63.53453311  37.17316573  31.28684222
  33.10147359  43.27221776  32.25234359  27.64209859  69.47032528
  65.6535804   51.35521543  57.03797079  57.36882038  34.52506998
  46.67715126  45.07092589  53.78164396  24.66486134  42.66947154
  23.96338109  13.53271102  40.59592712  29.21833295  55.67277952
  47.44388816  22.37192597 103.23546363  37.08391328  93.84758313
  27.33099545  57.58916581  45.42655144  54.13790156  21.74799338
  19.98639031  17.84833075  83.6157424   39.33083798  78.39998741
  70.80969231  32.45219075  25.01473961  94.02321646  42.91452348
  53.25494658  56.04633541  60.72947882  54.945334    34.2300947
  40.36307709  46.58528291  60.85741149  36.93258937  53.49389391
  26.87859541  18.83926514  17.68894977  26.47732517  38.20884144
  40.06278986  60.64088413  31.86966976  40.96410432  52.72133619
  27.99942143  35.34833303  27.5799091   43.11348034  30.67755322
  72.52229944  29.36102061  53.31690845  52.04914734  41.2729833
  80.805631    36.68676225  36.69912306  75.56547937  61.51105194
  29.50868473  25.23299496  23.5501821   40.34508294  63.7346465
  47.11266116  14.78438452  22.74426478  26.96090322  35.58294119
  38.45388548  71.08835316  64.18713208  41.80565922  22.14839884
  71.91289563  45.2932753   54.17589723  46.02589641  26.73393481
  46.44063054  29.59964864  16.65758651  34.42326156  42.36812683
  31.84748262  43.02805023  53.7937518   83.8252384   78.56657628
  61.90229477  25.21248527  28.36969303  37.68084923  46.31519225
  75.64619863  22.81899666  18.27982544  64.18383539  20.84481351
  38.45881714  54.7445735   35.20003286  70.39914811  21.20889027
  58.54987255  31.00494519  32.70935835  53.06516197  39.17978396
  55.41627772  29.4357164   49.81031226  35.78407628  66.77536834
  41.70690443  19.83982561  37.03698243  43.14018196  36.45529097
  32.07660428  34.72988561  40.63444501  26.63128761  53.00749793
  32.64823978  56.4284024   27.15255965  39.3736996   48.19590631
  71.15496594  38.78306627  76.66645955  53.65324448  39.95192163
  29.86917641  95.4300513   32.68101927  54.13599728  29.94564344
  40.98621268  29.09874538  42.44944544  39.47294318  46.0327669
  49.73066213  56.25092416  61.99998798  30.6188474   21.73326849
  68.58952484  22.86469684  94.97540705  49.70531306  23.96078094
  31.62913751  30.58531627  43.79009301  31.00458214  33.31421641
  37.16058774  37.68530908  42.56184654  40.98792272  51.32842253
  42.26378176  21.25476423  26.68957362  50.69129858  32.63459192
  32.02835548  18.26712021  45.59472947  29.30986217  29.85398623
  45.67460793  48.92922545  35.19630437  42.94433505  88.53861738
  10.07395457  31.67620108  40.37979864  28.86971523  39.60932767
  34.86245637  29.12477907  37.08652575  59.29669548  38.04760921
  28.50399057  51.4031589   41.91248651  57.25278016  61.65852447
  25.94719173  42.22812601  42.79740572  49.63710752  33.08156931
  63.17980003  26.87391053  47.29110893  57.57248653  42.12324464
  25.50515428  37.79589626  56.63537375  43.39481268  32.05758108
  13.10455738  85.67918823  69.81617262  40.6444618   16.04844218
  26.40863219  78.19790528  23.43183623  33.78177927  41.97821291
  22.77845785  45.80291998  27.27382435  57.05945357  56.03250831
  30.15302814  23.45761741  71.03400148  32.70939372  37.26545296
  22.24141086  28.10007684  40.43259576  81.1331215   60.97013921
  60.70127738 102.5832522   49.96056764  25.41310479  60.1311252
  46.5597907   34.72798521  48.26976039  40.53826384  50.39564942
  29.28871066  36.63020679  23.49108962  52.65317484  30.72128882
  35.21131283  41.73601546  54.9028208   38.56280415  23.78943913
  29.33492776  20.64660863  56.64782181  35.89200807  29.10116955
  37.9314996   37.52218473  24.13040617  36.8940698   56.09448027
  32.14671307  22.09167995  60.39363967  93.56852094  30.004182
  30.61751536  33.84508059  58.214397    49.93779383  28.66016656
  43.71724722  26.69200524  28.41988909  22.31167205  71.48125573
  34.23682878  36.3855758   44.44225978  60.92026097  44.91497051
  37.99866036  16.26420348  57.70808265  48.09460994  45.28612762
  47.36958913  34.86032994  26.29778946  50.28118646  25.03427827
  48.47827161  35.66236398  38.33675128  16.62609231  16.62846178
  23.78940016  71.82955835  69.41148101  39.63481686  11.39377411
  67.76452082  20.09992724  31.61165704  42.44587489  37.07523759
  23.6551497   45.42005778  71.81278919  18.56342882  22.58497293
  47.50215083  34.92835888  27.13853199  44.42528841  53.50077247
  21.96508669  30.26091076  41.46186518  52.9491114   40.33949027
  50.71758705  24.01876065  82.15269988  44.61477334  28.41021959
  12.16501657  36.51478453  41.35861227  43.05829267  57.63692128
  29.39379671  31.29486082  46.6293972   24.73366494  40.75670322
  36.10797225  51.00134859  38.9374289   32.27617266  33.79545586
  43.63331531  39.83553672  26.16024678  21.72836667  49.95689801
  40.86684815  26.21736481  38.62779118  58.26434641  47.9231533
  43.40374942  27.81707401  21.7219781   61.20119416  65.01147356
  43.19881666  32.84214663  53.73816728  48.15070996  44.61052676
  42.339113    48.38838539  34.8217683   18.55271222  34.96396723
  35.39901886  34.62673083  44.09200849  55.08822279  42.43234312
  27.14923336  29.04979675  57.05665119  35.39176144  15.72835099
  23.69279773  28.41965017  27.15018201  45.85043175  40.88911515
  16.89651261  55.12063307  18.73724463  56.19950036  32.21518389
  36.43045522  75.21456076  29.61229273  25.63948141  44.94072647
  50.5409628   47.89934461  39.41858313  34.23286339  44.42511568
  30.00420907  99.82759409  44.04308444  47.0826639   38.32492873
  73.75200456  21.60507294  30.07406534  40.67427903  45.35598032
  64.79370694  45.37768609  57.28840443  41.72143534  28.38091048
  37.88263086  35.95926286  21.46862803  30.68418739  27.1429868
  52.25865772  43.49177675  26.70728898  49.88279106  26.10072726
  53.55309074  21.92479395  52.51492681  61.97153707  50.09795696
 127.37337292  32.53332403  40.48783958  17.12671375  35.84010161
  27.59181558  58.08770584  43.76285803  40.23532327  55.12377192
  19.73780502  20.29803628  22.40806403  45.35542064  56.81119472
  26.75926011  32.37911427 100.08517974  25.57429624  22.25941708
  49.21106461  94.99341316  35.92107241  31.94149464  54.74056582
  29.18435163  68.31435186  49.55297766  35.34743576  38.40313454
  42.75187127  91.55785691  42.91999753  60.68825681  59.7754071
  49.22944187  50.1544121   55.87549459  36.57721427  45.23328223
  26.1072915   41.10144526  68.20483295  20.2495234   32.78223682
  56.17927315  57.64238262  33.12664231  31.4050672   31.64018824
  31.47214923  58.01152675  66.77249405  55.19516641  48.91328289
  34.72132463  52.78873258  27.52236689  21.40643815  57.07340976
  38.91597013  28.60196294  39.92056645  22.37841283  30.34612623
  45.34547139  23.24995762  28.84373142  51.91021365  92.89511254
  59.69505182  54.66548495  40.89410976  38.36422831  18.36564633
  32.51844602  23.07809482  53.89287526  29.00621728  26.52552687
  18.56909403 101.77660826  47.16079523  48.75259935  56.39640131
  34.41564991  39.53346175  31.9025595   43.46860997]
Test abnormal scores: [85.31194011 16.3615546  69.55451734 ... 59.65563951 70.78953933
 44.4536719 ]
