Logging output to: /scratch/mgirishnair/MotionCLIP_experiment/results/multimodal/classwiseGaussian/classContras/anomaly_results_multimodalClasswiseGaussian_fighting.txt
Loaded embeddings:
Z_train_normal: (3028, 512)
Z_test_normal: (760, 512)
Z_test_abnormal: (52927, 512)
Normal classes in training: [51 52 53 54]
class 51: n=756
class 52: n=756
class 53: n=758
class 54: n=758

AUROC : 0.8518
PR-AUC: 0.9973
Threshold (95.0th percentile of train-normal scores): 26.3504

Confusion Matrix:
[[  165   595]
 [ 1321 51606]]

Classification Report:
              precision    recall  f1-score   support

      normal       0.11      0.22      0.15       760
    abnormal       0.99      0.98      0.98     52927

    accuracy                           0.96     53687
   macro avg       0.55      0.60      0.56     53687
weighted avg       0.98      0.96      0.97     53687

Train normal scores:  [22.53793639 21.14381447 23.28509486 ... 23.60514091 24.38761142
 26.33871501]
Test normal scores:   [ 50.37030498  42.95094795  47.05768579  36.45475185  33.30865165
  55.42146065  48.90433722  29.16660665  35.46417493  23.85803593
  39.89635278  49.78309146  26.41885262  38.67149834  31.53533209
  36.40536303  54.84005395  24.84021985  72.41441911  41.97335949
  25.50540329  25.43223088  35.26439329  57.53730765  37.29479936
  19.24616649  22.9188407   49.06553966  36.32588289  39.08841889
  36.00653637  58.36392082  31.84277591  43.52767247  26.23608733
  34.43222698  26.0055684   31.33643251  59.1255592   44.37936738
  69.29736138  32.45452281  56.51195492  56.08797285  35.15272148
  36.84206364  19.91777109  43.24434281  25.87185271  34.117773
  58.17124624  74.18100722  29.54271672  22.23993732  43.46195379
  33.89188766  19.84065125  45.70360981  41.80851916  19.63471876
  16.05614101  32.43430976  12.35405789  18.76847552  26.3302487
  75.75936416  73.61522376  43.87778627  38.42145176  72.86032688
  45.33518679  60.24646841  49.6958822   54.11905593  29.28479049
  69.78037093  36.3002974   39.3567873   20.47898479  18.05962446
  59.35949021  39.27193071  41.56468384  63.65246243  20.81625541
  22.5013416   49.7607615   31.87170656  78.23350379  96.26368344
  45.27761245  53.81412225  33.19797549  47.26860099  33.1237912
  26.00738219  39.06629893  12.5046933   38.02934207  53.46466175
  40.86739501  23.82098584  19.49550572  37.33504977  40.3501958
  40.50277574  39.35842359 108.93692736  49.42346214  63.04954635
  43.28867972  15.16029335  27.48970949  20.63942232  23.31477968
  58.88938282  32.73445652  62.94203889  15.81078222  58.73328877
  35.52787425  22.90501082  42.65123234  21.68536713  51.31672649
  49.20708235  51.9366291   15.40312355  42.87673554  53.1380238
  34.18447662  41.69651099  57.18306909  56.54499876  44.19151541
  17.10239746  64.55783353  75.63411887  35.79237511  35.7609494
  49.28364688  32.40295162  84.93012823  32.50376947  40.89597211
  25.6687098   14.91978663  17.66910439  44.58152696  56.29462141
  43.40462544  26.39550637  62.51054291  51.87523867  62.12908607
  45.27706582  36.67990457  31.79403394  16.02827214  44.36466142
  43.45946998  19.10906307  43.24935914  51.11514998  34.18708913
  16.70272721  44.58382642  76.47253847  40.07488268  36.0918652
  48.64091893  16.16110359  20.98237531  22.2617585   38.3101872
  15.73310146  16.5014886   20.79519494  13.88106185  37.50155197
  61.00689238  54.07684531  34.14192878  11.31998899  45.57796498
  81.50127536  18.87585149  48.39747455  42.74537675  19.0650839
  54.93215375  50.43414859  30.66452471  43.26847971  43.74994159
  34.15265425  60.26933544  34.55546552  22.99419626  38.87545495
  62.26549145  36.61234328  40.55921021  64.09566192  37.49920256
  22.9549466   35.54119567  60.59368842  20.06439221  28.84989454
  43.50457621  25.25228838  73.49976919  42.09228611  29.93015276
  26.91619974  27.95602271  49.99790684  47.43658598  66.2563543
  34.15530867  64.15170849  33.15414025  35.73833274  63.68469166
  55.92194307  38.08199397  76.37560294  18.83242163  14.76398018
  19.27901928  63.94798703  53.30944375  42.53229761  34.10559838
  38.84042398  70.40877186  23.81464353  27.56201219  49.93215895
  50.88441083  14.21242707  40.7168844   78.19131809  30.89955579
  73.22031511  51.52414157  22.90363956  72.8324298   51.95913691
  47.26860774  43.98206582  17.40190642  34.23614488  43.86030733
  52.59232171  44.63220554  21.87271633  41.50237041  30.65296907
  22.17107156  38.29729675  45.6026805   56.29144691  38.4044767
  76.96536934  27.23253123  58.31948109  39.84744713  61.21630467
  62.93075007  37.82439998  40.47532002  28.38151728  21.23199467
  52.51943043  21.08212279  52.67372515  33.61958618  34.43803932
  41.32621296  41.66088085  35.3888063   32.72362101  48.7453702
  23.22129124  39.84907104  50.60150172  66.81625317  36.52084904
  55.06290851  55.74027197  43.51748934  31.9467889   11.41434857
  56.40008224  25.2882278   33.39642017  32.89969814  31.15946624
  22.47685     60.32218304  29.71991768  36.7841202   13.6235394
  31.84866773  19.52103789  36.3222589   25.81073783  15.45539791
  27.16747989  30.21113298  59.76435343  28.07942005  42.49564253
  43.54071983  50.48323383  49.81414117  53.75753437  29.99814559
  53.3665333   72.85717995  26.50355801  51.00474646  57.71941077
  38.94689699  17.21833853  26.86939035  45.09819344  51.84369423
  59.87631103  27.10703694  78.16867245  42.31541827  15.78069206
  43.18549365  43.64037162  30.85555789  50.13617188  35.56182524
  29.54365982  32.3111641   33.5416254   37.10732668  27.7575935
  16.901209    44.1559152   35.01769688  64.48142739  54.66944517
  35.06490158  71.80284262  44.5398773   20.45760139  32.00935423
  19.50553858  33.67609001  45.86810112  17.86655384  26.40671732
  28.97318806  43.15878986  46.10472354  26.28635166  59.70762064
  61.49436337  48.13848096  54.87244188  70.90165116  53.18268723
  58.22415855  40.67164603  32.25309917  38.30348675  71.41978677
  36.54050456  54.22239393  23.17557134  31.77752069  43.84648678
  24.47425599  26.85765207  12.9242162   45.27250042  52.66397914
  57.97663006  53.51641707  19.44038067  37.58118128  38.83025304
  39.50107945  69.34457422  13.65108484  42.36545235  20.82199205
  56.38603808  21.43915951  52.08542224  27.85026125  54.82626591
  38.2743423   60.74439507  38.75898942  46.77045551  46.25093787
  42.56094752  25.41142126  20.41104194  59.38611527  42.35042142
  56.46722542  47.9220038  100.540169    84.42823005  43.92165087
  30.38725414  20.9271292   34.8310609   43.91062886  35.49060358
  15.85118274  43.00182973  52.49771885  12.69550508  29.48417065
  48.1387044   25.94986631  43.15500605  38.6803977   32.89041072
  53.60888982  23.80740047  32.48007794  37.63063206  21.58347073
  48.45548554  22.44412892  43.37647119  19.90841876  22.35342802
  41.61884609  71.50318047  29.33671161  48.75770224  38.91953703
  25.05002687  47.73772877  33.07257267  45.83724096  72.41651214
  32.78528239  14.65111204  59.52990906  26.80046537  70.72170337
  19.67586381  83.0382315   34.6365333   18.21506605  29.09733782
  40.60792931  82.86009491  26.9777248   54.19325106  38.65466683
  20.65674243  16.21535116  51.98069147  61.63665358  32.81417949
  39.93549746  91.84368895  52.17545596  36.57673483  36.12406647
  40.28669319  17.58443972  39.99820745  20.11211013  36.01089926
  24.68236093  65.94801025  26.62605481  53.99830608  46.69677843
  45.10252015  49.56935555  62.90634636  38.8608085   41.39848614
  35.59908587  21.75699934  33.18642047  38.94831917  57.22317174
  31.18101445  14.3817856   69.39044908  56.71165786  34.47702455
  38.90334004  47.53709661  59.46756378  30.9683854   53.73548559
  36.83733519  65.42426594  21.19364168  45.79741083  55.88014847
  25.18013383  39.61963682  39.58938149  56.40326527  30.35181405
  73.86372211  52.033487    39.17370079  34.1574118   25.18955613
  25.1012096   17.00949774  54.76324535  33.85254801  45.34010699
  46.51767246  49.70231629  42.87450612  46.75892354  22.16365083
  28.35278519  44.48453295  52.37649859  48.99920446  53.3764596
  36.88202475  72.72394379  18.9528919   30.4288336   63.18014792
  33.34557534  58.08197651  70.09154731  68.53698397  57.49183637
  49.48678742  23.92303955  24.76119588  77.21538771  37.3696981
  27.45753969  47.60308904  14.28369635  36.14348369  36.36302639
  43.05405568  37.33243278  36.31127426  37.50689048  29.82610587
  31.50484898  35.46158158  53.44380498  57.17342199  21.20594832
  33.63471116  39.79710939  33.48773002  27.86994954  22.47975113
  68.93553148  25.51391475  47.75604009  18.14009097  38.16575476
  31.14423293  27.67441762  26.97932551  48.38987762  28.10020433
  19.9572036   49.60962256  19.6919409   26.41610345  31.94737825
  34.89068601  58.83863976  36.96331925  38.30487393  32.8602779
  30.37204199  11.54573332  53.31656764  51.01471233  59.33143788
  22.70399559  30.9833088   38.73705652  62.85530653  53.67177694
  34.52144314  64.23415712  34.06831904  35.54886248  29.07762446
  21.43752966  50.5571624   47.04639862  25.66696357  46.64912288
  37.11365479  28.71198865  41.14765251  26.5233617   61.88402372
  23.17294303  49.94899793  44.68707172  21.45912937  47.20955485
  24.91070001  61.68390747  27.242986    52.44154122  30.99837106
  39.28565401  49.44539231  53.19433874  49.32248182  69.09021011
  44.987454    22.63243587  28.76068335  47.44255271  16.6091053
  84.67205771  59.07698878  32.85698682  35.26933746  44.7140056
  47.94235084  47.40233122  38.71128539  15.8115874   24.18245213
  64.83769312  58.06233617  38.64997725  24.99232376  25.69034565
  45.50368602  55.83200442  40.9082914   40.50341235  25.09256506
  29.15648235  44.07718033  92.4798375   36.10991028  63.17054439
  19.29328155  51.89632399  20.37587878  26.40870295  64.6222688
  14.04720674  39.01469022  27.44621043  26.4786919   29.10829601
  19.35966076  44.82783075  54.60575957  33.90537483  26.16975421
  31.44313906  17.24855057  74.78862689  64.70792571  50.05329826
  30.61883635  27.92433843  27.74058791  59.94890337  31.70046485
  47.46557707  41.18527577  34.17498567  61.4003213   45.52497734
  46.06098825  26.98735096  77.55567173  79.51279599  29.73446569
  27.71421849  42.18615315  42.37216956  17.35164461  47.56321414
  68.38805306  22.44843477  30.8747532   40.31457055  46.22664505
  55.12311022  17.72692122  51.38341194  31.5040341   38.15340199
  31.94415254  23.07205649  27.14849874  12.80958395  24.85036983
  45.02294758  46.57688303  13.47291121  19.37923437  67.59639354
  44.50327391  21.27524923  37.80489633  21.85258622  15.28026235
  54.21665136  28.29522369  53.40647766  50.3937822   25.43171972
  90.93646606  40.26869228  30.60629334  22.51626891  49.72401137
  69.20628403  24.83352964  34.17098646  32.57721166  51.71991821
  39.0695732   43.13820351  64.79260931  25.53228602  44.23598403
  39.41991123  49.27808473  25.05012614  21.54148878  10.60403007
  57.57253596  38.66200887  55.27631255  49.97324133  12.13743526
  31.33074459  18.82642636  17.13547657  31.28998864  29.27060281]
Test abnormal scores: [75.03660983 17.12750501 53.69146838 ... 74.54370926 78.84575182
 27.86590081]
