Logging output to: /home/guest/Thesis/MotionCLIP_experiment/results/finetune/allSplits/fullContras/NTU60/anomaly_results_random4.txt
Loaded embeddings:
Z_train_normal: (3020, 512)
Z_test_normal: (755, 512)
Z_test_abnormal: (10590, 512)
Normal classes in training: [ 3 13 33 44]
class 3: n=752
class 13: n=752
class 33: n=758
class 44: n=758

AUROC : 0.8291
PR-AUC: 0.9838
Threshold (95.0th percentile of train-normal scores): 26.6514

Confusion Matrix:
[[  174   581]
 [  158 10432]]

Classification Report:
              precision    recall  f1-score   support

      normal       0.52      0.23      0.32       755
    abnormal       0.95      0.99      0.97     10590

    accuracy                           0.93     11345
   macro avg       0.74      0.61      0.64     11345
weighted avg       0.92      0.93      0.92     11345

Train normal scores:  [18.1222005  20.5163146  23.1735246  ... 16.6448726  20.51665062
 22.08696867]
Test normal scores:   [ 22.71047868  31.33009347  27.28434227  35.6076576   80.14285794
  33.86335322 138.7981359   57.10224776  66.2235572   23.95668685
  50.57275996  74.42591148  20.80753315  60.91658685  66.37985918
  21.57530454  17.22173714  16.11076775  39.49664638  77.151831
  43.76547867  46.13336006  42.22766936  55.19265697  35.74713901
  43.35560147  45.68253047  45.49657604  44.22006763  36.25005652
  36.71804268  19.95160847  38.39419978  27.26204569  30.77495088
  14.25625411  14.07448459  29.50358602  15.58587011  49.06900006
  58.52627396  51.72439169  17.31159363  15.23410578  44.95842152
  48.41718173  42.25730399  34.39016564  28.68784858  23.9101995
  30.00324763  33.47562503  20.83504314  34.42796078  60.6813752
  65.12640279  81.58027836  26.4122132   41.02972393  78.16479977
  33.75950947  33.59570789  33.08097876  36.09197658  51.37617269
  46.28155822  38.04671721  92.17874295  23.26592317  35.81867169
  43.48805788  21.79675855  82.021194    24.35573075  28.5191408
  31.53124735  53.05615788  92.05385766  25.77086642  55.21212151
  39.53629528  23.74622415  26.90382518  41.93410511  25.58369899
  28.9389832   22.82460137  60.45443933  96.17806003  17.12873217
  41.27829915  40.06293964  89.07664316  29.98294873  70.50579158
  87.59070024  27.59089186  23.73297066  36.03479557  19.4320794
  86.22973807  24.74591747  14.76983594  43.03108409  49.34533898
  98.64619155  30.50696361  75.58754036  30.48286877  96.25400523
  82.40386377  26.50773808  18.76569887  77.28474315  16.8771362
  17.6396426   34.22714943  52.4388071   27.80992073  49.6659494
  18.4661926   64.43992495  33.056208    11.67735968  20.23213224
  27.99826793  49.02124998  23.22534643  35.80995775  34.42834011
  23.68419221  39.82692213  55.45281515  72.9837426   50.3051468
  30.44940489 131.01488653  28.41627891  34.80984813  82.88197427
  54.80428377  54.8924401   30.93540528  21.20296479  87.54062702
  17.93705564  20.97525206  34.1466097   61.84698153  26.96479616
  51.72958378  22.47951424  47.76923689  17.39786789  57.16674282
  55.70058024  29.76980709  46.90943787  20.48371558  35.36008208
  69.30491946  30.51678592  67.67815535  32.17245018  30.3706398
  63.907141    23.708142    22.89356654  20.88276039  56.51992629
  34.69876459  14.02699075  28.2746782   39.34243239  21.94334383
  20.65955232  14.45066999  67.95274242  40.08013874  38.73594321
  38.52982554  64.62775754  28.41172928  27.17396892  28.71555773
  56.03868128  30.27011846  72.19931908  27.59215625  28.2921906
  34.40022179  40.22903764  54.12527673  26.57179834  28.66791923
  43.02578221  49.94850683  19.8105475   20.63262937  16.00681266
  33.85585394  26.11933446  25.5174087   60.57234439  72.50127519
  68.31815629  56.11128335  52.28625448  42.01142119  45.04930645
  48.40354355  42.3187316   19.48994009  34.4133393   63.81313716
  50.88611826  46.95865578  75.54279934  24.07608549  20.32647131
  22.7976175   47.52441185  16.96833801  25.79519635  24.3201241
  35.35331657  16.77410272  36.39166535 111.50220286  57.00875306
  15.33074695  68.64283516  43.88763273  34.9070921   27.10178425
  24.61702421 122.84932896  42.68992715  46.80630917  24.10424088
  53.47281062  88.83070315  21.46833766  34.3458409   25.33245938
  18.92504753  39.75983799  51.26311293  24.64405622  18.06800786
  30.2768987   36.73538398  25.71499074  59.32974612  41.39284759
  25.78038967  47.36658617  46.17380876  33.1658583   83.24970736
  64.57102362  38.95710723  32.75457309  60.51089529 110.41546387
  42.55260845  59.036495    58.50271143  68.61648456  57.74123309
  38.19221919  55.07082975  29.26527171  50.42121654 106.59832061
  40.59367304  32.05316202  59.55363619  34.83415053  33.17358272
  33.52114698  32.57560538  59.29667426  30.52660863 152.96653779
  68.79528145  14.99302179  30.4322995   31.99914715  61.14837282
  43.63620741  46.56067402  57.72793223  27.8465708   33.72302409
  52.22135502  97.80689188  41.24416241  26.82373652  33.24362515
 111.27807271  65.64895931  21.03319646  85.32707769 116.18997941
  30.62780165  20.07077942  35.68214162  56.83068722  20.93822344
  31.09210547  51.98965871  57.36529225  28.12292101  73.33208297
  27.45141912  38.14474278  37.3254423   22.47195498  53.68826569
  21.18123247  57.24371126  32.95655302  53.6912425   19.35017653
  30.76661646  62.20580048  16.08216323  35.35525423  18.25000462
  42.71549126  20.07276898  38.99429173  39.43886853  54.10837565
  36.25422526  29.33179399  27.87678375  18.43421423 114.6839531
  32.28647876  41.31827854  62.32266045  20.6813065   50.07634303
  89.3435935   54.1449083   22.76610134  68.15809252  49.42117699
  65.4083876   40.83743635  84.67245385  19.51212306  28.30856452
  47.63656054  37.1743359   85.1502878   33.5389439   46.14756365
  25.71568256  93.28034287  48.39653644  45.2408285  123.61548016
  22.50050209 101.59573827  33.80292719  44.45314108  29.45898538
 108.20657093  71.02135201  20.75014958  74.29240818  47.05248299
  52.49552419  45.79600603  31.58567171  41.04618378  40.06361638
  22.88715564  35.48405021  24.72702303  22.76633379  26.71777932
  54.0032654   31.5140985   62.93310709  31.40835398  77.04581552
  66.39327461  37.22927074  26.47762696  35.257383    57.92110328
  15.0875166   55.04937796  57.56883896  31.71432085  40.68969849
  45.64012422  27.60374816  68.10709447  31.97216002 112.50447092
  35.22601531  28.90431644  36.36963271  27.32801666  17.5276722
  32.80415398  59.47714323  51.74036946  64.01600186  46.05608253
  84.39194449  30.76984847  21.65022741  31.02632514  27.40685798
  31.33296608  50.90031216  27.47333684  23.8839726   32.93055807
  54.98030436  95.33505353  68.34269225  32.73005038  29.9544835
  78.49234996  78.36603121  19.83952523  23.63447581  54.99255469
  62.02055116  28.93598302  49.3937394   21.65851097  58.84646796
  20.47563452  29.51902924  56.99043733  97.52511029  15.33489204
  62.68866628  25.22971292  17.05943537  23.41518048  23.99863813
  21.21203776  32.2573307   54.29956737  61.66346619 106.29180657
  17.78495668  27.67957907  80.53445954  31.7784656   41.24783979
  21.27871009  26.74487532  76.53878052  37.46604363  89.06486808
  43.76858974  99.48074119  25.71896967  19.17911587  59.06404944
  38.97698275  52.96361993  17.29158645  67.00132146  32.06366363
  24.527884    18.38251052  74.23654565  78.37756271  38.24473487
  22.99022547  33.27633212  43.00241813  47.34624904  58.3825582
  20.0569203   37.85559464  55.95532971  49.70819625  33.95951496
  37.99046862  77.62543497  20.75537016  26.75191512  50.58978229
  20.85693234  37.1222079   44.66164097  33.90563165  22.57892001
  32.68233195  20.32827147  34.79436016  47.13010495  75.09415176
  58.58465438  52.813244    36.27425054  15.26883286  16.31228848
  47.82845946  46.15282044  41.659       35.83358387  82.1712816
  38.00246971  33.66051692  93.2147535  108.05432835 106.21801571
  46.90804895  31.64422809  28.97545066  68.47170134  27.36180471
  38.48194072  64.31433879  94.0197393   29.74211067  54.64084572
  18.05761824  35.37952053  39.83936751  94.00004476  22.52130284
  46.15575187  39.29991617  46.28251147  52.6080429   79.58847102
  33.96516757  28.00794832  36.46812104  34.21449159  34.09991782
  53.58964612  48.41034938  40.8165048   30.98716873  72.45947059
  99.91339906  77.64248858  92.70145426  48.03118163  28.44789822
  59.04772936  31.51065472  19.36606941  93.5797665   41.30237783
  32.28461897  25.63723145  26.58235     33.31395079  29.55777263
  20.63216759  86.702143    43.98205681  44.654171    35.45292904
  23.22819522  28.45146631  48.87560797  12.43031997  20.998574
  86.90488234  84.03341623  51.3815892   62.1124017   53.77662721
  22.10077085  35.77025147  23.18752639  24.83911972  20.72970868
  61.5122886   23.67182784  19.0588593   42.11597669  36.6206342
  35.55979368  95.58643872  73.05326379  48.57509389  18.71930727
  47.57290784  65.6570453   25.75793318 101.34306002  96.21720834
  18.3875552   24.13550109  92.52201783  79.51279241  30.91995396
  57.72873341  45.58705646  41.75056052  23.25628171  42.43133031
  22.04118393  35.70631672  45.97715458  38.95295701  22.3436868
  40.40653722  45.70085111  34.21382576  55.95016973  30.86574079
 115.02466535  43.55902086  41.52015215  38.34760536  21.37575444
  33.6892223   67.49518926  38.93606773  63.21592953 103.59481965
 122.40504029  76.26794326  27.84382267  34.09237666  20.55434167
  55.09572953  74.9882802   62.84616791  52.04421328  18.46163973
  47.16108777  48.81911548  26.67184727  42.4348289   36.33086639
  50.85535259  31.65705071  34.91368358 112.45794546  52.60272311
  63.47546941  91.32937447  20.6020276   24.18477194  20.66078552
  83.49717213  20.76823843  67.53338877  34.60912138  66.8032409
  22.32650102  37.69037634  34.9965137   54.54028044  43.07439728
  14.94147111 101.99058719  42.2998867   21.58468813  36.84223777
  39.643423    17.27527486  94.60492577  75.03489472  90.14173931
  79.46734545  46.51344475  26.2024494   19.05419468  78.78906848
  24.5473293  107.89482901  93.42141738  58.32414736  84.87587658
  24.26044036  21.80737403  37.89341391  94.52358211  23.6909935
  16.09053235  22.75039049  25.30168048  21.56811073  32.65243222
  19.04518812  47.23348956  42.63716646  71.55599194  41.67704104
  39.01553112  69.1543831   34.37757138  45.99742384  46.74195741
  75.77777529  30.99654584  20.43266484  70.49567153  37.72850647
  35.67767487  44.57771767  37.38355181  30.88434566  34.2095019
  22.02545817  53.71797087  38.75761448  26.95206004  35.26542228
  30.01219325  62.75861698  50.54711024  53.58801241  27.31965087
  56.98495681  48.91339616  30.02926468  28.2882596   28.55726557
  63.47604314  31.31433394  45.83183391  17.41090873  25.83054216
  59.3477033   33.68796894  92.64441485  67.16788649  22.23709826
  48.19102573  79.0843299   29.72994592  73.37690596  24.88061893
  70.20055254  25.3943035   48.08270863  35.86518691 100.25353488
  99.0240947   33.40861766  37.4879811   28.92012235  65.72564577]
Test abnormal scores: [ 68.77625221 101.04653972 101.1956416  ...  76.21020027  57.35032638
 125.84127611]
