Logging output to: /home/guest/Thesis/MotionCLIP_experiment/results/finetune/allSplits/fullContras/NTU60/anomaly_results_random10.txt
Loaded embeddings:
Z_train_normal: (3021, 512)
Z_test_normal: (756, 512)
Z_test_abnormal: (10589, 512)
Normal classes in training: [ 8 11 50 57]
class 8: n=756
class 11: n=750
class 50: n=757
class 57: n=758

AUROC : 0.7279
PR-AUC: 0.9695
Threshold (95.0th percentile of train-normal scores): 26.3546

Confusion Matrix:
[[  148   608]
 [  484 10105]]

Classification Report:
              precision    recall  f1-score   support

      normal       0.23      0.20      0.21       756
    abnormal       0.94      0.95      0.95     10589

    accuracy                           0.90     11345
   macro avg       0.59      0.58      0.58     11345
weighted avg       0.90      0.90      0.90     11345

Train normal scores:  [24.09032152 19.50169824 12.88531643 ... 25.02496757 26.60428069
 18.23282884]
Test normal scores:   [ 38.71446146  33.85113641  62.36123249  22.3933017   84.88901918
  63.6682339   37.64494001  23.32580222  78.87438363  46.94669013
  18.21211527  66.57894496  15.03077124  30.07126372  23.9439648
  29.0652414   29.74526957  40.38686486  35.68023592  19.39902191
  63.97848283  36.59905145  48.31304203  33.3981667   42.09277826
  30.02823065  25.92258204  77.61660998  41.33925938  15.58863009
  26.1329594   16.15360952  50.9907351   29.42660773  73.10567161
  29.61257601  67.09950718  43.76612969  24.12540084  65.01362266
  26.39593944  60.32161333  31.75494813  27.76675438  37.22247366
  62.9177113   37.6308237   50.21967333  18.57616797  54.33713283
  38.70435205  25.27340672  36.27608982  15.09500882  41.14424233
  20.85038409  23.31505564  27.77053915  49.97748617  50.89226502
  25.75289016  58.23665728  71.5135029   40.31121182  23.02096874
  28.56753552  30.58868125  23.86504955  72.245479    38.29786545
  39.00083666  43.05292369  54.6474192   38.53172442  76.58516829
  29.6199214  107.7450942   43.82263712  33.29636737  28.18821507
  64.13034943  52.62559307  52.5217618   55.90797824  41.37594173
  37.24548039  17.10555834  29.85488085  44.38785144  83.40277904
  38.49124275  40.80576923  38.91621479  48.22540886  31.60112463
  79.57639132  27.3173018   32.63102273  42.0874584   28.1135482
  52.84529297  42.04840699  37.63681151  81.12531643  46.05620805
  41.02512921  47.43476374  30.60943818  47.86028734  33.96222043
  34.20383963  54.40183518  29.13283308  31.51498374  35.89843196
  35.62956399  61.1570195   53.97709626  21.11022007  29.0567926
  29.93324824  54.25933121  63.82845375  32.77213116  44.64863871
  33.31210316  23.3030413   53.19032392  48.61330524  36.15457312
  30.46882332  85.20297056  77.55345501  37.15468753  23.85805327
  23.91891046  30.13485117  19.80228777  39.98750152  41.55594991
  81.74370694  32.32278926  40.15959273  31.08890984  18.74580968
  44.01093013  22.1861273   37.75610208  75.43755503  42.33705552
  44.16069118  20.64085263  16.60019177  65.74265846  38.65134852
  81.66350381  19.57345671  26.86558891  25.33525945  57.68700883
  18.32971862  22.56346526  19.87556699  26.98805771  23.47112017
  15.220784    27.00595393  16.09107757  23.17270883  19.33637938
  54.11712462  83.65244774  77.62066769  18.01707273  65.8589843
  30.82052731  29.57839433  58.04189735  61.92523016  26.35946471
  27.4411923   11.75499107  33.30074935  75.22276214  29.03734424
  98.60831683  32.5426302   31.35416065  34.74103335  80.31269457
  48.19906223  45.98609709  22.90937122  63.58521412  23.72193855
  26.85510672  39.58557518  60.95603451  17.07318078  65.74824192
  15.34123164  49.39219837  34.82522757  44.68375238  35.35935147
  73.06190243  33.13623168  48.34111751  47.14039179  89.30141807
  66.58089127  54.15150435  32.55461562  44.6058132   39.20315397
  50.7368725   21.9827405   17.87369287  29.27322178  40.61036305
  32.823271    35.85418726  21.78709232  46.83118628  59.49509366
  36.62281669  54.20932413  33.99307752  25.40474479  51.58241174
  77.167076    72.9989151   46.30188594  35.68394893  23.13943959
  30.26127448  15.86979417  46.43263118  53.31678031  38.39168299
  38.35020803 103.37709426  62.85329134  24.38210309  44.4952814
  74.2755004   50.11554765  50.23661323  41.11500854  21.44292655
  21.71578134  86.3608032   54.46447321  13.82582613  65.79135074
  36.21746814  63.46455512  18.49461703  42.56689012  38.00466112
  40.14781014  21.36551788  39.07507331  35.48258469  44.35169905
  42.36693718  79.38182466  24.09410153  33.99421358  25.21161503
  21.02554532  41.07664275  43.89406514  27.40265556  20.89365447
  68.65051058  70.97342058  52.6643893   60.08440907  26.04696119
  44.85000849  59.68174502  53.07063138  48.46248119  51.69282034
  44.03167393  13.2796387   20.78649062  30.90045806  27.86886272
  47.44060704  29.73368008  62.3148285   15.34720597  37.03240636
  62.50033698  71.60023142  47.6814228   60.87301146 108.23993368
  84.73415112  43.43567571  37.53321556  43.48679666  80.69569313
  57.35974048  32.33155967  36.71232836  21.75699153  22.75048677
  57.57316329  49.66896774  28.00627753  30.67869568  32.08146967
  35.08404228  86.17898962  42.24179651  87.22000614  28.49763248
  68.62263474  34.34563339  32.01499234  33.14875418  31.91986928
  21.91263584  53.29518942  22.57336646  31.91119732  22.12741334
  36.89386809  44.1709686   39.58160078  23.8131849   38.30308568
  34.8586821   51.58933075  12.37932999  42.11111984  36.96205726
  30.82155103  14.61686384  37.00141987  37.67650091  69.95844616
  17.19959454  38.15378357  13.46231561  31.76286821  37.01873667
  21.24497784  46.36589844  40.9239827   23.9903264   48.17321996
  59.39901293  32.33622877  45.14240595  37.70855074  54.71103256
  37.92392425  42.42042458  27.84792052  60.47069845  18.07547496
  42.26294495  45.61547453  63.61475916  43.3702172   56.04520386
  17.05439685  32.72902296  56.91385762  23.26238624  39.8844451
  22.12156853  24.85804663  36.04473829  37.37994361  44.5680017
  58.17933497  64.06323809  75.2286959   46.42117252  79.45321241
  90.86310002  16.86601754  43.06105219  52.54233049  32.8696515
  97.71682103  56.02627302  51.19731771  37.93293565  34.31629997
  55.51994097  60.57484484  64.75949196  40.96263422  77.86051009
  82.91399723  31.8709032   25.76449349  45.55288755  28.3731773
  18.09208083  29.14545673  15.1641765   44.54228365  52.23278698
  33.65468834  42.31982364  42.34383079  22.52334702  16.47576843
  41.64174133  23.20935857  28.55557931  42.93167478  61.34957472
  30.31912618  39.10378302  46.0467803   53.44359404  65.82066385
  27.99926683  28.64695305  37.06198628  53.82330275  17.12568154
  17.81489595  35.05034971  31.20191758  28.36975857  38.57026442
  74.74753412  85.10637762  29.32190216  82.11896595  99.3231563
  80.27613855  30.37897     28.56854232  57.86587118  28.79693612
  29.05581834  63.3969081   59.90739669  57.35200005  62.49252163
  60.99354064  60.53499145  86.96491224  47.79898788  59.76323699
  28.99691297  96.60783023  50.15202285  24.08850548  64.29745803
  39.30708107  51.12667823  45.17370817  20.01095687  27.46910901
  37.42288228  28.73168402  67.07952071  33.83495878  84.63035332
  23.94572232  85.97363     21.82534887  58.23572013  32.8077297
  43.9158728   48.36509726  29.42968063  26.95893718  22.06739746
  25.89871688  37.09792807  43.37147779  28.53133709  27.19675578
  32.99515777  59.13348465  56.37333082  78.67892622  54.6453126
  61.15680957  56.25230786  21.83752891  22.76504503  38.64784911
  36.97834872  43.62652289  16.09102543  53.57495455  29.54348173
  22.56296813  18.6351774   54.10201521  30.86186333  65.74913758
  64.04854604  30.54857889  78.20586037  45.39132005  35.91898891
  46.27294738  19.24268956  40.90914551  70.46117772  29.37681429
  28.22148815  52.87164141  36.78170239  55.48844216  21.28158361
  74.38849858  63.12293674  28.96905853  19.24755186  41.35884055
  45.90737345  35.74535194  53.93667261  74.41151152  20.41363369
  29.48287742  35.03048663  27.93912009  59.9787661   30.25082764
  51.63416762  64.79396071  14.89518141  36.56652736  48.33988102
  18.7464335   18.81830004  83.94658648  51.24351701  60.67824704
  40.2301618   45.1836831   25.93024351  28.00755426  47.42862579
  26.03817521  13.50659977  43.9116771   50.14527771  30.29980698
  59.6054562   67.48168735  97.08043141  32.54727901  58.3469268
  36.56387745  38.83000228  20.94364748  36.79371629  58.9144237
  34.15661635  15.23880368  51.45794188  32.14703955  61.12328063
  23.17286761  39.28061944  44.16987771  42.03550613  20.59124426
  58.80839749  35.6995158   67.95054494  67.76417315  45.23296433
  64.41045165  28.70090163  45.16993394  48.28512509  49.5527632
  67.49457143  44.1182769   16.64457184  34.98632607  46.46635951
  22.90087843 102.82310207  43.41573822  48.46723414  33.99477212
 116.01550874  44.6975428   57.69765801  26.76947079  30.66055302
  57.51661745  42.13730657  42.30378334  34.91605943  51.9297596
  59.29648688  23.54063004  47.05898796  22.96853046  28.37412195
  42.56613375  34.19105026  30.28246513  36.3237915   34.65122404
  45.71434241  76.36251859  26.48332693  45.89580382  87.68799762
  60.20716448  65.63210934  83.40219375  40.88760764  24.52736683
  69.37472536  26.45017745  65.61381511  72.49977335  54.09680706
  63.63720154  17.08139513  79.54980368  65.20534354  23.30127314
  31.91865714  94.13475219  84.55772281  41.27157721  66.10237185
  20.04846021  45.81542688  17.48456459  91.56526601  28.32308749
  80.3554278   86.52622073  41.08513854  42.22237311  26.87127541
  50.14200567  41.66339628  17.34399977  31.78120744  37.49482825
  69.04411688  26.09130307  43.95084076  30.97946935  29.37657966
  24.91646238  53.70268462  54.28033137  30.42757989  26.42311179
  20.93541145 106.46642176 105.93575602  33.43435177  49.09267365
  41.47278256  41.57634673  26.36268574  27.19344357  61.61993668
  99.48005236  64.62348478  39.3844776   60.91702498  44.0826911
  21.22354666  14.59046802  34.42360515  52.33204714  75.61674638
  76.97052099  34.58006832  42.88021965  24.29154255  43.96599311
  30.89306207  45.94954896  30.20140025 104.99580202  44.02024051
  68.39339133  50.13039262  50.00553192  14.6118853   49.47468045
  73.68679865 137.4025477   32.06676883  26.81513221  78.19985114
  46.04390021  25.37700817  19.51200345  81.13991549  18.44259693
  23.6502227   16.4285205   27.55921461  38.44203597 112.06219249
  24.72757149 122.18349989  31.55620443  21.98005283  49.8398299
  47.46132365  47.06720519  59.99857892  50.80576461  28.99489267
  31.75089919  49.27103978  42.73039616  57.30622931  76.1151079
  34.32049853  23.27637111  46.29671989  27.9561353   83.57777438
  82.51467354 107.98169062  48.37559495  77.3670218   71.48400423
  98.30730993  24.73811499  35.68606535  16.63038288  37.99738298
  17.15373948  49.78336328  33.20847069  84.11355968  59.38038227
  44.08283969  37.90258477  23.95085407  25.54964769  18.37654691
  23.54692727]
Test abnormal scores: [32.96293599 50.5290155  81.70318259 ... 90.01744326 22.92407879
 28.48372104]
