Logging output to: /home/guest/Thesis/MotionCLIP_experiment/results/finetune/allSplits/fullContras/NTU60/anomaly_results_random3.txt
Loaded embeddings:
Z_train_normal: (3023, 512)
Z_test_normal: (755, 512)
Z_test_abnormal: (10590, 512)
Normal classes in training: [ 4 14 15 43]
class 4: n=753
class 14: n=756
class 15: n=756
class 43: n=758

AUROC : 0.8816
PR-AUC: 0.9872
Threshold (95.0th percentile of train-normal scores): 26.5403

Confusion Matrix:
[[  156   599]
 [   95 10495]]

Classification Report:
              precision    recall  f1-score   support

      normal       0.62      0.21      0.31       755
    abnormal       0.95      0.99      0.97     10590

    accuracy                           0.94     11345
   macro avg       0.78      0.60      0.64     11345
weighted avg       0.92      0.94      0.92     11345

Train normal scores:  [19.22683766 18.61894606 25.73626107 ... 17.15121454 26.46599203
 16.29364649]
Test normal scores:   [ 46.86131808  22.01989421  49.83892847  85.86721745  27.17902147
  33.02209318  27.13384134  28.56304953  28.07865286  25.97237651
  87.7304073   50.20793588  30.22024919  37.02051942  99.04927335
  28.42815665  39.20778223  31.91088947  72.24085621  16.84291853
  27.69877753  74.01268687  25.23391261  33.34720584  31.97639102
  27.78655184  94.94619482  22.07549156  55.42844129  36.60547595
  25.48095298  31.79889263  38.21383312  36.57796771  45.60707532
  30.5671704   25.99949463  19.00171441  26.08998493  44.85930365
  33.903552    61.391198    22.83345394  40.75261015  37.52814811
  38.89122873  58.88174768  44.82695995  24.46935694  32.2278121
  45.70847839  24.77831192  45.6401141   37.95473283  67.14061793
  47.5427851  157.93432298  27.53372778  24.1987358   41.18499833
  29.58029153  29.98863351  25.39189821  21.10395925  42.02806819
  79.84531916  30.10810272  39.77028177  24.35823033  54.78386809
  26.77525192  49.39651838  40.91775803  25.82552482  37.21023744
  40.21854952  40.97796642  35.01566908  38.39836846  79.94730721
  57.57081581 150.49042028  66.88362542  39.10678547  14.94884015
  26.82515116  46.3264225   52.17160027  24.02101152  36.46186325
  32.59734717  30.61175123  37.94436213  78.81569114  21.47027115
  33.17325955  54.92745888  18.38988867  73.36618957  67.21530096
  20.9699594   42.95782497  32.52261605  39.98952987  89.76734721
  57.19811037  44.22148704  20.13821499  28.08598258  30.01767682
  45.65132748  51.48405777  47.11369947  29.82606803  32.27794879
 141.75961323  26.3555555   28.00206215  35.97006823  45.89351214
  30.7507031   48.11316705  83.16203681  64.70794091  35.5254189
  39.75588875  75.72285041  19.42494563  25.96239386  30.24460163
 122.41858191  39.32875447  25.6746373   21.03748403  33.76021272
  95.99982586  45.21495441  28.13002704  40.72953381  16.11618241
  65.283261    54.33926401  45.23538822  25.43611957  59.23188221
  23.71417467  41.66652532  31.87704029  32.07150989  38.12671037
  43.71821386  22.98518621  56.84516767  26.5553224   30.64825892
  31.83692173  24.27058313  23.25525913  28.25927855  25.96600797
  46.52960305  77.11598018  48.82281888  38.73181816  82.07854719
  69.445058    18.03755186  36.28756669  27.92311575  42.37358061
  17.6689932   48.92176925  33.1150971   62.84287344  17.4464005
  26.87478986  21.74183882  37.75440148 124.41128368  24.77682057
  53.88989875  41.91628724  34.42355447  45.61139904  17.85659788
  45.67590881  27.53707854  48.70998652  46.42059136  21.4715185
  35.44661478  48.03344409  26.18716378  17.68674291  74.59533622
  42.00863996  32.71444194  58.42184127  36.7782664   41.53179269
  46.22164596  57.30530372  34.06403933  33.0411969   80.35201441
  56.45719186  55.31471108  26.57055289  25.76238894  44.74972625
  92.74033492  99.47932475  25.56521404  28.79725628  28.36484843
  86.56190358  61.9136357   23.32758571  28.67649626  21.59052321
  27.1299615   46.2280317   37.83245908  73.04974121  28.87910845
  28.86349128  57.94456343  48.37281521  33.5138958   31.44498751
  64.14162933  32.01859158  36.98054883  65.14451076  66.84700325
  50.88282698  59.49889241  48.96462416  36.89013982  63.91971179
  75.36585544  19.19107441  53.4745727   38.86519034  25.61500344
  38.22836893  22.73190394  42.55712046  39.4281473   16.06701053
  84.63185615  23.46632166  43.62770838  57.95991081  37.33408369
  22.82952388  95.56668353  21.962698    39.4384007   39.55821985
  26.87445023  85.71262556  33.29442862 106.06431956  42.29144715
  29.7304621   32.93455724  71.58134779  26.41263536  37.31653928
  27.50650138  50.11209226  94.23190337  29.25950892  43.69085733
  32.65093375  25.97945802  65.75407555  34.32037949  36.49024261
  30.11849315  44.63197956  23.52564737  68.65791241  53.65006973
  60.90235485  33.8370082  113.15242987  19.82519347  30.99044714
  36.72276079  20.39220926  33.89398509  42.85026661  29.92887733
  24.91550809  81.41179732  78.01720307  32.78954353  46.83130347
  30.65581984  33.58983584  55.85447007  28.02502957  22.87361787
  20.00726671  20.5893242   26.44926723  86.870781    94.65592441
  24.76671465 114.91826448  30.80653436  45.32803623  46.25490858
  24.09714106  29.11230248  47.07804719 122.31868994  31.57211958
  61.65781132  30.22944085  23.91189915  40.97163354  46.70059908
  34.06902444  82.71530208  45.73867647  24.48944429  39.18632372
  20.27502919  24.9136173   24.08272524  32.43190785  20.9346883
  58.7846276   23.50293895  28.6303352   30.96366797  60.97051007
  18.44957644  76.91796893  86.2329533   28.51726566  91.17712494
  25.07394134  37.42466953  46.27279608  54.72063283  70.79407439
  27.35309951  40.84016984  49.35131345  21.54905382  69.18356528
  93.03842434  70.04966312 149.19714827  49.203086    51.09538427
  61.12295844  38.4977923   38.11496461  39.40645999  36.12461655
  86.30862317  70.52782513  27.87968146  49.19091905  32.38378193
  50.17606657  26.16134819  89.86523582  16.67980577  29.03278894
  49.88008397  31.11973732  67.10026576  45.13284223  73.19332931
  22.64019267  61.44018215  31.29823218  43.44011233  21.75874942
  48.21163003  51.96829556  39.12711133  15.15003997  35.58014207
  76.18449718  82.034768    22.5187515   33.32146005  42.75357047
  63.76026525  60.35463568  46.18386374  98.99230368  22.42680311
  33.3786057   34.76092467  34.39987617  35.09343591  34.33395613
  34.2405875   42.58437215  43.5287393   44.41431143  27.19084993
  28.28479754  51.32123935  34.72254498  38.58083368  33.77466797
  54.37775058  39.60039877  36.32827156  26.40034114  43.00552657
  34.31294244  42.61149121  98.508407    42.88539946  39.82275049
  34.97500885  26.63560151  25.92658084  25.08549168  37.53746356
  43.45238955  44.22330892  41.19268919  38.17855274  31.86036773
  35.24044663  26.16365325  54.50006679  61.57972371  73.28279733
  38.01682846  21.59278205  27.50764922  25.58616342  40.33975041
  29.03268811  21.78458234  72.47813754  32.2331175   24.65580796
 174.17357982  26.67329254  24.52638677  46.17812492  33.62814511
  64.97329754  39.80020058  18.80296663  51.53808382  32.09631924
  52.32548343 111.7241281   44.00069407  28.97714726  45.95374155
  30.89374575  38.66624672  35.64083062  47.98492219  42.34148342
  20.17698984  27.64175889  31.51493761  19.27990205  36.23211144
  62.06355082  46.48902356  25.27737476 116.83636306  41.85914709
  37.4205138   30.70041169  20.24760809  62.01939481  31.19979382
  73.27418032  78.7509034   31.6876928   78.62651423  57.28381436
  37.87744362  21.96242471  96.94815906  33.62422584 107.80590574
  49.82311987  81.1427343  138.32665528  33.75642828  48.33992311
  63.06348115  41.62483497  25.6541779   44.24003435  24.64694453
  28.14822389  63.02631867  37.75011047  42.69733623 107.43319711
  22.39922135  81.31541308  48.18525349  41.07013479  42.96315017
  46.00147863  77.32636463  30.50368677  26.19694571 129.68349753
  31.18517441  30.75186061  29.8941233   29.04466161  34.50365317
  50.20173564  24.42026322  40.57164369 108.21707357  41.46149213
  76.96047779  22.54943808  58.34282922  35.00831726  21.99559364
  53.58865487 107.6965512   39.10884051  45.63007225  35.70119905
  34.27046714  30.46306525  30.11361444  28.76037137  39.7459482
  42.04325004  20.2489182   42.67743504  44.42319246  26.53600708
  34.32220976  46.93555546  31.40251217  93.58360909  33.31172881
  35.19122042  26.08645699  14.31603001  14.76822481  38.19161368
  29.8039873   29.91181708  34.45246009  18.47674863  47.15871084
  26.77580447  45.20082615  21.85906469  22.62029082  23.77161471
  67.35869517  48.66683906  27.96577082  76.11818604  40.43720896
  85.2626631   62.11559064  35.4699941   44.31428592  49.75704578
  32.1658526   34.32422998  20.72463709  21.71859879  28.86757981
  35.00254685  44.02729419  53.88832045  20.64164867  46.90641278
  35.55514179  22.31449602  33.28942333  56.49887631  19.69090175
  74.32038702  46.89243102  32.8486326   45.0472453   29.53433853
  45.78786628 114.4917454   33.75776814  22.88972962  34.21087381
  36.51156762  23.44406639  90.66936032  68.0553225   42.11445886
  32.3070172   52.86000437  26.40541745  17.256142    29.81412897
  46.22290277  50.04167759  29.10218799  29.84160832  39.32631833
  28.88781586  61.97437128  35.57064325  25.18123709  50.24924782
  46.75927     52.03436014  28.24986149  92.11737346  43.08541934
  21.41648301  60.63224021 105.29055402  52.09144795  25.67476088
  16.44195921  15.73900131  57.05535195  36.71293296  25.48239161
  45.76184815  31.54946182  91.92534915  53.11297056  51.95843822
  54.53505153  63.38977904  35.47757127  87.74030945  24.93313516
  27.30146455  58.11733925  71.1659353   21.20353444  33.22557979
  49.91491545  35.95805029  26.83906462  40.85966517  24.466835
  21.3150992   97.4558216   40.81114171  32.16471185  26.30840692
  51.86880714  30.1197974   26.81180715  39.4562578   13.70108782
  58.18406155  21.75073568  42.2674505   27.3243781  102.22220029
  45.22272787  39.8126757  103.57702472  29.25641678  38.69765332
  24.82618255  37.57752817  73.93874037  52.63406914 131.52178539
  18.10595652  63.00003696  65.65139456  25.88786895  41.87702126
  30.87926804  50.86545335  21.61336629  38.23130055  54.81623245
  36.1043731   44.98249418  19.78279693  21.13645778 174.63121795
  31.61296381  43.26033076  58.25682655  22.58463422  29.47847674
  31.95088265  37.84726714  31.3848769   26.45563618  37.94093216
  57.03969331  17.84704126  32.95729089  20.68965214  31.21043768
  18.54329691  16.66684071  21.95740928  40.05168892  55.59051424
  50.04118373  35.96425654  17.50170397  45.20263541  61.87296412
  45.92746512  31.49867998  70.01506043  32.95068693  78.17035762
  57.10412392  19.96822543  29.52551821  27.96676322  33.08714356
  19.32998225  48.86987476  29.63036478  35.57781713  37.49089986
  33.79871482  19.3156744   24.3361647   45.6039512   48.43997966
  87.62302077  72.60656274  49.51792068  51.98667527  26.56734297
  30.74354537  48.98179724  25.47509745  44.72183344  50.01853224]
Test abnormal scores: [109.30431711  71.83520711  40.09713012 ...  81.60409384  91.19337641
 141.90665878]
