Logging output to: /home/guest/Thesis/MotionCLIP_experiment/results/finetune/allSplits/fullContras/NTU60/anomaly_results_touching.txt
Loaded embeddings:
Z_train_normal: (3032, 512)
Z_test_normal: (758, 512)
Z_test_abnormal: (10587, 512)
Normal classes in training: [45 46 47 48]
class 45: n=758
class 46: n=758
class 47: n=758
class 48: n=758

AUROC : 0.7945
PR-AUC: 0.9786
Threshold (95.0th percentile of train-normal scores): 26.4599

Confusion Matrix:
[[  149   609]
 [  181 10406]]

Classification Report:
              precision    recall  f1-score   support

      normal       0.45      0.20      0.27       758
    abnormal       0.94      0.98      0.96     10587

    accuracy                           0.93     11345
   macro avg       0.70      0.59      0.62     11345
weighted avg       0.91      0.93      0.92     11345

Train normal scores:  [25.01300437 21.72797526 27.20287772 ... 18.1465117  21.96946862
 25.13316538]
Test normal scores:   [ 32.81171293  47.36298738  54.90092551  53.74878601  58.09508951
  58.91397009  86.14360446 133.55102436  63.13112227  39.68601744
  44.50825165  21.08854019  68.70171814  67.46694055  34.83035283
  51.15715239  22.75806044  27.22975733  92.13146884  82.99144519
  38.81773815  45.17083486  28.66305965  29.47695627  27.94980227
  27.7526254   41.97180509  68.97288418  48.08070087  64.53291408
  27.93124595  25.25838477  20.81481332  41.24176885  38.1975064
  51.46947306  30.23918708  74.07784117  39.14858824  23.2078449
  33.25463593  20.73660971  43.47004326  31.34078249  24.69637186
  63.7065657   42.02972223 126.03479541  25.34232168  25.07322559
  30.29565857  20.6709508   51.07864488  40.16557366  33.51660235
  32.42138571  32.56255931  30.86368386  22.11000527  76.1594426
  55.78330242  25.5724503   55.87637432  34.9904832   42.79443663
  66.18996287  34.13729794  59.28237365  66.37832038  41.84486691
  84.36851557  48.33627522  60.38468335  35.89689331  49.38421687
  23.05248283  27.02856151  38.79328142  27.15604726  87.25636106
  42.84155974  35.36071966  19.33134916  58.79463094  31.57821522
  50.6042451   56.89770077  61.95919354  46.67772321  30.18649531
  34.20793472  29.45324421  72.47532965  34.44500603  33.00433502
  48.85822515  20.34942968  59.34642288  32.5204043   22.5309688
  69.77386128  67.46225631  59.7070108   20.57441886  30.65449869
  64.94357177  70.74595436  20.14719586  47.08643328  59.95711859
 101.91233902  49.99939975  34.82558389  26.23486217  28.77145311
  62.76307767  58.46606673  17.7024087   23.22823357  26.14095649
  30.12567665  73.8266287   19.95171705  44.71451626  45.08047644
  52.84584622  21.46675732  27.17280363  28.28669841  51.05239192
  33.71952569  52.9940471   32.18324258  18.80153917  46.05459067
 103.10836651  67.41892374  68.63587306  96.55795128  62.873607
  63.56768559  47.96255619  32.98881678  37.88251464  63.84742898
  50.53099568  31.48157434  17.08051579  28.76457154  30.60947375
  42.28253205  56.82260657  64.40597084  39.06361652  96.10771498
  27.71415968  37.71951336  66.09494573  45.15506378  25.55028608
  24.47452239  29.00744975  28.13996006  50.25019791  32.20222569
  44.63362892  23.65488883  31.16378511  31.8583343   64.46112655
  50.28829727  29.23807215  46.02215478  54.51995992  45.57201134
  19.67311188  47.48386341  77.84790326  64.20310238  37.34879228
  23.07122108  27.15821674  57.88761422 104.38208405  30.7867435
  36.44585343  54.03109505  27.94437873 162.43587933  33.51404293
  58.32211909  31.81978192  33.2435795   21.7831913   24.69972856
  27.83775663  21.162883    72.92435491  48.81082835  54.34475061
  58.11358917  95.23027272  83.74650172  42.212061    70.71595828
  66.82778015  34.31842725  18.25609919  48.96518753  23.75857571
  50.49945211  31.3497168   62.26984772  24.9342068   38.78328954
  68.75852032  39.42108306  59.87267093  44.81815357  86.62411258
  33.22844976  25.54808568  88.2907881   51.22758665  77.02484601
  38.42454917  38.88293465  71.41558579  26.980144    56.72885877
  26.83735396  20.29623273  84.61324476  20.79563503  34.30021304
  33.4166485   73.8106176  122.28573143  25.01626391  55.05849049
  45.78970539  22.65659834  68.60176113  74.46138959  21.57969279
  63.68801002  42.78535944  50.31715148  54.15708366  45.07933936
  55.59931727  25.51662867  63.70492013  78.40140103  40.0716372
  63.65164514  26.11869172  67.56993245  62.33180011  58.24298277
  59.60399558  25.49846851 137.33433621  27.18272003  36.66615148
  42.60779232  65.78021963  84.29461315  46.25036427  44.59524987
  26.50369262  41.82715969  56.14885181  52.72637961  29.09422301
  86.43649336  46.4054312   62.1719654   23.3142613   40.49525021
  38.2204823   37.83648178  34.08761832  60.91055873  64.97353285
  92.9655674   57.32954221  78.83144758  74.83812246  36.51382283
  74.09801509  21.68367209  17.76740714  26.88584405  57.65211115
  46.31757989  25.21576159  18.33041079  75.75853954  50.72063328
  55.91197911  58.73003353  39.80443329  22.37246829  31.66477361
  37.31239044  68.25681123  39.11515036  36.31910206  25.76040788
  71.90772548  46.65900716  14.83001953  35.75140015  66.36105574
  25.70383759  23.08942602  28.24638141  70.72813843  81.38610742
  25.41483155  74.14033323  32.17095505  22.71370184  40.33513958
  89.28706316  69.42453526  29.22839114  23.68578728  35.17641517
  48.69789673  42.3052978   15.07210596  53.88558208  59.64965632
  58.43097189  37.09928403  30.08551024  78.979913    63.83401206
  52.70349241  20.46597428  67.51338069  72.84005303  40.60483042
  60.93234147  31.89774356  70.90987875  23.76337368  25.67167043
  67.66278739  45.67385826  48.82147286  94.81498433  22.65268271
  29.8873271   29.33085325  30.53036268  20.72330729  64.53683229
  69.15257962  23.79848928  55.71929863  25.1920078   48.49982066
  36.57885769  48.99630029  32.99331917  21.22880737  20.34467169
  37.16215636  37.12774997  54.81410907  48.29873141  57.00430104
  37.57129353  84.62199337  25.25386721  52.14930781  42.81947237
  24.33490376  21.59973953  25.74104659  20.21348813  57.63393101
  63.58110774  28.03909372  33.22575395  15.87026028  21.28345747
  22.52279503  23.52090242  43.44877599  77.63864128  77.7733086
  29.93091687  30.62993944  77.77282321  30.50952465  39.04624157
  69.89389361  23.93074561  74.76434227  64.72304473  39.22880535
  53.7149699   18.34335797  30.90892896  21.30874852  20.3808667
  30.74871908  62.24889574  69.10073455  46.6553763   56.87404973
  92.18078146  51.70180243  30.82106773  58.39597421  54.43057395
  61.35754226  60.69817868  33.21282024  15.54452409  35.36659829
  44.34862936  81.65183239  62.61533724  44.02564291  41.246697
  18.77404385  19.09607826  49.3752844   20.80449478  23.0114253
  73.59758108  52.45391225  53.70383661  36.12216436  54.00234539
  73.45846773  51.86808563  38.11294037  46.03422339  36.18410427
  29.93701832  40.44816981  64.6336022   39.25593035  24.43204382
  29.75122731  39.52519222  19.35610343  19.74657299  33.84479331
  26.03758678  67.82016601  22.51634097  22.58488305  16.60506943
  84.11726043  46.42806667  36.15138394  17.96178198  64.93972379
  32.01784508  27.93608723  81.5338712   76.87696049  30.61106486
  18.81884031  36.75363414  55.60949723  62.72167479  42.91278346
  23.54761799  38.78540574  55.73619042  23.91759301  63.70486147
  51.05901313  37.66726217  19.26007652  84.30833236  73.6538271
  27.0297555   68.28302339  46.84045202  88.30286756  29.52937234
  82.11960999  60.15382535  46.10195077  32.76358652 103.85163336
  18.76202288  22.80412497  21.493111    37.13119785  43.8992855
  62.38187624  21.15727442  59.00654936  44.03642144  50.44707353
  46.81470158  36.52678225  55.54189408  37.36228443  67.9727204
  25.39851983  31.11969306  36.06093293  23.04532905  35.07135462
  55.74229671  31.65384414  22.25730118  45.10438113  37.69020536
  45.49084187  88.72043176  68.33861264  29.0380992   69.69324786
  23.60806406  38.15024781  36.27321472  38.2953897   56.70652631
  48.73649118  31.64609488  87.24612919  48.73093646  97.23806636
  25.55914609  23.20880225  67.92880899  32.11073743  41.79887155
  42.47189733  43.51026477  29.06308607  27.51458145  53.85112616
  51.44655537  24.82782532  39.94463031  44.74428009  58.07154507
  29.54202583  33.66335287  42.99560731  76.31409019  30.57861312
  25.25425233  27.59263288  84.17544731  60.18413525  46.85097428
  69.52015212  76.47411445  47.57479354  14.80039918  38.18299428
  47.29590439  64.96495557  20.77027808  20.46227869  44.03065587
  88.31450594  63.70706374  40.08801504  22.33303906  20.94359698
  70.66335511  23.90316317  72.37387343  95.10546939  69.73560208
  49.3442927   26.63336238  23.96053262  25.50101677  82.14899024
  50.09483182  29.829438    46.18737625  55.04244175  43.48891337
  36.41761461  60.66260069  99.76895055  57.92961846  28.21155511
  29.20201628  36.78601823  54.44211645  26.92569129  66.17309284
  60.44423949  60.35117865  37.7609353   30.87495708  26.463821
  58.18959003  30.18235999  42.53438679  64.1519399   47.1003025
  44.91277085  30.94182767  72.40306045  73.15231662  25.85385735
  15.76331865  86.396629    44.25670308  64.21183395  30.78257896
  29.06897406  36.6817932   23.32173495  60.08283611  35.58456656
  55.09357878  85.2540029   81.12445273  24.35008749  17.7061668
  87.83116024  48.60230779  34.36997031  43.46635583  21.92466917
  29.18910253  62.62297629  53.80035232  45.9246262   79.18582642
  42.51591475  36.8908633   33.65048356  20.6299021   21.9251458
  72.54178764  21.18530851  33.06113771  35.88007551  41.85816911
  22.29748474  28.75077668  23.00721597  33.16032116  16.25256534
  29.58508633  23.44088138  27.95299625  31.12637709  25.78990151
  53.76794061  23.74982876  24.23527502  47.27722118  45.34234022
  28.72353315  36.79759147  31.6030447   40.15832687  36.76322975
  53.45677052  59.58349137  41.21226028  79.63501844  39.72629263
  58.87747142  62.10838863  21.94980408  33.84877016  28.87584071
  72.33861618  60.98466282  28.68154195  19.06906231  15.90217894
  75.37833006  67.9060778   56.68751081  65.30582306  49.14555181
  46.21500138  56.70297276  26.01919778  25.71219264  52.94748881
  41.29872099  33.50197171  20.22856752  62.46034824  18.55392352
  76.6978923   58.58811972  29.27238062  52.98423931  72.08306721
  83.56109178  49.92972744  68.77710205  65.38616723  33.62436381
  69.61407317  27.7903211  126.55084995  52.89365892  24.52600416
  65.87866629  64.85200578  58.98815214  20.84031453  74.9654557
  21.76737691  29.23610433  39.14924835  40.20366444  23.97619835
  28.86334742  29.00656463  50.75921118  35.45432732  33.3625794
  31.28751049  26.03194937 104.01995047  36.48142607  33.49430993
  77.6949029   83.23446444  47.4368391   44.81374849  47.15264124
  40.08933171  24.27705019  59.99427754  63.84772985  40.78319534
  30.5772453   56.92476013  32.10210874  36.77630612  32.86931697
  48.18083072  27.91855969  27.72594967  24.07854055  52.30477024
  97.6957018   51.92272819  32.3139287 ]
Test abnormal scores: [70.88555551 76.2565795  80.56301937 ... 70.58779944 30.61946065
 78.4408878 ]
