Logging output to: /home/guest/Thesis/MotionCLIP_experiment/results/finetune/allSplits/fullContras/NTU60/anomaly_results_random8.txt
Loaded embeddings:
Z_train_normal: (2273, 512)
Z_test_normal: (568, 512)
Z_test_abnormal: (10777, 512)
Normal classes in training: [44 52 55]
class 44: n=758
class 52: n=757
class 55: n=758

AUROC : 0.7406
PR-AUC: 0.9784
Threshold (95.0th percentile of train-normal scores): 26.1961

Confusion Matrix:
[[   84   484]
 [  235 10542]]

Classification Report:
              precision    recall  f1-score   support

      normal       0.26      0.15      0.19       568
    abnormal       0.96      0.98      0.97     10777

    accuracy                           0.94     11345
   macro avg       0.61      0.56      0.58     11345
weighted avg       0.92      0.94      0.93     11345

Train normal scores:  [23.30419866 22.92307317 22.87375312 ... 24.23137619 20.5166512
 22.08697468]
Test normal scores:   [ 40.18378458 114.8217898   57.10224745  29.16016609  23.95668675
  63.66675557  43.28388791  30.64329122  20.80753314  99.76897267
  21.57530454  17.98345639  42.75886595  15.69301333  31.77794474
  42.22766809  45.49657841  39.32378067  37.77705275  40.49235935
  27.26204356  46.06946434  15.44318685  29.5035858   17.11734445
  45.86353735  43.13642958  15.23410433  39.36156388  51.35611961
  40.43368425  34.32285143  30.64529011  45.54058715  13.72376952
  30.12687548  26.42851694  46.96708945  47.1404522   54.02867952
  78.10755308  38.74343203  39.31457285  27.79383495  34.47677437
  51.37617264  40.98221449  30.32227972  36.59983305  43.0944468
  35.91677169  38.04671699  72.47574063  49.87292478  23.2659225
  29.14585218  36.43007575  28.51914488  34.57123545  81.01455831
  55.21212233  34.77104516  29.4027264   38.72225408  34.20150584
  43.58619309  45.57447566  56.25944198  41.47351589  35.65568229
  20.61158772  28.27882797  45.02149102  28.6017316   41.52263761
  44.28711016  25.4226204   96.84920997  29.98294887  25.8914269
  58.12995698  27.45682044  29.96783479  19.4320802   31.31842206
  28.53787199  43.03108411  35.68282722  16.22429944  66.51690124
  18.76569771  19.53264002  63.19288821  41.79109866  49.74533258
  52.70957938  18.4661924   57.51739217  29.13185101  20.23213007
  16.33284203  32.67495997  28.73828244  43.13210072 117.37419822
  40.85620775  23.22534651  38.24427388  45.92080147  50.3490403
  35.13548403  34.15512623  23.6841925   20.93671498  39.82691879
  24.68034612  58.87264147  30.44940445  96.35612641  41.37941214
  31.40348423  42.20392405  37.33473778  36.86416516  17.93705472
  54.96247203  32.42403672  26.96479106  47.76923855  17.39786766
  46.98650544  41.81585011  43.79822882  40.42131571  95.70215995
  26.17490488  69.30490433  36.45575031  38.81773943  44.1417869
  32.79657485  50.39713022  22.89356668  28.73494681  48.4050218
  47.14222457  56.51992788  28.27467869  41.31161712  20.65954863
  67.95274752  29.71773449  24.43797766  47.46050671  36.75367412
  27.1739705   42.43029423  71.26414573  58.07369178  44.94765593
  28.7161046   56.73053737  35.85213111  34.34576755  40.82144112
  42.35999843  35.93070038  42.01291691  50.19025363  31.15327415
  47.57844518  22.79077655  20.32442725  46.83690797  36.49583644
  24.5030263   42.01142227  50.73929647  36.14777786  27.0199678
  50.77079448  31.96764506  30.92187823  46.95865195  33.09257704
  24.07608553  24.93764154  46.15970141  36.00844361  53.18181194
  37.92374771  24.32012679  51.5441094   46.58549629  72.86512653
  55.03791204  18.88994217  15.33074671  99.51057454  52.25748825
  29.3341786   85.30468998  27.10178435  22.49614172  38.29343503
  44.30157863  46.80630786  21.46833716  24.64405607  59.12383838
  34.6455931   18.06800511  23.898251    56.3415904   44.89235276
  33.10036574  32.59337194  47.36658514  48.67417216  55.59336211
  38.95710614  32.75457638  79.60905877  50.09973245  31.25075099
  49.03819869  23.3741254   34.57213279  57.08293714  31.58336867
  40.52401387  23.33302454  59.34287574  29.653158    40.77798851
  41.12232695  41.44400751  36.9588629   46.32045654  30.52660766
  66.99176491  46.47377062  39.72390097  43.04742909  44.39855878
  99.87017673  33.45774546  38.68910724  33.07836448  26.82373737
  31.88318462  68.59797613  41.01052089  65.2541328   87.91017604
  62.11674408  34.10607908  35.68214236  61.8259307   31.09210542
  27.06129875  38.90134537  20.49387404  38.14474287  22.47195478
  35.5513505   37.41766892  21.18123248  32.95655467  45.38430394
  51.4279044   45.02829092  40.117377    54.13880656  59.23973595
  61.30872052  33.98516924  18.43421503  55.06559809  37.50582696
  43.04699181  60.39168603  20.68130778  42.74083994  54.61550839
  62.52530614  52.22610914  36.92469031  39.39721311  36.7087532
  39.3061082   40.83742962  29.41615961  90.43512157  56.31031533
  54.43677186  29.54279722  61.0553826   45.79600633  43.52522398
  60.03045784  47.51556184  35.48405072  23.30339237  24.73689615
  51.08352862  18.69220663  25.46970237  50.35548692  41.31302737
  45.21474393  44.33742201  31.71432725  36.85538434  40.68969783
  40.69549905  70.01572773  49.43153034  31.97215968  60.35871963
  28.90431499  23.12551692  18.68553799  36.01974555  25.04472187
  47.86147504  82.75075963  71.30394622  21.65022702  27.40686029
  27.47333374  32.3739407   31.13776444  32.93055537  40.02751455
  43.57908866  42.99417383  40.86757325  30.26801153  47.8335506
  32.03600134  28.09642528  37.89223679  56.22144761  18.79357812
  20.47563275  29.51903082  43.01004066  28.4422063   54.04423541
  59.46910751  31.99221774  35.44577308  41.84863151  35.41659867
  54.29956406  20.22580743  48.42921268  61.60303052  34.24587861
  26.32976992  33.26651434  39.42533701  41.32483922  64.75998255
  39.32727488  21.27870985  26.74487472  36.41067543 104.99359191
  59.40706663  66.77574473  42.7753297   27.98375247  27.79025027
  42.35036886  39.89175749  24.5278826   18.38251105  31.95080182
  33.27633841  44.57186467  24.94100769  75.60896742  33.69496964
  55.95532807  49.70819649  85.34726266  30.63633904  77.62544035
  47.05041899  32.8118829   39.84156542  37.12220197  43.15513662
  44.66164064  22.57892039  58.41592551  53.67972978  44.79839335
  61.73438659  84.62349281  69.54826204  55.80024142  27.36180626
  59.55175472  32.68082611  41.8808064   18.05761814  53.17011304
  61.47328681  41.3993215   34.40344711  36.7882705   33.79585341
  39.93220193  38.21640675  33.24347218  34.13220215  53.58964548
  32.6356993   59.76453196  75.90603245  75.64794872  37.63858748
  38.00252166  17.5917803   59.37024081  31.51065602  19.36606869
  37.39723226  71.03743877  39.86813661  44.90431446  51.22248408
  36.8574767   18.37155392  75.19678859  69.7342581   39.86896936
  24.83911815  31.54488279  27.72868458  31.30832365  44.87440985
  20.72971081  36.07951891  28.39056695  32.73637151  23.67182703
  56.95439087  40.46792052  31.51374646  26.95274866  18.71930699
  26.46853302  66.59790334  99.47773258  45.47384391  18.38755488
  41.32037527 100.66661707  30.91995371  87.50752198  42.32568161
  56.99123818  79.26055423  52.46924678  61.88544172  43.7438916
  30.86574113 108.2605483   36.97768255  42.1473058   46.29781107
  48.96930096  35.19061002  69.43095741  47.00686474  77.1346461
  27.8438228   44.28871537  34.42649827  28.83787518  64.94720984
  34.48412244  70.30555096  89.29527693  48.30318916  42.51213322
  38.77933457  55.48204339  31.65705129  26.68986903  39.74398505
  52.60272394  24.07942714  44.59371118  25.70652757  20.60202815
  20.54642132  46.58575933  45.16537093  75.35295522  46.06231064
  29.81532648  57.67795658  35.07874248  45.48422382  39.78071558
  22.32650117  69.46909659  38.02250291  71.11917828  43.51023822
  31.31568316  47.59995018  50.69733874  21.58468959  45.201863
  36.2458768   27.54618036  99.08283284  69.0114985   46.22188709
  52.11742305  52.88615314  34.258276    37.89341192  41.93249477
  50.82772632  68.62051628  37.87261783  21.5681107   32.65243143
  32.19531468  47.23349123  41.67704166  47.40661975  26.25780613
  41.04098437  40.56558961  30.42536825  77.41903655  40.38670601
  83.18345165  32.9093284   31.97714463  51.92777395  42.78965422
  41.55372853  70.76237494  29.30553767  44.65317345  26.59390204
  28.69945632  34.19656582  31.31433309  43.73334872  25.83054105
  41.06261642  72.74848359  29.31677805  25.39430389  48.08270631
  35.86518444  37.48798112  29.28450676]
Test abnormal scores: [38.79774614 44.19697378 87.86765368 ... 48.9082978  53.43408452
 24.89094821]
