Logging output to: /home/guest/Thesis/MotionCLIP_experiment/results/finetune/allSplits/fullContras/NTU60/anomaly_results_random7.txt
Loaded embeddings:
Z_train_normal: (3023, 512)
Z_test_normal: (756, 512)
Z_test_abnormal: (10589, 512)
Normal classes in training: [ 6 14 19 40]
class 6: n=755
class 14: n=756
class 19: n=754
class 40: n=758

AUROC : 0.8790
PR-AUC: 0.9886
Threshold (95.0th percentile of train-normal scores): 26.6653

Confusion Matrix:
[[  185   571]
 [  111 10478]]

Classification Report:
              precision    recall  f1-score   support

      normal       0.62      0.24      0.35       756
    abnormal       0.95      0.99      0.97     10589

    accuracy                           0.94     11345
   macro avg       0.79      0.62      0.66     11345
weighted avg       0.93      0.94      0.93     11345

Train normal scores:  [21.85369434 16.78005943 20.67783037 ... 17.7919644  27.23429173
 16.33499228]
Test normal scores:   [ 55.73073969  22.01989421  28.56304953  28.07865286  30.49278976
  14.92416999  33.22676456  37.41004396  54.3372959   37.02051942
  99.04927335  28.8652484   22.50370239  27.69877753 113.2954561
  25.23391261  48.93021202  23.5478973   47.73197614  54.06211397
  25.48095298  41.38832561  29.8531255   48.87534457  26.08998493
  63.48628176  44.85930365  36.34653206  18.58887186  45.17457576
  16.92217521  21.47396269  37.52814811  41.59955097 103.93730247
  39.71774893  52.9164857   91.45614673  25.24592687  22.95851698
  46.0621837   58.52251872  35.92652114  16.59354935  59.43339526
  59.85287641  28.27410338  33.0156066   26.1581561   25.67446582
  90.83202774  29.21035845  46.19661449  37.95473283 134.48680404
  93.40123487  15.53801177  23.42677275  39.82908729  50.51758996
 102.41755699  29.98863351  36.07152957  25.39189821  21.64611635
  38.61102619  63.01549096  49.39651838  40.91775803 145.98103289
  20.64039524  17.31121979  43.24794517  27.78452328  18.50389148
  47.01729691  46.67147705 102.0021346   57.57081581  74.80076976
  20.00708834  27.46716588  58.95674288  45.19157881  54.89793649
  26.82515116  60.39629529  67.54298365  58.62538274  24.02101152
  33.93041916  30.61175123  33.99225876  48.18015473  54.55166085
 115.2655758   32.52261605  24.49213793  34.30420425  57.75045929
  59.638632    54.2332704   38.20600424  28.19863776  28.08598258
  51.48405777  41.70603709  24.54435022  17.82346426  20.04871865
  98.64890164  26.08662252  80.13736742 113.63601605  48.40609924
  33.85527473  56.6583827   46.48430314 100.7659486   43.15759239
  36.93524021  68.21416441  25.96239386  39.32875447  29.97393938
  69.06204312  74.64541096  53.05457294  24.0685508   31.14241573
  26.07843137  25.65797192  29.2550032   54.33926401  45.23538822
  25.43611957  26.57873301  97.54664938  41.32879771  78.99908798
  59.87815851  49.72369544  38.12671037  43.71821386  19.86720744
  28.80696937  16.42421836  16.76725459  54.19219091  21.92605782
  33.10436579  17.29571339  18.73761756  30.52478331  24.95264246
  18.88354898  52.28044937  35.58846742  23.96768934  56.39695826
  91.8720407   36.78432391  23.40579607  35.57021533  28.68603413
  39.20263832  24.77682057  48.55316776  28.54300284  55.62456056
  17.38425059  35.33753777  44.90347987  37.11955295  44.13458873
  93.43483009  48.03344409  46.04519682  14.85411233  21.42144011
 117.70322699  60.94734702  33.05250626  30.01411125  62.02899002
  37.2987988   20.85641145  42.00863996  25.40804117  36.7782664
  62.84667557  25.82401767  87.26040448  72.41864998  29.63817648
  26.57055289  31.59847703  46.95782769  25.47049348  91.78336901
  25.3088041   79.18890532  54.4709609   66.80583419  19.14588353
  68.01585885  48.09893448  70.57916732  25.96103299  38.51145187
  28.87910845  28.86349128  57.94456343  17.16848588  22.71237106
  45.52246283  50.88282698  59.49889241  48.96462416  36.89013982
  31.82597352  71.83128956  29.49755891  36.41671657 138.38943303
  44.09633925  22.48093679  38.22836893  39.43334546  22.73190394
  56.38191483  23.46632166  54.09609617  43.62770838  19.0228019
  76.65887497  38.92857129  40.48619035  69.69093785  51.73109888
  27.45585831  40.91299956  42.16037155  26.47821372  14.65969968
  28.94581256  28.38279384  75.57651446  25.90033251  24.61836669
  50.24001351  61.3945855   17.01867436  50.73906208  25.12621822
  37.31653928  23.77650975  32.77125198  55.82433257  28.14594451
  65.90044983  36.89938797  27.83221291 104.67982465  63.8663669
  74.46644215  81.87480019  18.02715985  30.24155349  74.65132956
  34.32037949  29.59279172  43.9408144   24.76620986  84.75271621
  15.26252027  52.04787559 129.11418403  78.1433184   48.47891867
  19.82519347  40.66303211  33.34312676  68.20759816  23.98862869
  37.36880923  67.47883525  57.88319611  26.6255779   61.00470399
  77.2525308   22.51194564  49.42717519  43.25096765  84.21059928
  93.73490109  71.40952898  22.28999728  37.87352489  47.21126433
  35.39014726  35.74452115  28.02502957  30.27924121  24.7451605
  20.54085314  41.51327388  24.76671465  34.67710087  32.1225412
  50.81220004  16.57114826 129.80421198  47.21371817  42.50257226
  92.60906754 116.47668452  19.56970074  30.22944085  46.78784793
  86.8249359  106.5747375   34.35448714  24.48944429  20.30864852
  40.19205617  24.08272524  32.43190785  63.40656325  33.05338668
  66.62049464  37.42466953  63.22683239  33.64297155  51.72089916
  54.730717    16.02517244  49.35131345  32.07203589  19.87642321
  58.24424818  56.23690644 101.00094806  17.49012943  51.13159739
  25.98092418  44.12177702  66.04059826  50.01274976  53.96165422
  36.12461655 112.16020798  27.55699565  71.71590029  41.14044739
  56.96307172  18.15847322  33.06123333  26.18283696  28.01041654
  19.32337358  59.86936639  26.81071509  95.72994713  29.03278894
 121.77275936 105.858699    30.83745963  30.69654007  25.0991914
  40.49859239  25.10761294  50.33278496  35.58014207  66.99760195
  51.63155476  20.66678637  38.87290624  16.70051228  68.68204315
  43.44648147  46.18386374  28.8305328   33.3786057   57.1431096
  44.24007427  71.4231534   42.58437215  49.3826323   23.34543832
  47.22803891  21.7893759   24.22228271  52.72037571  67.87189118
  51.32123935  19.97730894  38.58083368  54.91375499  33.77466797
  83.81767868  39.39781537 139.14278988  29.03347623  40.91337641
  55.91934443  24.54633807  94.37754931  42.61149121  21.32323587
  23.44265997  46.9896443   28.76023161  34.97500885  21.06420709
  38.17855274 121.70978876  26.16365325  33.08833202 181.29616884
  32.83199247  19.89986287 108.82142204  81.63505232  94.40960777
  38.01682846  31.23624328  31.49514106  53.04091327  39.59404166
  42.23580173  20.83226934  48.93311673  28.24424561  29.03268811
  63.05532601  52.3615423   24.20045368  30.2200535   15.42997946
  18.71327991  38.35399728  69.86164373  33.98214037  64.96960165
  82.59714828  23.43349145  46.17812492  31.33635072 129.590521
  13.60463522  24.47989838  19.11071145  37.8161124   24.38679472
  45.95374155  30.89374575  35.64083062  38.0863657   27.64175889
  18.91024432  36.23211144  18.14678369  70.54586464  26.31582149
  36.62876756  20.24760809  17.12112294  23.19533111  31.19979382
  26.4208464   48.67623803  32.67141228  20.4898612   37.87744362
  21.01415306  20.26098893  21.96242471  16.85602014  33.62422584
  44.35136967  98.17246298  54.63941261 112.55515662  45.56185734
  33.75642828  30.44351796  45.38137317  91.75258148  82.93619673
  25.6541779   44.24003435  28.89526438  33.67718393 109.65375931
  83.06412849  45.63753494  48.18525349  50.46084986  47.67612776
  30.50368677  36.28295935  55.24067201  32.51259608  22.14767702
  61.54591108  98.39620701 112.0852568   60.09450807  63.28499749
  58.34282922  35.00831726  21.99559364  39.10884051  41.04136507
  23.43366502  34.27046714  41.70578062 114.53279982  30.11361444
  32.30359084  52.70829743  73.55039266  49.91066139  47.63534673
  93.32852486  31.40251217  37.10433779  59.80167741  30.58446425
  29.39189809  17.56049557  82.76560307  38.19161368  25.59558017
  28.13313059  25.29453492  33.59026668 134.85101292 142.90312747
  58.19639558  35.42325509  89.57318911 143.0412292   27.52521599
  43.33874507  17.83674494  26.77580447  26.30286048  82.29936126
  27.07007557  23.77161471  19.35828882  22.10119057  48.07351244
  86.28722556  40.43720896  82.95125985  62.11559064  14.39092218
  54.61733433  35.4699941   64.77529772  31.26786533  20.47228226
  38.09911617  23.48949184  31.98712826  32.1658526  105.79366726
  16.91294642  20.72463709  46.28724957  54.05956971  33.27260537
  46.90641278  35.55514179  49.02989043  55.74890907  46.89243102
  97.0822859   23.00629876  17.44528045  33.86932615  22.88972962
  94.16269035  76.89208577  38.23583161  21.62372895  23.44406639
  35.6158338   51.43732433  53.9050922   30.73791522  35.08809163
  25.20284215 151.76034902  59.56262765  39.88782437  23.35400797
  22.02963891  18.01809419  57.99620328  27.86326806  32.81738617
 100.02766758  25.43471141 102.66964925  28.24986149  27.9406767
  41.19049783  65.3369787   21.4908867   53.43498715  35.26991799
  20.63291719  42.69518989  41.68073671  82.76514745  64.88745312
  53.59771772  59.19162405  78.63932994  61.94495305  34.22191661
  34.71781806  28.18469388  55.13440476  36.71293296  25.97951962
  53.25648055  31.54946182  22.89559925  38.83134974 166.06383943
  58.78706802  36.66231199  78.04818372  35.21622233 151.14021341
  39.78060383  59.55211181  57.22535686  30.46972909  34.48535633
  32.21375452  23.39361871  17.01122439  38.88744632  54.56308587
  53.92005307  37.16493539  23.55732945  49.32486357  40.85966517
  21.3150992   89.91179041  97.4558216   48.63922164 131.98709397
  26.30840692 109.86961835  30.70605471  26.81180715  39.4562578
  21.75073568  64.56644162  28.79413127 105.29441315  68.44567694
  27.48130145  35.5437176   66.29739081  61.85062978  98.63742931
  63.53680163  18.60057551 103.57702472  70.73694516  45.41782461
  29.25641678  39.54261126  43.10620128  48.28934809  30.72932949
  26.12075994  45.91100463  44.87811192  24.60421383  21.42599102
 104.12543507  39.59721872  62.05096707  25.88786895  33.04246373
  22.27815799  16.40596426  67.23007956  21.50455669  48.64010249
  43.58145942  66.81967962  41.8946362   48.776828    32.52323838
  33.81539042  31.61296381  39.34159646  77.41422665  43.26033076
  58.25921907  86.22012208  22.13864595  32.94482666  18.8461581
  36.68732692  26.45563618  24.33421862  77.22398667  36.17349895
  30.90108652  36.77809351  27.84786731  53.81383726  17.96361671
  48.97727214  22.59236111 156.6418874   19.2378452   59.30901396
  41.93313708  15.76806028  21.91237931  35.06867016  60.33136829
  31.49867998  55.5259767   36.44149678  28.11630552  33.74617444
  33.2973779   60.7643864   48.34782719  37.93111272  31.13377396
  25.95079057  41.41593362  37.08019414  53.3599119   28.89371021
  71.59126862 141.01617226  33.77741594  14.90372755  51.65925593
  14.86849991]
Test abnormal scores: [115.50403352 124.22900378  86.51075325 ... 120.46023656 139.00450512
 258.87781355]
