Logging output to: /home/guest/Thesis/MotionCLIP_experiment/results/finetune/allSplits/fullContras/NTU60/anomaly_results_waving.txt
Loaded embeddings:
Z_train_normal: (3024, 512)
Z_test_normal: (756, 512)
Z_test_abnormal: (10589, 512)
Normal classes in training: [11 24 32 39]
class 11: n=750
class 24: n=758
class 32: n=758
class 39: n=758

AUROC : 0.7928
PR-AUC: 0.9774
Threshold (95.0th percentile of train-normal scores): 26.6302

Confusion Matrix:
[[  177   579]
 [  333 10256]]

Classification Report:
              precision    recall  f1-score   support

      normal       0.35      0.23      0.28       756
    abnormal       0.95      0.97      0.96     10589

    accuracy                           0.92     11345
   macro avg       0.65      0.60      0.62     11345
weighted avg       0.91      0.92      0.91     11345

Train normal scores:  [14.3594106  19.50169824 19.15903022 ... 18.66040843 25.81214246
 18.23282884]
Test normal scores:   [ 54.75686421  62.16010251  54.82493391  35.38107205  15.61059814
  75.65614854  36.03563228  22.3933017   63.6682339   24.6404718
  41.65377922  30.1185025   15.97224271  23.32580222  61.11033433
 103.22095571  78.87438363  29.28022827  84.16303884  23.30183165
  24.18915381  30.08193412  62.40344284  13.9665812   25.6838519
  19.39902191  34.90979595  44.83995266  77.61660998  41.33925938
  29.40294448  21.62978705  41.85002847  26.1329594   24.70911805
  16.49775661  37.94540846  28.36606817  25.62273381  54.39114413
  24.07628964  59.98977672  20.95248396  67.09950718  35.53160376
  43.65369049  98.33989511  43.50198672  19.29990037  24.12540084
  90.42456891  20.94578557  45.05670084  26.39593944  60.32161333
  29.27750209  26.4864544   71.23680486  27.15650389  27.55579125
  37.6308237   49.66168646  17.65212586  54.33713283  38.70435205
  30.53012385  27.77053915  19.17262557  43.09743694  74.97145776
  95.14963147 113.55461539  77.16521517  51.21571491  40.31121182
  81.54427856  23.02096874  26.00436353  34.45757463  23.86504955
  21.42177602  58.70874457  48.34690798  36.09336561  63.07850658
  20.88850096  15.68223674  46.78861168  56.46234237  67.33249315
  33.72463183  76.58516829  61.44789286  31.66976861 107.7450942
  87.52286865  76.70946621  33.29636737 123.4870083   44.00850453
  28.62367235  78.00671088  47.84262508  57.04286655  57.70511833
  44.11681657  36.68487351  29.85488085  24.33000354  38.49124275
  34.18548631  43.19721186  57.31193949  65.62987329  79.57639132
  32.19643636  27.3173018   49.99587733  30.92735308  29.90380586
  70.00368277  19.14311162  61.00970373  41.02512921  35.4623318
  46.11804084  26.67423307  33.99231882  27.67107293  54.40183518
  22.98909572  29.13283308  25.65438105  18.9512641   31.51498374
  74.40744633  50.059477    21.91199611  29.41567962  29.93324824
  49.37146989  67.07851803  63.82845375  16.68370221  38.85056372
  18.38084563  53.5605806   62.91237126  97.11502353  36.15457312
  76.68238958  39.64061246  61.05788504  37.15468753  23.91891046
  27.6366099   41.55594991  38.65905326  81.74370694  18.74580968
  17.03826088  44.31220056  68.56446169  34.88764415  32.58658593
  73.78973367  60.49231944  81.14558484  42.33705552  44.16069118
  38.65134852  55.75415194  28.08005332  24.94695083  46.43177646
  26.8851757   60.4837519   18.01707273  65.8589843   22.85163763
  67.3550764   58.04189735  26.35946471  33.75649131  20.52287464
  76.52516899  86.37848841 130.00166763  32.5426302   18.30659208
  45.98609709  22.90937122  45.9740687   38.78315308  26.85510672
  39.58557518  75.99935151  45.61823623  37.47965732  31.6780735
  71.01045921  35.35935147  47.97216865  47.14039179  68.20236333
  33.50583172 112.06115621  69.70121595  72.96977241  66.58089127
  51.4662881   37.67034782  38.12410542  44.6058132   62.80273594
  62.90145397  25.18908832  39.20315397  49.28046931  21.4235198
  33.30102181  53.88606022 121.32160506  39.92709939  81.70466673
  29.27322178  49.12619406  22.12247076  35.99539741  27.47090009
  26.42911658  44.80084439 109.77389564  51.58241174  72.55070524
  33.66945729  89.50950238  25.29379645  72.9989151   31.93105656
  18.87382288  63.68988064  21.25189343  47.08913313  47.05701266
  72.55338155  48.25859333  89.30727248  48.43268996  44.4952814
  74.2755004   50.11554765 104.36266966  28.19415044  18.58385622
  21.71578134  78.41921828  63.46455512  16.64216056  18.49461703
  42.56689012  25.85522273  28.55023098  19.51356114  41.50599438
  21.36551788  39.07507331  93.26042755  42.36693718  24.09410153
  54.38515859  33.72940889  25.21161503  52.09679162  32.217452
  31.26683367  80.36955074  17.66869245  27.40265556  20.89365447
  31.76529042  19.3147999   41.9522531   60.08440907  22.57115753
  86.49734333  48.46248119  42.12735418  44.03167393  27.86886272
  46.21937446  36.73588342  39.67025505  47.44060704  73.54796177
  62.3148285   62.50033698  21.89655138  47.6814228   62.68554132
  63.99665549  72.4798321   35.05504645  62.62216722  32.26791631
  21.89268746  43.48679666  28.59116566  31.79273894  27.35826424
  90.98271719  19.02496376  42.14426759  21.75699153  22.75048677
  49.66896774  34.21771197  49.87140102  39.99370113  33.80113242
  20.21218887  18.94673682  68.57459406  22.68831951  46.47926516
  33.14875418  21.90754542  65.50506555  22.57336646  24.82345778
  27.52433472  44.80788916  21.87876196  38.3038445   18.5528579
  50.98018255  20.77872341  24.57994995  28.17874347  27.15363054
  48.38945153  36.67495436  20.63501159  30.20956385  42.76406681
  91.96273899  30.82155103  41.17177717  51.23389391  62.82187205
  71.4414096   30.22695037 101.93408063  36.37520713  33.28753992
  52.76886423  36.16185642  21.24497784  19.74872484  23.9903264
  24.31784214  28.37169168  36.59324277  59.39901293  32.33622877
  43.70654316  86.66630996  85.03178419  55.64206033  51.16554204
  54.71103256  37.92392425  33.86048173  23.39760284  26.69435709
  35.25556063  70.44491557  30.69667846  25.99253213  22.02950412
  38.16621958  42.17309067  56.52698617  23.26238624  35.07925882
  22.12156853  72.97141585  37.37994361  66.84693318  44.5680017
  40.31061469  32.22849746  22.64168202  47.33210155  27.97897481
  17.17462031  41.25089084  70.48045887  90.86310002  62.29793581
  38.3751667   29.09189879  54.58132107  63.44970032  72.55200401
 113.56925191  67.84175081  60.57484484  64.75949196  37.34232016
  30.66979404  84.69508829  58.67805276 114.35802214  23.39597693
  80.52232784  41.60180378  51.95978779  21.3991749   42.34383079
  84.1144785   23.20935857  50.63657306  28.55557931  51.93417217
  88.42976386  28.22664516  55.19121757  30.31912618  19.34417667
  51.30717796  29.90058115  46.0467803   40.73533087  27.99926683
  27.29432743  20.96628314  28.64695305  18.61344254  78.00256534
  27.01786929  53.82330275  30.01009282  18.34479154  28.36975857
  74.74753412  21.55860917  37.98422384 110.21974149  22.51151671
  29.32190216  37.43098863  49.37595295  19.97862476  60.53499145
  63.90732688  33.53102154  34.24807824  37.74029155  28.99691297
  48.38135927  24.53062463  19.26524789  87.95685667  67.36925973
  17.04966925  27.46910901  46.91790652  41.06307758  37.31347783
 108.6286333   53.39227573  28.73168402  23.76187331  43.2280219
  34.16276825  38.15889164  79.3896946   47.89336801  72.68394981
  21.82534887  58.23572013  65.88177037  57.28610173  43.9158728
  47.98408004  67.54908353  32.58848842  26.95893718  23.12464579
  25.08989937  32.35551115  27.19675578  16.6776271   36.30938157
  51.34004148  32.99515777  25.1297042   28.63677932  42.87427965
  56.40372407  96.35293658  63.02615041  34.62345738  36.4063389
  32.58136744  22.76504503  42.52996612  36.97834872  53.26689535
  92.95522287  52.622633    46.13993839  54.10201521  43.53740694
 107.08400028  18.64537827  22.14473453  40.90914551  70.46117772
  36.75874173  51.4758075   55.72093071  20.03261934  36.82839758
  21.28158361  58.42173698  63.12293674  56.02765747  19.24755186
  48.35428312  63.10022611  33.30117779  49.17677477 132.98020326
  95.53290447  69.37316031  36.88808543  26.9001919   26.3445396
  33.85551751  18.7464335   22.04992464  13.20815447  43.04630535
  29.44650123  27.1646003   34.19936196  97.34428048  20.58421871
  45.1836831   27.64512557  32.63381728  51.37928204  21.02612617
  77.59822332  26.03817521  23.33032142  22.19361298  32.55163754
  72.16887036  38.81120808  15.90301648  46.96477746  49.6144006
  20.03012797  45.21980577  36.56387745  30.85593661  21.87661558
  20.94364748  43.09330726  31.84399597  20.42462637  45.59433158
  19.14495192  80.76692791  23.428887    47.65312052  39.28061944
  25.52217692  36.2122248   20.59124426  46.07499287  40.0329473
  41.00102551  25.26439925  45.23296433  27.77783731  48.28512509
  49.5527632   21.12097983  38.22567939  43.54092388  45.52233321
  22.16567521  22.25482998  64.13978899  75.06967336  46.93140972
  89.91275944  75.75534857 116.01550874  24.25374326  23.85692185
  23.17255752  22.49325759  40.0691011   42.13730657  38.24246378
  42.30378334  34.91605943  19.75464412  33.62250011  57.48694962
  42.56613375  63.5875073   20.42114407  30.28246513  41.38687041
  81.42266642  65.61381511  47.65187737  95.88895873  52.34125571
  65.15830641  17.08139513  26.48718184  29.53799844  61.13454006
  72.57760114  39.66340519  66.79140733  23.30127314  28.26630427
  34.07561561  79.41481586  43.66158706  41.27157721  25.31212787
  16.92905416  46.49155419  28.92647608  80.3554278   49.3037378
  22.3983738   49.87463142  88.56558779  26.87127541  62.61367462
  54.65182078  52.34232535  27.85411685  47.48028     26.09130307
  26.15478977  37.77306511  37.2905809   52.02458563  54.34076178
  45.91656017  54.83339838  30.42757989  67.51776074  39.5395459
  21.93110612  26.42311179  95.4202794   38.37774234 107.00961949
  34.11722432  31.63440798  37.1247138   91.70461553  64.3510452
  26.36268574  61.04726966  61.61993668  48.89467591  39.3844776
 143.63269549  60.91702498  44.0826911   18.61906663  21.34105883
  24.91480567  36.88730976  27.07398604  79.97192115  92.08561955
  21.39706772  76.97052099  31.15000694  38.54758363  21.97420985
  66.0573372   78.59785871  24.29154255  21.04051528  59.32447889
 131.3241118   71.80134361  28.92470449  64.57543164  64.98428208
  50.13039262  28.31606735  66.90208059  22.26409406  49.47468045
 101.63938812  73.63559081  30.81545868  47.20652679  18.44259693
  37.32976413  28.93286931  27.55921461  36.05294376  50.25542501
  49.8398299   41.01543016  21.60180862  19.89247465  32.6163076
  26.27834412  31.75089919  33.09173234  56.45683241  51.83593273
 121.92358575  42.73039616  68.1406906   24.53473802  57.30622931
  23.27637111  83.57777438  25.52785027  82.81342463  71.01151855
  44.76434452  71.48400423  73.80129814  36.2349252   32.93854286
  33.20847069  69.78456681  59.38038227  32.40185184  12.92862994
  27.51550197  23.95085407  62.24703739  37.46204892  34.0389741
  18.37654691]
Test abnormal scores: [ 41.45820357  68.13265053  85.11634466 ... 109.98811338  42.89300059
  65.62713608]
