Logging output to: /home/guest/Thesis/MotionCLIP_experiment/results/finetune/allSplits/fullContras/NTU60/anomaly_results_dressing.txt
Loaded embeddings:
Z_train_normal: (3019, 512)
Z_test_normal: (754, 512)
Z_test_abnormal: (10591, 512)
Normal classes in training: [15 16 17 18]
class 15: n=756
class 16: n=754
class 17: n=755
class 18: n=754

AUROC : 0.8534
PR-AUC: 0.9852
Threshold (95.0th percentile of train-normal scores): 26.4600

Confusion Matrix:
[[  139   615]
 [  193 10398]]

Classification Report:
              precision    recall  f1-score   support

      normal       0.42      0.18      0.26       754
    abnormal       0.94      0.98      0.96     10591

    accuracy                           0.93     11345
   macro avg       0.68      0.58      0.61     11345
weighted avg       0.91      0.93      0.92     11345

Train normal scores:  [19.22683766 15.48009673 26.40901642 ... 25.49825496 22.24611007
 24.94404852]
Test normal scores:   [ 52.82009947  23.32736854  40.96980971  39.20778223  24.14886792
  38.77518596  74.89280239  36.78027575  82.39040204  54.55439188
  17.3686688   31.97639102  22.24031363  50.69718186  36.60547595
  30.5671704   78.09859593  48.36154971  35.40092766  26.31902885
  23.73853333  40.75261015  53.43333941  58.88174768  44.82695995
  36.31787397  98.48177678  43.12054826  66.08223235  33.37839906
  45.6401141   47.5427851   41.22458114  34.33806876  39.04981768
 152.50600048  66.42536879  25.68772181  18.62056197  27.53372778
  24.1987358   29.2217592   29.58029153  50.3756149   25.20823494
  49.72881027  42.8773738   34.50731483  34.46244956  30.10810272
  37.35613525  27.19974104  39.77028177  28.30063504  23.60603431
  25.82552482  67.70623865  33.41193885  49.91588821  23.25985731
  34.91187292  35.01566908  54.54739655  38.39836846  24.12858147
  90.45776289  51.42036805  25.53739609  83.79613278  40.10340037
  25.11055762  25.40765343  50.3575033   33.72395246  99.127429
  45.02009295  32.59734717  57.38508415  71.53942554  19.4822843
  29.4223563   79.6974552   43.12641315  42.05453568  33.17325955
  54.30162565  30.15419816  26.86698235  53.16418544  67.21530096
  45.36995341  45.74634097  20.9699594   41.71382586  27.25860205
  89.76734721  48.85915584  47.11369947  21.5505872   29.09169652
 128.18828491  31.91072814  44.51346464  19.97036829  26.3555555
  54.87287034  28.00206215  23.90700015  39.75948697  48.68408963
  55.38063258  69.16152942  64.70794091  30.49865923  24.48314732
  30.24460163  55.06506495  40.00700398  62.83076629  22.45871267
  18.43082478  53.7919807   45.23146755  33.76021272  18.99442227
  40.47403724  69.34001904  38.00840085  21.42064711  50.50885025
  39.80024533  32.07150989  20.8014586   28.83947167  19.48288365
  30.64825892  31.83692173  37.2429482   27.95860162  44.80762179
  24.20966279  25.44589657  33.1150971  101.14443774  29.08159852
  20.39129311  61.67931977  26.87478986  21.74183882  40.94666466
  37.75440148  59.12805879  53.88989875  34.42355447  45.61139904
  49.18022248  74.70667926  45.59967507  36.26149734  45.55621564
  45.61539257  45.67590881  48.58091808  30.70879553  43.4439275
  38.62076533  27.53707854  27.60391193  42.53022277  93.25839852
  25.15812163  72.19811827  35.44661478  45.283031    28.32590426
  67.55578657  33.01284326  43.59108226  42.04245142  79.84284721
  47.85261366  74.59533622  23.4605649   45.16792692  22.31152001
  32.71444194  26.04984285  19.3931919   46.05801248  32.97194384
  30.79914881  31.15144389  79.6770678   57.13722504  62.21713715
  43.61687303  57.30530372  33.0411969   23.18177354  56.45719186
  55.31471108  33.74932207  28.3284999   25.76238894  44.74972625
  70.36019108  99.47932475  28.79725628  23.04769546  44.30222599
  93.25824123  52.77922285  35.25447299  27.1299615   46.2280317
  25.04343377  23.27818008  71.96872472  45.89872303  33.5138958
  49.65535045  34.80130138  28.75978077  54.66348027  65.14451076
  41.42852446  20.72566733  38.73016158  48.17451754  50.30393829
  22.16610184  21.81519667  63.91971179  51.26294183 143.21088319
  25.46137559  22.76353088  36.03906192  39.4281473   29.83831574
  54.02253043  37.33408369  44.69042689  97.17029092  95.56668353
  69.65765018  88.03443848  73.27151068  45.42237115  60.0953002
  83.80526346  31.26790695  22.04544291  41.58323146  16.57493231
  32.93455724  40.60464682  94.21610765  26.87322485 108.16308261
  82.4650673   16.82325298  29.73120654  80.24646081  25.6047881
  20.78826662  32.65093375  42.33488723  36.49024261  70.9191832
  53.65006973  81.76794769  35.08250651  33.8370082   41.06395584
  17.38730024  46.1636761   25.52554299  50.54959378  36.72276079
  33.89398509  64.16598245  39.91022626  29.92887733  33.2948844
  24.91550809  50.1797041   32.78954353  53.43584421  48.8664093
  47.73329075  36.44574551  47.76386877  33.58983584  73.20917306
  38.11342237  47.95241104  33.14707351 103.08876893 186.18292852
  22.87361787  51.93862461  36.52204912  32.39476256  27.73987762
  48.99647486  74.55433042  72.22011093  86.870781    30.12542609
  46.25490858  44.4888902   24.09714106  35.45595848  42.5816412
  47.07804719  79.12145478  53.97385119  61.65781132  52.72661435
  69.22770228  23.91189915  78.99418401  33.33173619  46.70059908
  63.75780748  34.06902444  82.71530208  67.38465587  48.23904216
  61.14691228  87.51024793 107.70925922  28.6303352   47.84738929
  64.56980232  47.83099327  17.02371548  28.51726566  20.00331668
  19.59305537  34.30979496  54.72063283  21.79815418  70.79407439
  67.31936809  18.44235421  27.35309951  40.23005508  69.18356528
  47.56534696  53.84866334  48.82005223  70.04966312  26.19906144
 143.58921418  58.99450824  51.09538427  38.56425042  38.4977923
  53.75263555  32.47419825  49.19091905  31.39035737  26.16134819
  29.90580059  97.41840066  56.18926021  40.1363351   65.64381978
  29.09045783  89.62939181  21.75466716  41.4916342   37.50869417
  45.43855456  31.29823218  43.44011233  29.41021192  42.08863138
  28.5268257   61.9307126   51.96829556  39.12711133  52.74144499
 121.54622422  60.94398606  20.34503303  54.44412936  21.25265422
  42.75357047  74.174443    50.9637503   19.2053038  112.42049297
  29.27182037  52.48941793  41.47349922  34.76092467  34.39987617
  35.09343591  95.86150866  30.53517637  34.2405875   19.6512755
  38.38196165  32.97997354  71.00314782 103.04345221  28.28479754
  67.74634049  59.27304459  27.62769631  54.37775058  25.46481233
  92.94460444  36.91414446  35.06807871  43.45238955  44.22330892
  41.19268919  15.769541    35.24044663  49.88735708  49.10749019
  18.22292196  23.12588877  78.06985389  28.28106585  26.7173714
  78.5870166   31.4744164   26.20906674  21.78458234 100.99849281
  58.97285532  77.19957807  33.91909923  26.67329254  65.06116506
  64.97329754  39.80020058  51.53808382  32.09631924  52.32548343
  29.28040441 107.95466063  47.0398729   44.73885586  39.90158701
 120.6211135   74.25222096 109.92897109  37.07527735  67.73907818
  32.30181148  41.85914709 125.22755042  93.99057345  66.32464136
  37.4205138   17.47710186  78.7509034   31.6876928   23.94449026
  78.62651423  33.05074042  52.40776105  46.28917574  53.81665498
 126.1566893   33.7799009   81.1427343   21.03152434  19.83993577
  61.19054587  93.24181245  30.69680269  96.60578273  37.75011047
 132.0059656   19.35366087  26.44171376  70.0757714   17.7868014
  47.55794775  22.39922135  41.64974419  41.07013479  52.86138763
  77.32636463  23.68850586  66.43502068  33.3772698   29.8941233
  65.44246419  38.01127374  26.84283216  22.54943808  27.56320197
  21.56260825  45.63007225  23.51748261  47.23625573  56.038566
  30.46306525  28.76037137  15.51101342  48.85489403  89.42198136
  46.83053023  36.55577726  26.53600708  20.66993467  35.19122042
  78.66543095  26.08645699  77.76433822  50.2384746   21.77469312
  53.7476561  133.16797524  70.19381475  24.7504072   34.60345737
  34.53274936  72.16112074  77.07674535  21.33420773  29.8039873
  23.37140119  96.08007663  24.01307745  34.45246009  31.53022978
  30.69184316  28.04554687  53.98672515  76.36307362  33.69100636
  57.64621261  38.78504376  26.28014702  44.31428592  18.98958792
  49.48897413  15.43337147  21.71859879  28.86757981  44.02729419
  65.81099558  38.47152381  46.32987099  87.58546532  32.32665278
  23.69620445  29.94153293  29.02630684  38.25435053  56.49887631
  15.19000268  74.32038702  49.54926216  32.8486326   39.67287147
  45.0472453   54.02021754  32.38214914  78.51182776  37.04813412
  33.75776814 108.34704862  25.80260377  33.58159035  36.51156762
  39.70136783  68.0553225   19.38310198  32.3070172   43.43220499
  34.46841514  19.08104209  32.7182714   48.58290992  28.88781586
  25.91498392  19.71414357  35.57064325  73.16189534  40.13231104
  47.07999047  44.90871855  40.31541755 126.80828853  46.75927
  90.6392164   47.70516001  48.15122905  32.41938329  21.41648301
  60.63224021 106.60082416  39.19128247  51.01550509  67.43475244
  74.01646046  40.46595386  25.06190628  25.67476088  56.40945269
  32.3729471   22.93079603  42.16337798  57.05535195  56.35275656
  35.66616995  28.01351828  26.31728936  25.48239161  45.76184815
  20.71180947  51.95843822  28.79542353  63.38977904  35.47757127
  39.55612535  35.20734498  26.78275657  71.1659353   32.09493734
  17.38882938  25.33920464  45.18361062  19.37361753  97.8915972
  24.466835    68.61833782  35.65596313  44.76596735  33.83609134
  16.41746392  28.45816349  39.44978596  27.3243781  101.38278803
 102.22220029  39.8126757   61.97114715  24.82618255  37.57752817
  73.93874037  63.00003696  66.29115328  73.50526991  38.87319583
  44.07679935  41.87702126  52.10509506  29.41072845  27.12928676
  44.65511107  42.52367981  50.86545335  51.64844615  27.94031715
  28.19096174  38.23130055  56.0350079   45.4205517   21.13645778
  18.44811875  67.48800337  72.87789355  75.44406882  38.50051868
  24.96420096  18.14590484  37.04885101  73.37406734  16.18496735
  62.00822983  19.42330349  45.09177612  54.1502376   28.2107693
  31.3848769   47.92164793  89.65874838  37.94093216  47.24592845
  71.08348377  21.38277213  35.71332826  71.91259475  54.82739135
  34.79342873  43.14727489  53.87100161  36.86843114  19.18146431
  75.20715974  40.05168892  44.75599019  45.93500501  52.40897779
  25.92897103  41.51592333  70.85192771  19.93688607  45.20263541
  25.95252929  34.74341134  22.72881707  48.25684802  71.2905611
  40.39470164  78.55400942  19.03562782  56.74983309  48.86987476
 158.16352372  26.36285776  44.52705105  73.5480899   77.4112317
  32.16821335  47.34423724  26.56734297  57.29509905  35.0631001
  43.82255443  56.82288051  36.68632641  88.19216479  25.47509745
  27.47542235  28.96032305  88.65777616  49.46738603  32.27747709
  21.839847    43.03499557  49.6505791   34.84248725  26.1982927
  65.53516999  42.56978181  32.00729156  50.33732812  28.92570391
  44.91505024  43.0975308   44.43633587  41.66962219]
Test abnormal scores: [109.30431711  71.83520711  34.27164097 ... 122.38629531  91.19337641
 141.90665878]
