Logging output to: /home/guest/Thesis/MotionCLIP_experiment/results/finetune/allSplits/fullContras/NTU60/anomaly_results_random2.txt
Loaded embeddings:
Z_train_normal: (3021, 512)
Z_test_normal: (755, 512)
Z_test_abnormal: (10590, 512)
Normal classes in training: [ 1  8 19 56]
class 1: n=753
class 8: n=756
class 19: n=754
class 56: n=758

AUROC : 0.7197
PR-AUC: 0.9667
Threshold (95.0th percentile of train-normal scores): 26.5307

Confusion Matrix:
[[  161   594]
 [  290 10300]]

Classification Report:
              precision    recall  f1-score   support

      normal       0.36      0.21      0.27       755
    abnormal       0.95      0.97      0.96     10590

    accuracy                           0.92     11345
   macro avg       0.65      0.59      0.61     11345
weighted avg       0.91      0.92      0.91     11345

Train normal scores:  [21.17330037 16.78005943 23.89202445 ... 25.02496757 26.60428069
 16.33499228]
Test normal scores:   [ 43.79182951  25.91497633  95.89759086  18.44613603  30.49278976
  43.31089211  35.875958    37.41004396  46.38090885  46.94669013
  59.09629622  18.21211527  37.16264771  40.59206566  23.9439648
  25.81264971  54.06211397  25.45320313  50.32560924  39.33668624
  29.8531255   26.93157314  37.19785978  30.66759258  63.48628176
  35.90794586  60.14715758  18.58887186  39.33597679  59.15182812
  45.17457576  36.75079644  68.81454952  39.71774893  25.16491689
  52.9164857   50.9907351   58.06267594  88.77020644  29.61257601
  68.1948197   43.9258896   27.55119506  41.79177539  34.99066457
  46.19661449  23.46822881  30.1740021   71.25279683  15.53801177
  35.81627903  62.9177113   23.42677275  53.55311333  25.27340672
  29.9140718   15.09500882  73.65671401  36.07152957  50.89226502
  68.04816971  21.64611635  28.56753552  36.93308203  59.87348838
  55.1808746   45.53022979  20.64039524  34.72690931  17.31121979
  24.59940337  57.74004022  27.78452328  41.25055707  20.00708834
  29.98322774  60.68655117  31.1027808   24.72539139  60.39629529
  58.62538274  51.8619672   33.93041916  52.5217618   61.26489006
  41.37594173  17.10555834  82.11843378  48.18015473  97.40110343
  31.60112463 108.18394164  43.94074073  54.73883858  42.0874584
  61.24440414  28.1135482   37.17715364  73.72280125  38.61775453
  95.86629039  20.26761173 107.29895315  33.85527473  50.5648898
  67.02517379  46.48430314  21.11022007  61.58872794  65.12180581
  36.93524021  30.75972696  18.44718072  36.70751693  33.31210316
  23.3030413   53.19032392  48.21045607  33.90126011  31.11065053
  34.84628872  48.13693807  40.52867157  55.30845213  25.95223381
  74.45969879  19.80228777  31.14241573  53.64756286  62.89073583
  23.47966282  42.04296335  26.57873301  22.1861273   47.75488134
  27.8682101   31.43152394  37.75610208  59.44016275  85.56095444
  78.99908798  66.59627552  58.26426691  49.72369544  25.32135327
  16.60019177  66.08800057  19.86720744  19.57345671  25.33525945
  48.51414299  23.46236243  29.32040993  30.21873171  16.42421836
  26.54201377  18.32971862  22.56346526  19.87556699  23.47112017
  45.16674997  15.220784    16.09107757  24.1538651   18.73761756
  38.43276416  22.98040255  35.58846742  56.39695826  27.13522828
  42.10663106  35.87189326  41.17650028  52.47393635  72.70129157
  11.75499107  33.30074935  49.54602254  28.54300284  28.38234447
 123.27221001  40.8658995   34.21167459  77.0606553   30.19176943
  84.23622385  49.27472918  49.79727858  63.58521412  23.72193855
  37.11955295  17.07318078  33.79149559  69.5065592   15.34123164
  44.87054453  21.42144011  50.0476571   99.62205324  33.05250626
  51.4056964   30.01411125  48.34111751  92.15815257  41.63744332
  25.49554275  43.94627428  86.82873064  32.55461562  49.1751454
  25.82401767  49.27022962  49.10548699  87.31834442  65.6773332
  29.41817627  47.01980574  25.17907833  48.96378456  25.47049348
  21.9827405   17.87369287  53.61497389  45.68894835  68.94026271
  35.6179665   42.41967216  75.63679275  59.11635668  66.80583419
  35.85418726  70.57916732  45.70761995  64.87396463  31.07231001
  42.049988    31.44503968  38.11750204  17.16848588  36.14143056
  43.0694759   23.8720056   22.71237106  25.87434476  67.73695917
  47.10893348  43.90334645  37.86008209  15.86979417  40.02280544
  71.83128956  36.41671657  42.40162177  62.85329134  24.38210309
  28.48245905  30.30838092  41.11500854  46.85049505  21.44292655
  38.80785383  69.69093785  54.46447321  48.44369942  35.38564105
  21.20577562  45.68290352  87.284909    24.61836669  20.09515501
  61.3945855   55.9234677   43.51401574  87.2550734   27.99854834
  25.12621822  55.82433257  28.14594451  21.02554532  65.90044983
  43.89406514  81.87480019  36.72610057  48.7046974   57.60949303
  29.59279172  59.66712221  60.58541394  46.58926563  29.79199166
  13.2796387   68.20759816  52.53912743  35.03493953  57.88319611
  26.6255779   88.5254001   15.34720597  87.24493911  40.04975283
  30.27942727  27.56536083  43.25096765  67.20484713  37.87352489
 102.64014597  38.36818035  35.74452115  43.43567571  37.53321556
  84.38020659  24.7451605   64.54200811  47.60299585  34.67710087
  24.54792531  50.81220004  95.80091093  47.21371817  92.60906754
  90.24654039  23.90774651  45.27399177  23.69367008  43.91220909
 101.78254463  28.49763248  46.78784793  86.8249359   31.91986928
  52.70309546  29.77142279  52.6164144   53.29518942  53.77281827
  34.35448714  60.76784366  22.12741334  20.89010217  53.17769848
  40.13579889  24.78122555  12.37932999  28.48183089  51.72089916
  54.730717    28.78966864  43.29975466  14.61686384  32.19102457
  27.09739137  88.26289273  44.08633592  51.13159739  31.28003866
  47.35320653  29.20724946  93.24092631  59.39080083  18.15847322
  17.19959454  28.01041654  19.32337358  13.46231561  42.85592949
  28.65517159  19.11034921  82.18398264  29.42213915  50.36898108
  38.27158881  28.55174302 114.05529116  18.07547496  42.26294495
  77.113765    41.75707633  40.49859239  50.33278496  80.64456346
  17.05439685  17.88339162  44.92444298  47.3181271   41.51957876
  40.83771175  42.11072052  16.70051228  43.44648147  65.63778689
  48.0546799   44.45276718  30.14447588  23.34543832  79.93410353
  46.42117252  79.45321241  54.04873741  43.76281766  23.40918809
  54.91375499  32.8696515   56.02627302  40.91337641  24.54633807
 101.61950455  94.37754931  45.91947059  25.76449349  45.55288755
  15.1641765   23.44265997  46.9896443   74.82546691  22.52334702
  16.47576843  32.25447897  43.42726688  70.44589497  33.08833202
  65.56661537  69.88955867  76.4724464   36.94666135  17.12568154
  28.24424561  58.9689608   50.67916325  36.42728365  29.72842039
  84.20788358  30.2200535   38.35399728  54.69311174  46.87462548
  76.71984034  44.66086137  75.83314745  40.22600976  29.05581834
  59.90739669  43.85016934  31.33635072  92.94525596  37.87441987
  35.08524948  24.38679472  25.02972289  18.70089925  20.01095687
  38.0863657   29.75163488  18.91024432  20.02150156  86.5607324
  38.10370873  36.21473061  42.87478777  87.82076577  97.82868347
  37.40695963  32.8077297   36.62876756  35.57103627  64.67914446
  22.06739746  28.53133709 103.76843065  23.16620632  53.99020335
  42.7170735   28.86233871  16.85602014  44.35136967  54.6453126
  21.83752891  23.94009191  43.62652289  40.5919824   33.67718393
  22.56296813  34.95653755  33.59329865  18.6351774   83.06412849
  45.63753494  99.57499352  30.54857889  55.24067201  78.20586037
  22.14767702  19.24268956  45.45129702  25.93419779  24.11134868
  28.22148815  53.00899311  50.54914126  54.88029303  38.30721606
  51.90955242  74.38849858  30.33228119  72.78704421  60.36089075
  41.35884055  50.67218966  30.08706114  32.30359084  67.44622269
  41.86273463  28.16443341  20.41363369  29.46399859  53.51053394
  24.54669959  29.19287137  27.93912009  37.10433779  29.40510894
  30.58446425  29.39189809  36.39218507  31.62468914  41.21818216
  14.89518141  95.5439696   32.5433836   26.30286048  73.92184343
  82.29936126  25.93024351  28.00755426  51.27109624  57.4384773
  22.76409163  72.43006733  13.50659977  19.35828882  82.95125985
  71.11950821  30.29980698  49.66046335  62.84943093  38.09911617
  31.98712826  71.60736094  46.28724957  54.05956971  63.35904263
  24.40268628  60.678708    46.52195291  36.43481945  36.79371629
  44.40649663  33.27260537  15.23880368  28.66653628  49.02989043
  28.93788458  67.54762296  44.14199725  55.74890907  20.83970496
  33.48160321  45.90661922  31.06125958  58.80839749  66.77007734
  64.0221624   19.56760467  64.75990838  21.62372895  79.89630335
  77.68003687  28.70090163  51.43732433  62.15681115  53.9050922
  16.64457184  34.98632607  35.08809163  25.20284215  28.59984315
 111.3854938   22.90087843 103.89438293  48.46723414  25.64554775
  42.61498811  18.01809419  57.99620328  64.41595086  49.85574302
  34.75800977  21.72665905  29.15499094  47.70281876  23.54063004
  28.37412195  47.25567755  53.43498715  17.76336137  16.89319459
  36.3237915   20.63291719  62.34498849  29.28909242  45.71434241
  24.43874009  76.06842503  26.48332693  34.94031348  59.19162405
  45.89580382  58.46448229  42.00164015  37.31307061  55.13440476
  30.13250522  38.05623896  22.89559925 100.4333526   64.6841428
  31.57831376  36.66231199  78.04818372  91.21679706  79.54980368
  57.22535686  22.57544665  30.46972909  76.1396363   53.56928619
  88.67255754  66.10237185  17.48456459  69.05149562  81.846494
  54.56308587  37.16493539  29.46248326  50.14200567  53.2320365
  82.0550755   48.63922164  77.17454294  24.36058921  78.84717125
  28.79413127 105.29441315  68.44567694  24.91646238  61.85062978
  35.53957811  91.43371107  54.28033137  17.69603016  20.93541145
 106.63287018 115.55487758  70.73694516  39.54261126  29.64161339
  25.76046961  45.91100463  44.87811192  24.60421383  41.47278256
  55.21870243  36.33768007  75.91398297  70.70294761  27.19344357
  64.17650936  21.22354666  30.70957066  46.53825561  43.58145942
  66.81967962  54.30525706  64.06465802  41.12543883  90.11625983
  33.81539042  58.25921907  60.05801845  30.4226654   53.24353972
  30.89306207  45.94954896  36.68732692  39.187056    43.14562316
  28.51699625  36.17349895  66.20380878  36.21619557  14.6118853
  36.77809351  21.3815982  177.29761013  32.69938971  49.70659494
  26.81513221  34.16389548  74.62202629  48.97727214  19.51200345
  60.66377963  23.6502227   48.90883271  24.40737917  27.11150008
  24.72757149  20.46438072  39.08178466  21.98005283  55.5259767
  38.09280879  36.44149678 100.57693201  28.99489267  39.91981458
  22.05810871  36.74798342  92.20624869  33.74617444  26.93078953
  46.29671989  64.54932697  28.23168045  60.7643864   27.03079399
  48.34782719 107.4151689   66.04012956  44.41713993  41.41593362
  27.58036328  24.73811499  37.08019414  16.63038288  25.04243564
  47.66168543  49.78336328  41.42724417  56.57424205  91.97387819
  28.89371021  47.98653687  49.087719    25.54964769  61.38799308]
Test abnormal scores: [60.63287607 49.50793239 85.49514781 ... 82.69661749 28.9005279
 38.48766706]
