Logging output to: /home/guest/Thesis/MotionCLIP_experiment/results/finetune/allSplits/fullContras/NTU60/anomaly_results_handshaking.txt
Loaded embeddings:
Z_train_normal: (3032, 512)
Z_test_normal: (759, 512)
Z_test_abnormal: (10586, 512)
Normal classes in training: [56 57 58 59]
class 56: n=758
class 57: n=758
class 58: n=758
class 59: n=758

AUROC : 0.8426
PR-AUC: 0.9857
Threshold (95.0th percentile of train-normal scores): 26.0610

Confusion Matrix:
[[  124   635]
 [  278 10308]]

Classification Report:
              precision    recall  f1-score   support

      normal       0.31      0.16      0.21       759
    abnormal       0.94      0.97      0.96     10586

    accuracy                           0.92     11345
   macro avg       0.63      0.57      0.59     11345
weighted avg       0.90      0.92      0.91     11345

Train normal scores:  [21.17330037 24.09032152 23.89202445 ... 24.97543917 24.87044647
 26.56448393]
Test normal scores:   [ 43.63662573  28.83283737  35.11193209  49.76052273  43.31089211
  45.3107335   35.875958    37.64494001  47.78601234  35.61861752
  33.29603549  60.06675469  22.53190833  83.32373824  17.59109977
  65.54956976  30.07126372  19.1874972   29.69641072  25.81264971
  47.33818962  45.27005847  35.68023592  39.33668624  26.93157314
  74.80883973  79.23813166  37.19785978  30.13709979  30.66759258
  39.96914697  67.95970146  60.14715758  42.955122    59.15182812
  32.0232646   78.86592512  29.08322409  24.84161144  42.75214866
  15.58863009  16.15360952  56.03931852  16.44109353  50.40227252
  25.16491689  29.42660773  51.53896243  35.22265611  47.05780674
  28.1183965   48.3007309   52.86398542  23.83495114  41.79177539
  23.46822881  31.84482324  45.88240957  42.79922297  18.57616797
  36.27608982  20.85038409  23.31505564  32.41119936  28.45015597
  32.85882204  42.72716992  33.24004328  56.18293568  42.44759503
  56.74453984  24.88674266  60.8156789   40.132067    33.88153041
  24.59940337  57.74004022  75.41099599  31.89795704  33.69427007
  50.41690617  41.25055707  38.24907238  28.46731587  28.18821507
  29.98322774  50.16029039  31.20063657  18.6027729   51.8619672
  51.11689783  40.60439049  34.46162025  78.20291667  18.13688044
  65.62168801  22.23751719  47.89362959  22.23560105  29.90127116
  24.96462057  39.28853585  28.9993542   63.53599677  43.94074073
  35.3242239   26.12077505  61.24440414  37.17715364  22.56230107
  42.04840699  37.63681151  47.43476374  36.1823299   33.96222043
  34.20383963  38.61775453  79.62986334  38.16298774  47.45643583
  42.23318908  41.65308747  50.13252336  52.50230512  44.06661492
  61.58872794  27.34677283  27.00913588  41.86502592  44.89678192
  54.25933121  36.70751693  44.64863871  51.63855355  39.65459399
  44.75803708  33.90126011  33.60484051  40.52867157  28.26595704
  21.17916204  25.95223381  75.05691906  65.14543934  59.56464944
  41.66342981  38.23626613  39.88579579  32.32278926  18.41199118
  53.64756286  55.95828801  19.63743923  41.95678468  41.5452225
  42.86336598  47.75488134  26.17602904  31.43152394  50.74067991
  83.5744192  101.28870851  33.56411067  20.18131735  43.21645324
  25.32135327  51.19199419  81.66350381  56.61444181  45.90593632
  45.8784747   34.11710404  26.54201377  43.87577497  46.8058321
  30.09403534  59.15265118  45.16674997  30.74991336  24.1538651
  59.87728831 107.76248148  54.46288969  72.18760904  93.63174178
  22.98040255  50.76617592  33.28042629  27.13522828  31.28515174
  45.23320833  35.87189326  41.17650028  52.47393635  32.26818516
  29.03734424  44.17394564  21.57485714  28.38234447  37.1288934
  38.76868867  34.21167459  31.35416065  61.70671517  56.66830969
  49.79727858  42.42764952  45.73712978  77.0827255   20.81613095
  47.45907332  53.10678231  31.16238413  41.47058978  32.41047069
  22.06287995  35.91070047  22.02015386  22.50068524  47.5597637
  44.68375238  46.05341117  73.06190243  41.63744332  36.70957522
  43.94627428  48.66018555  26.05433029  19.1095332   21.47465291
  30.78604524  29.15406035  49.75073247  33.94289001  50.7368725
  42.35305392  23.39444485  27.50706024  32.5110557   47.01980574
  23.44688599  37.05961796  45.92832747  29.55704624  53.61497389
  45.68894835  42.41967216  31.04318137  24.57755053  46.83118628
  54.20932413  24.04526107  35.31614915  17.81905793  42.049988
  35.7153635   42.6924628   31.51572124  36.14143056  37.75497432
  43.0694759   23.8720056   58.68989822  25.87434476  23.13943959
  22.57247398  47.10893348  30.26127448  18.56833301  53.31678031
  25.06337917 107.21401617  37.64980473  28.48245905  29.42204247
  23.55184424  53.3038235   25.51432704  46.85049505  71.23592444
  38.80785383  13.82582613  28.13707069  48.44369942  60.08420552
  45.68290352  36.16491627  43.1570947   22.85317047  61.32614515
  44.35169905  43.51401574  27.99854834  70.89834873  54.61707185
  48.93776306  36.72610057  48.7046974   58.43413581  44.85000849
  29.97991627  59.68174502  45.24556298  29.47575261  60.58541394
  46.58926563  22.51479301  32.64181024  29.79199166  44.62204754
  24.47468988  52.24084252  52.53912743  27.72470341  21.41269205
  88.5254001   40.04975283  20.97686835  65.02904639  46.62214925
  27.50533727  57.35974048  31.02111777  34.45669982  24.00857874
  59.35111453  47.60299585  28.00627753  30.67869568  23.82470269
  18.5249815   45.05160816  81.19736526  23.90774651  43.91220909
  51.24606214  18.37368082  86.58447097  36.35919614  34.32444833
  46.68307314  24.23270813  31.91119732  22.0909679   32.94091867
  19.55759866  38.66690481  53.17769848  39.58160078  38.30308568
  32.6935273   26.54786992  47.33156046  51.58933075  42.11111984
  33.48701528  42.31581449  50.06305617  34.34964747  43.29975466
  35.92864704  35.35353803  44.08633592  33.92280068  31.28003866
  24.17610537  47.35320653  47.67375731  45.25487573  29.76724922
  53.87994381  20.62323006  29.20724946  59.39080083  33.44597649
  25.52568032  42.85592949  28.53706613  37.01873667  53.80156744
  38.87768743  27.33816494  50.36898108  59.46231259  58.90000301
  78.73958756  70.07328745  38.27158881  28.55174302  22.81188614
  56.77589767  28.4956817   45.14240595  27.89841764  37.70855074
  58.55252548  51.97370848  42.42042458  36.02486747  60.47069845
  41.75707633  42.54151204  52.41900208  19.34564912  68.63440125
  80.64456346  44.92444298  38.10017599  24.93180294  35.60503103
  29.16938977  35.25801853  71.42796154  30.14447588  57.52592993
  19.19675673  31.3346909   39.86659187  54.04873741  43.76281766
  27.31565659  23.84803225  29.16602119  61.2229588   52.54233049
  29.75350235  24.17816266  53.59631226  43.85104287  51.19731771
  37.14672398  41.11445685  45.91947059  33.09056728  49.23771014
  40.22908911  26.62092654  18.09208083  37.07719545  57.33886891
  74.82546691  35.42931162  57.15907927  65.9853799   26.70391814
  38.86635083  33.66671193  69.88955867  49.09811165  53.41237626
  37.06198628  36.94666135  17.81489595  62.11050122  44.06748707
  58.9689608   50.67916325  34.80208423  36.59252265  25.89382172
  35.7348046   23.6078604   39.17339904  54.69311174  46.87462548
  29.25818233  44.66086137 116.03312806  47.52928586  23.51086282
  87.24297287  43.85016934  55.96582885  37.23206218  45.78135489
  41.2538031   50.15202285  41.12005919  64.29745803  35.08524948
  34.98564254  51.82757538  36.71738834  24.03661663  21.33840593
  32.832714    18.44784137  69.89149917  29.75163488  35.3518757
  38.10370873  28.62106593  24.05499187  47.18311416  30.99286089
  29.42968063  39.05135345  23.01164229  42.47884935  27.61452895
  84.9776041   30.77671958  23.16620632  58.26690909  42.7170735
  56.37333082  69.35252616  42.24004856  31.00576618  81.74809499
  51.69330303  38.58079936  36.8631302   23.94009191  54.11887327
  37.86795398  21.87588594  53.62535391  36.01335574  33.59329865
  43.40589815  27.94876495  40.3803113   65.74913758  31.72512474
  41.47739313  51.62262586  46.27294738  34.54757973  24.11134868
  40.09649852  32.54371381  78.73974297  22.62048214  30.33228119
  60.36089075  42.71624816  47.2120195   35.74535194  76.60593082
  41.86273463  43.9735667   19.05742655  26.54799738  35.32388598
  32.71406238  29.40510894  37.18388229  29.6748546   26.65896651
  51.63416762  36.39218507  25.93489496  60.77053471 122.63764915
  53.96812524  55.94662524  32.5433836   38.2389408   39.66845424
  38.03375053  16.87196575  41.26469565  42.57794459  42.17388101
  57.4384773   22.76409163  38.32881032  21.54146017  26.74248695
  43.9116771   34.77492007  31.16110715  48.13577106  51.06948118
  69.71546806  35.54786368  69.22726665  58.3469268   21.75966275
  20.13827939  24.40268628  46.52195291  36.43481945  51.84197612
  50.63050681  28.93788458  31.89165044  26.08591316  44.14199725
  63.60108202  40.00169517  20.83970496  50.02564852  38.66398244
  31.06125958  99.42155722  21.0651707   19.56760467  32.47811593
  25.7889265   27.21512265  52.03192524  41.20347958  33.95467127
  17.45257363  41.62448996  33.99477212  35.9411231   19.97594747
  44.83774704  27.72348457  29.84205799  49.28324226  57.69765801
  31.11854639  34.75800977  29.15499094  60.04710239  28.68219811
  56.6645359   24.47035329  47.25567755  37.17101263  29.28909242
  24.43874009  34.94031348  42.00164015  37.31307061  79.08489928
  45.60881504  58.88644284  42.55983288  77.45457211  43.95306578
  38.05623896  69.37472536  25.47268247  73.60785961  46.53283445
  31.57831376  29.92270327  40.82495153  20.04846021  20.6654245
  39.86193169  49.60831471  51.51076787  49.78718081  33.35380016
  25.1164714   37.00202305  47.35325317  17.34399977  31.17037835
  37.86336876  33.86183039  38.50160386  29.22376754  59.44220787
  35.53957811  24.81624983  67.44373575  21.05568141  46.24525496
  18.93969734  29.64161339  55.1503841   41.57634673  55.21870243
  41.26327031  36.33768007  49.01580187  81.16367089  28.58793363
  62.17648362  14.59046802 130.25931679  41.95679392  30.70957066
  43.80380889  39.68737879  47.15047177  41.12543883  90.11625983
  36.61228094  38.4894744   30.4226654   26.37024141  75.52552876
  52.52447516  27.91204901  39.187056    43.14562316  26.14046797
  25.34557554  36.21619557  32.16774107  39.36146332  68.0018646
  32.69938971  20.41383349 100.75726602  38.21640633  30.89776774
  34.06866448  49.87170572  55.25313992  27.53951764  23.87888614
  26.2097858   22.10431255  48.90883271  16.4285205   32.06820958
  23.55993346  27.11150008  44.74802985 107.45436604  24.56041884
  18.48042408  44.3744684   48.45351205  30.25596225  38.09280879
  39.66221895  41.86010659  33.61864439  46.06921797  50.32203292
  35.85574196  36.74798342  72.1565839   36.34481012  33.90495267
  40.17152488  26.93078953  25.31097644  46.85473858  49.33205413
  27.03079399  30.74028285  39.90967497  52.42947199  84.43593524
  98.30730993  31.74778143  72.87651026  43.45703027  17.15373948
  41.42724417  56.57424205  42.23260499  44.08283969  47.98653687
  88.54738122  56.41924288  49.087719    26.40894685]
Test abnormal scores: [42.26611943 49.50793239 56.89065925 ... 82.69661749 22.92407879
 37.81348046]
