Logging output to: /home/guest/Thesis/MotionCLIP_experiment/results/finetune/allSplits/fullContras/NTU60/anomaly_results_fighting.txt
Loaded embeddings:
Z_train_normal: (3030, 512)
Z_test_normal: (758, 512)
Z_test_abnormal: (10587, 512)
Normal classes in training: [51 52 53 54]
class 51: n=757
class 52: n=757
class 53: n=758
class 54: n=758

AUROC : 0.8464
PR-AUC: 0.9854
Threshold (95.0th percentile of train-normal scores): 26.3437

Confusion Matrix:
[[  140   618]
 [  333 10254]]

Classification Report:
              precision    recall  f1-score   support

      normal       0.30      0.18      0.23       758
    abnormal       0.94      0.97      0.96     10587

    accuracy                           0.92     11345
   macro avg       0.62      0.58      0.59     11345
weighted avg       0.90      0.92      0.91     11345

Train normal scores:  [19.41022691 25.21966048 24.15193489 ... 17.12707191 24.23137619
 11.70336902]
Test normal scores:   [ 46.47546005  67.86291557  18.7095275   34.67866362  40.18378458
  37.98772011  75.04088972  46.92647031  28.34449065  22.6309352
  14.98957231  25.85500235  42.75886595  45.21094705  40.04925699
  58.24186935  31.77794474  71.69416288  42.29596281  64.62581966
  92.14665112  26.25026989  43.76424012  44.07987325  40.49235935
  21.81989768  40.74863631  43.56201278  28.91261415  62.44060338
  18.33048281  36.28423658  50.03465206  39.85809707  26.92976217
  26.98346497  56.4696121   39.16894347  20.8240349   43.02703451
  40.43368425  40.09243498  19.9134746   34.32285143  42.41428658
  42.82637279  46.87924933  19.27610121  24.98408003  30.55269649
  25.34178146  47.6029795   47.1404522   39.32763995  33.56617574
  38.74343203  42.10592549  65.15962828  39.31457285  55.54076637
  27.79383495  60.49926542  45.03980629  47.22405317  36.44228005
  84.91356365  42.76279523  40.98221449  35.20190033  22.00417858
  49.45409317  41.75370261  38.00523734  19.12259614  34.82529981
  50.22351634  46.54918293  29.14585218  36.43007575  34.57123545
  54.98038647  86.65392952  20.39031327  34.77104516  30.92711886
  38.72225408  48.30524946  45.57447566  64.18446412  22.61526426
  23.79696235  32.5995346   50.01319304  16.40764901  41.47351589
  19.48530741  62.30362471  65.56782323  55.43047339  28.6017316
  41.52263761  58.89231326  92.21067906  30.69000982  53.24037795
  25.43504342  25.4226204   33.19756817  28.04650888  61.46005932
 122.8093108   49.94671656  52.87393539  31.31842206  19.9187077
  28.53787199  32.75185934  26.27990326  48.44960967  19.99054949
  47.01927294  61.22460106  24.10925193  45.85271152  50.48275812
  37.60842129  41.79109866  52.70957938  24.4194635   40.64199946
  74.25340063  40.85620775  38.24427388  55.92829976  50.3490403
  63.51708777  31.89411494  35.04820104  34.15512623  38.01830786
  32.31435345  38.62060392  22.07683438  17.17622414  70.17479005
  36.98560817  39.61771033  31.40348423  42.20392405  37.33473778
  32.1642971   36.86416516 102.1196759   41.27447873  28.32408163
  50.4861057   33.38677561  31.64474257  16.90250264  53.69219535
  54.94413525  26.1283421   20.53553196  29.73327809  63.21295002
  43.77573394  17.12334508  21.26895971  40.42131571  46.74230229
  72.26061592  32.97550333  48.32465177  38.33250211  25.22177832
  36.45575031  22.57848834  38.81773943  28.20089778  26.06768
  31.8526464   37.57726888  28.74813685  31.36280008  13.45663395
  28.73494681  73.85419481  64.23708899  47.09653253  48.73538169
  95.3531107   43.8958152   40.17262402  39.67364539  24.46948593
  38.75612563  33.99228628  21.12993567  26.98397361  42.1695386
  20.32364622  36.75367412  31.41386934  19.00814126  18.86126667
  53.37497477  35.46154803  60.32673899  55.90528261  57.06687358
  37.91432887  35.85213111  57.38200787  61.24443947  40.31738453
  28.48714805  42.08203052  21.60462926  50.19025363  52.63440226
  42.40601648  28.39260521  47.57844518  37.17999501  21.02937343
  49.14200017  38.14584762  19.52169667  36.07973344  50.73929647
  31.84643884  51.21651996  83.31199207  31.96764506  24.2189253
  27.82490216  35.66056614  43.00290375  42.66426252  25.7588869
  19.81500117  42.29273534  26.31003743  27.49367215  89.63421526
  60.81973338  51.31298341  36.00844361  41.12682402  51.5441094
  30.85013915  46.58549629  55.03791204  58.99234388  38.28786607
  77.04287847  47.70315843  51.43363569  77.17989495  14.51712724
  47.87188196  39.07467318  30.38189611  36.01599812  28.28854129
  59.12383838  39.91623663  37.69031633  58.48400758  43.40005249
  32.59337194  37.30686693  30.56784861  56.47306101  56.48048161
  36.91091648  25.42952459  41.46952655  61.88768621  97.01446304
  21.57611982  25.53817429  31.25075099  49.03819869  23.3741254
  40.24110134  31.58336867  41.57337027  50.8494243   39.65127507
  36.91340733  23.33302454   9.65986027  29.32140862  62.81334384
  30.81087169  41.44400751  19.18355053  33.66666947  23.61607348
  34.29349537  40.3263202   23.5809534   18.12888279  28.66095373
  29.10832667  23.51263538  33.07836448  53.85111974  31.88318462
  28.0248467   41.01052089  51.49078783  54.23372599  62.11674408
  43.89841506  29.13723832  22.12185138  34.85571328  30.61895173
  27.06129875  70.73983934  30.33593924  28.78095969  33.49723466
  25.46004611  24.00463287  37.58092619  53.79234122  35.5513505
  37.41766892  59.24783315  49.08665639  65.54632657  36.41500907
  45.38430394  21.92867454  73.09416047  49.08776678  37.82110211
  28.57306482  32.76101212  15.41860742  30.81821333  38.74424196
  63.25062934  28.05934881  40.12317766  35.99442361  17.13734408
  21.79081365  50.7193079   16.51148456  43.51808903  39.20736329
  43.04699181  42.04035952  35.97969558  51.88705295  33.3607168
  33.95285372  32.26093721  39.39721311  28.6285188   39.3061082
  54.69854955  36.79029683  25.6963974   48.92120373  57.50328232
  61.46703698  31.44440576  22.06239166  41.16067586  35.92807072
  26.41070405  29.54279722  97.43867852  44.12665293  43.52522398
  60.03045784  35.6771449   83.92170665  24.73689615  53.42836981
  28.54376599  39.14329541  34.50712721  82.49028683  39.7191262
  25.46970237  52.82880528  70.63570176  50.35548692  45.21474393
  42.01768065  43.79071237  36.85538434 103.40893898  42.89365791
  69.20624015  61.51924855  76.5686092   23.12551692  41.97719814
  21.13399473  69.978059    42.49715814  26.28598492  41.79217566
  44.29307398  47.86147504  26.92005555  50.78682706  21.84735011
  37.19220336  23.69572125  33.77013118  20.69358675  30.85198398
  35.30442749  28.78508479  44.44373681  42.55836772  22.62913643
  26.13290248  18.56128715  28.35803768  57.71961168  40.86757325
  21.68315416  63.01464857  63.2409551   53.87990929  43.65850922
  35.82524996  45.19874367  36.98979121  98.66582983  36.91422738
  52.39724784  50.3266231   45.09892644  14.9156747   26.58286824
  19.58554311  55.32505013  20.16971663  56.22144761  24.73274994
  54.07812449  33.41351662  51.71727875  64.17641399  23.23603511
  27.77617389  52.98569442  74.65678244  31.99221774  31.02030535
  47.9690049   35.54070852  54.44712702  25.32873243  27.41049978
  47.90407701  41.32483922  64.75998255  25.0969395   17.53021068
  25.57905009  44.73968208  50.64945182  30.99535031  91.13299672
  47.93460844  56.11273517  34.91915088  28.78225316  24.89042456
  45.62610266  33.66624996  34.31069219  70.45292401  44.01774544
  54.53021788  75.72939836  10.39932294  31.95080182  41.52063369
  46.54381794 154.4978783   69.88573588 147.93630858  19.00773081
  22.18138926  32.44078686  33.13928335  34.21941577  33.18611147
  36.27654306  30.63633904  31.07881957  20.08066453  73.05114815
  67.97351245  12.42867166  25.90231296  54.21768084  70.67830124
  42.8459002   61.49297247  81.74528815  19.925214    34.88398173
  54.55775805  56.91458571  21.54388454  33.81113716  23.74389154
  65.0768862   27.08016859  43.48036669  19.03996468  26.79952951
  29.23935662  66.49131914  30.72224485  54.0975976   36.93430088
  55.80024142  59.55175472  13.25828823  36.04958849  42.20495826
  16.47873398  21.45294705  43.36143764  56.90888435  68.59596029
  36.7882705   46.07463666  38.21640675  23.51295636  71.36408905
  45.96443658  21.45624378  36.52839566  34.87680571  15.78410045
  37.97983824  40.5711203   59.76453196  66.42835949  28.13557094
  48.10803082  37.39723226  18.52765704  39.86813661  48.92951942
  43.18339754  42.11575082  37.5298297   44.33961176  35.4600024
  49.29439187  58.0933133   35.17647737  42.617136    44.14755569
  32.20162277  22.3606799   37.06168278  33.83448801  31.54488279
  18.49655779  31.30832365  44.87440985  34.33349103  17.59181261
  31.66701236  36.07951891  24.64038063  32.73637151  62.89537633
  64.07323679  27.26744628  36.01800146  35.60710847  69.07440585
  31.51374646  30.84397966  26.46853302  55.57845278  40.64872903
  66.59790334  40.98230873  63.13662692  38.55486817  31.46758686
  25.83895397  35.56899388  24.33067732  41.32037527  40.50289037
  39.6030144   37.35617445  55.79242223  41.08654536  31.08213969
  36.25053808  42.32568161  48.2618354   18.37933144  68.481442
  47.56883262  37.23506894  63.79515117  64.02193412  35.26161779
  25.37466065  25.94082935  35.47268006  47.0319817   54.7658357
  25.90699623  36.21763803  49.34426964  29.87469888  54.54475455
  92.55932695  48.00059939  26.33362878  14.77713928  35.12447304
  24.36363971  35.61972048  39.8096704   67.98075484  70.30555096
  64.00382361  46.95940747  33.29675761  48.30318916  55.63820477
  35.00142756  38.82359815  38.77933457  14.65726626  39.95908685
  66.4379596   31.2566642   23.82867576  26.68986903  42.96922841
  32.45974885  14.8572026   52.71252986  36.39612172  54.32456197
  25.70652757  81.63260734  46.58575933  40.26490158  40.28884571
  50.77734151  24.64501163  48.34292223  46.31975608  55.76689884
  32.8830633   39.18060291  15.32694825  20.21368435  46.23796473
  85.29048767  62.38060925  31.62958969  81.55463059  45.54165137
  46.0719193   40.74169477  35.69685233  36.2458768   32.57560818
  42.63121817  58.49024826  27.54618036  35.81332482  22.83376699
  32.93052749  34.92652563  30.06929225  46.22188709  59.02292361
  41.93249477  50.82772632  37.5585022   45.35669041  33.20052118
  70.23150085  26.45355567  37.87261783  21.67500816  40.17178875
  46.8741143   31.88515723  48.71536463  27.20029524  62.59612159
  81.87865641  52.82988871  46.356808    39.22574391  30.42536825
  18.62774735  30.53532059  58.75426743  19.56263981  32.75079367
  51.62386473  45.06317837  46.94014518  62.9611073   32.9093284
  31.97714463  74.99024312  66.40664004  44.29539939  41.90085209
  19.66823529  28.69945632 111.68298295  11.77950341  27.01083677
  40.01210316  24.80253392  31.47698629  51.42722245  21.56141715
  41.06261642  29.51370238  39.99954736  51.06314834  53.49133625
  28.49324454  30.00950092  29.31677805  37.32310563  41.03352203
  14.45865061  47.55961748  41.54497276  25.44887324  52.6090014
  44.21835248  48.9082978   29.28450676]
Test abnormal scores: [ 37.27480681  44.19697378 117.08286546 ...  80.29698693  96.68349786
  22.49766096]
