Logging output to: /home/guest/Thesis/MotionCLIP_experiment/results/finetune/allSplits/fullContras/NTU60/anomaly_results_arms.txt
Loaded embeddings:
Z_train_normal: (3032, 512)
Z_test_normal: (759, 512)
Z_test_abnormal: (10586, 512)
Normal classes in training: [32 39 40 41]
class 32: n=758
class 39: n=758
class 40: n=758
class 41: n=758

AUROC : 0.8237
PR-AUC: 0.9819
Threshold (95.0th percentile of train-normal scores): 26.7398

Confusion Matrix:
[[  201   558]
 [  191 10395]]

Classification Report:
              precision    recall  f1-score   support

      normal       0.51      0.26      0.35       759
    abnormal       0.95      0.98      0.97     10586

    accuracy                           0.93     11345
   macro avg       0.73      0.62      0.66     11345
weighted avg       0.92      0.93      0.92     11345

Train normal scores:  [21.85369434 14.3594106  21.14046231 ... 16.88403162 24.26165399
 22.55213879]
Test normal scores:   [ 55.73073969  72.97175647  52.71476787  54.82493391  35.38107205
  15.61059814  36.03563228  24.6404718   17.89005811  33.87926996
  30.1185025   15.97224271 119.54870999  29.28022827  28.75930091
  22.50370239  23.30183165  24.18915381  56.61882283  76.08373142
  84.17401287  13.9665812   59.99465682  25.6838519   34.56718543
  66.75354016  24.41631093  44.83995266  21.38649139 113.36089943
  29.40294448  21.62978705  35.27858664  16.49775661  21.47396269
  79.71555543  28.36606817  65.73436487  24.07628964  65.8850036
  20.95248396  33.646422    35.92652114  16.59354935  35.53160376
  77.58670924  46.97255065  43.65369049  59.85287641  28.27410338
  26.1581561   43.50198672  29.21035845  20.94578557  40.56697216
  29.27750209  40.53384057  71.23680486  27.15650389  27.55579125
  39.18204121  62.91276135  17.65212586  45.44946724  39.82908729
  30.53012385  32.16385229  43.09743694  63.58194978  95.14963147
 112.14913566  77.16521517  51.21571491  38.61102619 132.70037651
  26.00436353  62.33191945  31.28355805  58.70874457  48.34690798
  36.09336561  67.04566148  15.68223674  63.61152761  56.46234237
  67.33249315  47.01729691  76.12776851  26.48015122  25.50307964
  77.90107332 122.54231606  28.62367235  30.11077602  78.00671088
  48.08232566  76.15616063  62.03886117  52.47090457  22.40290473
  34.0463175   24.33000354  32.23898068  34.18548631  43.19721186
  57.31193949  49.99587733  30.92735308  95.17746617  53.2911338
  24.49213793  34.30420425  29.90380586  69.58830284  69.85764613
  28.19863776  19.14311162  98.78128552 129.24627732  41.70603709
  46.11804084  24.54435022  33.99231882  27.67107293  17.82346426
  25.65438105  41.35812025  26.08662252  76.70271982  65.91606975
  18.9512641   46.05556458  56.6583827   56.11539404  50.059477
  21.91199611  80.20671122  59.61063019  49.85191247  16.68370221
  38.85056372  18.38084563  53.5605806   19.24300587  78.95158277
  38.65905326  29.2550032   72.23280697  17.03826088  52.2697026
  32.70156935  72.05907404  34.88764415  64.52444418  54.53694205
  74.33894871  52.41786799  24.02334188  46.50317951  27.076149
  55.75415194  42.56125191  28.08005332  30.60920942  65.96014759
  33.10436579  22.51627806  30.52478331  24.95264246  56.24961778
  23.96768934  35.53943449  91.8720407   33.06477218  23.40579607
  20.52287464  44.31711797  52.11679077  22.1477025   18.30659208
 111.08604659  17.38425059  45.9740687   38.78315308  59.56433471
  45.61823623  14.85411233  60.91883618  31.6780735   47.97216865
  37.2987988   33.50583172  20.85641145  67.04016597  25.40804117
  53.0877744   88.84482185  72.96977241  69.7498911   38.12410542
  16.57518253  62.84667557  63.14394461  62.80273594  62.90145397
  49.28046931  72.41864998  37.05615865  21.4235198   46.95782769
  47.60514012 130.79346984  39.92709939  72.22561525  48.09893448
  65.76298022  87.65049866  22.12247076 106.93088906  38.59398916
  18.68932314  38.51145187  27.47090009  26.42911658  47.02411075
  39.06413714  44.80084439  90.7558289   48.65700977  45.52246283
  25.29379645  45.08236445  54.50384667  18.87382288  21.25189343
  47.08913313  47.05701266  54.99773036  31.82597352  50.1141364
  48.25859333  54.87127889  29.49755891  19.67384541  54.09609617
  66.05276638  77.75518857  89.81517306  28.19415044  80.15340873
  18.58385622  44.85828992  16.64216056  42.16037155  26.47821372
  28.94581256  25.85522273  53.87757477  36.52348681  41.50599438
  17.299351    40.71128943  93.26042755  17.01867436  43.16098889
  54.38515859  33.72940889  23.77650975  79.39346112  78.60066162
  32.217452    18.72818766  67.97146468  17.66869245  60.31232954
  92.57320634  69.33887035  68.91512942  19.3147999   18.02715985
  22.57115753  41.18575797  52.04787559  63.05944021  40.31490403
  40.66303211  23.96049808  33.34312676  46.21937446  36.73588342
  39.67025505  56.78491158  63.34913928  42.55233066  59.41548163
  49.42717519  57.25010569  35.05504645  32.26791631  66.82001552
  22.28999728  21.89268746  25.92562509  31.79273894  30.27924121
  89.94094968  19.02496376  22.06321822  34.11601427  34.21771197
  48.55999059  39.99370113  58.64529187  16.57114826  20.21218887
  42.50257226  79.27361269  55.00556673  82.88994015  53.91108957
  21.90754542  24.82345778  27.52433472  44.80788916  21.87876196
  33.05338668  50.88844513  38.3038445   18.5528579   50.98018255
  20.77872341  18.98114948  24.57994995  31.68653992  48.38945153
  36.67495436  20.63501159  30.20956385  16.02517244  39.64403845
  41.17177717  56.23690644  51.23389391  17.49012943  24.23199277
  52.11322409  71.4414096   44.12177702  53.68901911  30.22695037
  59.78204314  87.61322747  33.06123333  59.86936639  52.47557451
  36.16185642  26.81071509  19.74872484  49.15219326  56.66718609
  24.31784214  36.59324277  71.39576314  43.70654316  53.67945209
  85.03178419  69.59753629  75.75142386  23.39760284  26.69435709
  30.69654007  70.44491557  50.31994812  29.67222993  25.10761294
  42.17309067  58.95266111  49.90739379  20.66678637  37.60467232
  65.49222062  35.07925882  35.58580129  47.98935913  43.40275148
  52.48659931  22.02165634  47.81914844  66.84693318  27.78731584
  48.34140149  50.66730883  32.22849746  22.64168202  23.35392621
  21.7893759   27.97897481  17.17462031  41.25089084  70.48045887
  24.22228271  79.46195247  45.1783443   38.3751667   58.1298344
  29.09189879  19.97730894  47.82892743  49.0808173   61.17376925
  16.01783487  30.66979404  87.25450226  21.32323587  45.02132147
  68.96074352  23.39597693  67.92081691  28.76023161  41.60180378
  51.95978779  84.1144785   21.06420709  51.93417217  88.42976386
  28.22664516  55.19121757  19.34417667  29.90058115  45.36686873
  40.73533087  27.29432743  20.96628314  31.49514106  52.10811165
  18.61344254  29.80558596  40.3436699   20.83226934  18.34479154
 110.00543763  22.51151671  98.79527505  24.20045368  18.71327991
  34.42541552  49.37595295  19.97862476  63.90732688  33.53102154
  37.74029155 115.76297431  85.19996403  13.60463522  39.55876726
  24.53062463  21.64967073  19.26524789  33.44852361  69.71450584
  17.04966925  49.29742898  41.06307758  67.60223461  46.16747144
  24.92322555  23.76187331  43.2280219   34.16276825  18.14678369
  83.36600027  47.89336801  60.24437139  72.68394981  69.89262687
  26.31582149  99.44006884  32.58848842  23.19533111  23.12464579
 123.58856219  47.30895543  32.35551115  48.67623803  32.67141228
  20.4898612   24.26984237  21.01415306  16.6776271   36.30938157
  84.22544634  58.75061401  20.26098893  45.32277908  39.49645288
  45.38384908  56.40372407  73.92620886  33.67715078  86.49996049
  59.62177533  34.62345738  30.41131029  32.58136744  42.52996612
  71.355948    22.62162784  54.16376648  49.02822217  55.86584576
  43.53740694 110.0989942   18.64537827  22.14473453  47.67612776
  22.61565968  65.07057521  21.18349811  48.38434874  81.00934584
  37.44773864  60.09450807  63.28499749  19.4433485   36.75874173
  51.4758075   49.91864591  20.03261934  18.76552734  23.77310782
  56.02765747  48.35428312  86.54879866  47.81424077  33.30117779
  65.77612586  31.81376597  36.35803864  40.71914759  63.80867142
  69.37316031  25.59558017  28.13313059  25.29453492  42.80897507
  33.85551751  83.58909124  58.19639558  35.42325509  13.20815447
  59.70480375  96.59393267  29.44650123  34.19936196  84.15537453
  27.07007557  20.58421871  32.63381728  51.37928204  21.02612617
  63.4039479   26.58898592  22.10119057  48.07351244  53.2502685
  14.39092218  32.55163754  38.81120808  15.90301648  46.96477746
  23.48949184  81.10298478  16.91294642  62.78021888  46.67498745
  43.09330726  76.96382296  31.84399597  45.2622372   85.67806342
  21.28776218  23.428887    49.30537588  72.46547419  24.75968635
  43.42089001  25.52217692  88.73943948  36.2122248   40.0329473
  17.44528045  33.86932615  41.00102551  17.49506252  38.23583161
  25.26439925  22.66338051  31.97266472  27.77783731  37.39855302
  21.12097983  43.54092388  30.73791522  24.16109438  22.16567521
  22.25482998  56.25656068  23.35400797  46.93140972  99.92311065
  22.02963891 106.67985948  24.25374326  23.85692185  23.17255752
  53.516787    53.89535643  32.81738617  22.49325759  83.19614861
  23.76475665  19.75464412  27.9406767   57.48694962  65.3369787
  21.4908867   29.59384641  80.82832059  42.69518989  82.76514745
  61.91679561  48.78543841  41.38687041  45.0356025   54.10424886
  26.25263986  47.65187737  38.83134974 125.6870838   46.63262796
  29.53799844  73.55284389  59.55211181  61.13454006  43.01569509
  63.41883285  34.48535633  32.21375452  28.26630427  34.07561561
  23.39361871  25.31212787  36.2972424   31.35664092  16.92905416
  54.91094602  28.92647608  45.93522293  22.3983738   49.87463142
 113.79965514  62.61367462  49.32486357  51.41943627  37.61628559
  30.55250268  69.72124871  82.69633634  30.70605471  27.85411685
  47.48028     26.15478977  69.64911771  59.73625437  37.77306511
  51.19113562  27.48130145  64.89713008  54.34076178  42.65746526
  54.83339838  63.53680163  53.88525386  39.5395459   21.93110612
  40.89815949  30.72932949  21.42599102  37.1247138   67.99244074
  68.16306131  62.05096707  62.66374321  65.77146277  48.89467591
  53.39277164  99.29489063 132.84730303  18.61906663  22.27815799
  21.34105883  22.80055715  16.40596426  67.23007956  21.50455669
  51.48836838  29.91094668  21.39706772  39.34159646  37.92359807
  31.15000694  21.97420985  28.97661258  67.72432181  25.89007162
  86.96424005  71.99551112 134.64814149  70.37570788  64.57543164
  66.71055984  30.90108652  28.31606735  22.26409406  53.736755
 102.51869048  31.08727685  38.87642826  47.20652679 115.33360089
  43.57493265  36.05294376  59.77096097  21.91237931  60.33136829
  26.45934614  26.27834412  31.48317123  24.53473802  36.48349909
  88.21426984  79.12607919  53.32563069  22.13648829  36.2349252
  89.99547798  32.93854286  69.78456681 121.01672747  30.12871039
  26.00639481  12.92862994  27.51550197  65.84044566  27.78736581
  37.14493798  23.15751465  14.90372755  14.86849991]
Test abnormal scores: [ 41.45820357  89.47716363 160.59304045 ... 105.11945823  65.20305235
 103.66280481]
