Logging output to: /home/guest/Thesis/MotionCLIP_experiment/results/finetune/allSplits/fullContras/NTU60/anomaly_results_random1.txt
Loaded embeddings:
Z_train_normal: (3027, 512)
Z_test_normal: (756, 512)
Z_test_abnormal: (10589, 512)
Normal classes in training: [ 4 32 36 39]
class 4: n=753
class 32: n=758
class 36: n=758
class 39: n=758

AUROC : 0.8150
PR-AUC: 0.9817
Threshold (95.0th percentile of train-normal scores): 26.8613

Confusion Matrix:
[[  208   548]
 [  250 10339]]

Classification Report:
              precision    recall  f1-score   support

      normal       0.45      0.28      0.34       756
    abnormal       0.95      0.98      0.96     10589

    accuracy                           0.93     11345
   macro avg       0.70      0.63      0.65     11345
weighted avg       0.92      0.93      0.92     11345

Train normal scores:  [14.3594106  27.03164731 25.07929689 ... 24.54843564 16.88403162
 25.51276647]
Test normal scores:   [ 46.86131808  62.16010251  49.83892847  54.82493391  35.38107205
  15.61059814  33.02209318  36.03563228  27.13384134  85.05195555
  24.6404718   25.97237651  30.1185025   15.97224271  90.14133537
  50.20793588 134.19685975  29.28022827  28.42815665  31.91088947
  74.01268687  33.34720584  23.30183165  63.12266391  24.18915381
  27.78655184  33.63038689  74.44875644  13.9665812   38.21383312
  37.77962365  25.6838519   21.16221282  23.16003763  41.8050239
  44.83995266  29.40294448 129.65960216  21.62978705  40.44547317
  22.83345394  73.25681708  16.49775661  15.76579398  28.36606817
  65.73436487  24.07628964  65.8850036   24.46935694 148.78563826
  32.2278121   20.95248396  18.6936597   35.53160376  43.65369049
  78.36980646  43.50198672  20.94578557  45.05670084  29.27750209
  78.26154307  71.23680486  13.02505332  27.15650389  16.58256921
  27.55579125  17.65212586  23.13074797  30.53012385  43.09743694
  74.97145776  95.14963147 140.34017038  77.16521517  21.10395925
  32.44835419  51.21571491  42.02806819  26.00436353  54.78386809
  58.70874457  48.34690798  36.09336561  37.21023744  21.88313559
  67.04566148  15.68223674  63.61152761  56.46234237  40.97796642
  43.41966908  87.52286865  83.42107924 123.4870083  118.67265254
  28.62367235  16.43621263  78.00671088  17.58185518  46.3264225
  76.15616063  57.70511833  37.94436213  21.47027115  54.92745888
  24.33000354  32.20139397  24.98878397  73.36618957  87.52972528
  34.18548631  39.11287912  43.19721186  57.31193949  49.99587733
  30.92735308  58.62145452  29.90380586  70.00368277  19.14311162
 105.24921014  45.65132748  29.82606803  27.25165245  32.27794879
  46.11804084  50.00613332  77.97738851  33.99231882  27.67107293
 100.70256027  25.65438105  34.46825509  18.9512641   35.97006823
  45.89351214  74.40744633  50.059477    48.11316705  21.91199611
  20.02877737  39.75588875  75.72285041  67.07851803  16.68370221
  38.85056372  18.38084563  53.5605806  140.21795074  76.03412353
  90.54390305 109.95921248  15.67870873  38.65905326  17.03826088
  52.2697026   75.61595667  34.88764415  73.78973367  81.14558484
  59.23188221 121.59827054  41.66652532  27.03013947  18.32071054
  35.10318867  42.03948631  55.75415194  23.45947019  28.08005332
  24.27058313  23.25525913  74.99945403  25.96600797  46.52960305
  12.84516766  68.85771157  73.61742517  20.14103325 127.14846054
  65.96014759  26.59485991  17.13020882  27.92311575  42.37358061
  67.3550764   10.57472493  62.84287344  20.52287464 108.07324024
  41.91628724  92.73617489  29.26374797  23.41197641 154.14760947
  18.30659208  45.9740687   48.70998652  38.78315308  11.24025161
  21.4715185   75.99935151  45.61823623  52.39189667  26.18716378
  31.6780735   47.97216865  14.1136809   33.50583172  22.41524479
  93.00960038  72.96977241  69.7498911   38.12410542  46.22164596
  62.80273594  62.90145397  49.28046931  34.06403933  32.81759206
  91.98002633 136.76241339  21.4235198   47.53116271 147.22600185
  39.92709939  29.42932445  17.71218578  86.56190358  23.32758571
  22.12247076 102.27939792  26.25404023  38.59398916  28.67649626
  75.24442506  27.47090009  26.42911658  37.83245908  73.04974121
  62.74741239  48.37281521  44.80084439  31.44498751  64.14162933
  36.98054883  94.99254092  91.9416682   25.29379645  66.84700325
  18.87382288  21.25189343  47.08913313  47.05701266  75.36585544
  71.31390005  48.25859333  38.86519034  42.55712046  23.15922086
  74.0967571   57.95991081 108.21910142  22.22624088  28.19415044
  22.82952388  98.60778249  18.58385622  21.962698    39.4384007
  11.88873362  39.55821985  16.64216056  85.71262556  33.29442862
  25.85522273  41.50599438  10.34643077  93.26042755  54.38515859
  33.72940889  26.41263536  27.50650138  78.60066162  32.217452
  55.57163805  17.66869245  19.3147999   22.57115753 138.68321651
  42.12735418  20.54932816 112.43202971  65.56557807  30.99044714
  46.21937446  36.73588342 105.71412782  39.67025505  73.54796177
  56.9201852  126.18453117  35.05504645  32.26791631  21.89268746
  55.85447007  31.79273894  97.90926829  19.02496376  20.5893242
  26.44926723 107.68744432  19.55853926  34.21771197  45.32803623
  39.99370113  20.21218887  82.26618107 111.73621491  19.62932463
  79.27361269  79.55629887  94.7402033   62.17473602  40.97163354
 104.52439924  21.90754542  91.61484974  45.73867647  18.28443512
  74.25554159  24.82345778  27.52433472  44.80788916  21.87876196
  76.91796893  38.3038445   18.5528579   50.98018255  20.77872341
  21.37393611 107.09114835  24.57994995  25.07394134  48.38945153
  31.36747097  36.67495436  20.63501159  30.20956385  42.76406681
  41.17177717  21.54905382  24.39754517  91.58181906  51.23389391
  62.82187205  71.4414096   49.203086    12.65591806 119.29824095
  38.11496461  30.22695037 119.66923271  16.67980577  36.16185642
  19.74872484  24.31784214  36.59324277  31.11973732  10.85341828
  43.70654316  60.03719466  85.03178419  22.64019267  64.60853972
  69.59753629  26.93071821  92.00409885  23.39760284  26.69435709
  70.44491557  55.97138906  18.33908146  42.17309067  59.29161031
  35.07925882  64.69070283  63.76026525  63.60668401  60.35463568
 112.5962482   66.84693318  48.34140149  32.22849746  22.64168202
  23.86408051  27.97897481  17.17462031  27.19084993  41.25089084
  70.48045887  93.06017539  38.3751667   29.09189879  34.72254498
  54.58132107  63.44970032  75.45693957 107.9136757   39.60039877
 125.09557117  36.32827156  11.14866257  30.66979404  34.31294244
 104.05462884 116.83008715  42.88539946  23.39597693  39.82275049
  80.52232784  41.60180378  51.95978779  82.63100383  25.92658084
  25.08549168  37.53746356  84.1144785   51.93417217  70.9105509
  88.42976386  28.22664516  55.19121757  19.34417667  31.86036773
  29.90058115  40.73533087  78.31016361  27.29432743  27.50764922
  20.96628314  90.68318107  18.61344254  23.65135299  18.34479154
  17.78252059 117.05858512  22.51151671  24.65580796 106.76030658
 174.17357982  49.37595295  19.97862476  63.90732688  33.53102154
  33.62814511  37.74029155 105.08813565  18.80296663  19.16025673
  85.72469217  24.53062463  19.26524789  87.95685667  17.04966925
  38.66624672  41.06307758  47.98492219  81.88213341  23.76187331
  43.2280219   66.91417146  23.1837024   34.16276825  46.48902356
  30.3421296  101.51932045  47.89336801  25.27737476  29.08154116
  72.68394981  69.89262687  18.60422484  32.58848842  23.12464579
  32.35551115  16.6776271   36.30938157  51.34004148  39.49645288
  45.38384908  56.40372407 102.79641413  84.088026   103.54373603
  63.02615041  18.7391895   34.62345738  15.7710514   32.58136744
  48.33992311  42.52996612  41.62483497  21.51938992  24.64694453
  28.14822389  56.83956807  35.70751376  54.16376648  49.02822217
  43.53740694  89.1479472   18.64537827  46.00147863  22.14473453
 138.54188328  29.04466161  34.50365317  50.20173564  24.42026322
 121.48995024  35.1493938   36.75874173  51.4758075   16.37007216
  73.03548854  53.58865487 101.06070741  91.80054933  20.03261934
  87.54774703  56.02765747  48.35428312  39.7459482   42.04325004
  63.10022611  33.30117779  34.32220976  94.2767784  105.31554415
 146.06664489  15.0506531   87.26982759  95.53290447  93.40826068
 145.52157303  69.37316031  98.24262672  18.20708236  33.85551751
 216.51263993  13.20815447  15.10163598  29.44650123  18.47674863
  34.19936196 130.09783965  21.85906469  18.06695026  20.58421871
  35.6711279   22.62029082  32.63381728  51.37928204  21.02612617
  93.62564929  67.35869517  23.23477295  48.66683906  32.40548123
  27.96577082  85.18217106  85.2626631   16.59521177  32.55163754
  38.81120808  15.90301648  46.96477746 106.23441899  49.75704578
  85.35919089  34.32422998  62.78021888  43.09330726  31.84399597
  73.34153318  35.00254685  53.88832045  45.59433158  19.52742706
  85.67806342  23.428887   110.55852549  31.09471811  25.52217692
  29.53433853  36.2122248   45.78786628  40.0329473   41.00102551
  45.71939067  25.26439925 109.58036403 115.73301582  27.77783731
  14.22512538  54.0690156   21.12097983  52.86000437  43.54092388
  26.40541745  46.22290277  22.16567521  22.25482998  64.13978899
  50.04167759  61.97437128  46.93140972  85.19341027 106.67985948
  25.18123709  24.25374326  23.85692185  23.17255752  15.19767914
  22.49325759  18.56222344  19.75464412  43.08541934  57.48694962
  13.98772916  92.50320342  21.97648245  85.08648121  16.1981797
  72.46329162  41.38687041  42.48172986  73.48016481 109.22395533
  47.65187737  96.27479402  54.53505153 148.28495572  52.34125571
  29.53799844  61.13454006  58.30955265  81.80222761  45.23116337
  28.26630427  34.07561561  33.22557979  25.31212787  49.91491545
  16.92905416  28.92647608  22.3983738   49.87463142 113.79965514
  62.61367462  27.29650346  29.53126591  32.16471185  82.69633634
  51.86880714  27.85411685  47.48028     58.18406155  17.75298527
  26.15478977  37.77306511  52.02458563  18.42303689  18.01867108
  54.34076178  37.46095959  45.91656017  54.83339838  67.51776074
  39.5395459   21.93110612  45.22272787  64.72333074 131.44536964
  18.10595652  37.1247138   76.63395265  62.66374321  65.65139456
  48.89467591 188.82479207  30.87926804  18.61906663  94.38813562
  21.34105883  24.91480567 102.38874915  36.1043731   75.11185195
  21.39706772  42.21387315  31.15000694  21.97420985  67.72432181
  86.96424005  31.95088265  37.84726714  71.99551112 253.05534567
  18.59886259  64.57543164  30.09823496 119.45880923  28.31606735
  22.26409406  32.95729089  31.07935034  18.54329691  16.66684071
  47.20652679  85.88231223  20.61371405  36.05294376  23.589749
  45.92746512  58.01490439  70.01506043  26.27834412  19.96822543
  24.53473802  33.08714356  96.12950224  46.58014116  37.49089986
  25.32212083  33.79871482  19.3156744   24.3361647   45.6039512
  84.17439402  65.50465607  48.43997966  72.60656274  21.54505212
  49.51792068  36.2349252   20.11177912  32.93854286  30.74354537
  69.78456681  36.68128414  12.92862994  27.51550197  71.01605181
  37.46204892]
Test abnormal scores: [ 41.45820357 138.48231978 174.40209169 ... 168.41820846  30.91865812
  94.87646382]
