Logging output to: /home/guest/Thesis/MotionCLIP_experiment/results/finetune/allSplits/fullContras/NTU60/anomaly_results_glasses.txt
Loaded embeddings:
Z_train_normal: (3017, 512)
Z_test_normal: (754, 512)
Z_test_abnormal: (10591, 512)
Normal classes in training: [19 20 21 22]
class 19: n=754
class 20: n=754
class 21: n=755
class 22: n=754

AUROC : 0.9104
PR-AUC: 0.9921
Threshold (95.0th percentile of train-normal scores): 26.4451

Confusion Matrix:
[[  140   614]
 [   65 10526]]

Classification Report:
              precision    recall  f1-score   support

      normal       0.68      0.19      0.29       754
    abnormal       0.94      0.99      0.97     10591

    accuracy                           0.94     11345
   macro avg       0.81      0.59      0.63     11345
weighted avg       0.93      0.94      0.92     11345

Train normal scores:  [16.78005943 23.09473267 26.33250838 ... 21.26089362 25.51529294
 16.33499228]
Test normal scores:   [ 64.74060103  30.15542528  42.86577146  30.76180315  42.08915376
  60.0636421   30.49278976  22.86468947  26.19343376  27.39157378
  40.71665648  31.05282021  45.82634391  43.94465895  18.08688709
  63.41447916  27.80162858  27.39207881 110.54967767  55.59907155
  16.98244242  53.12763654  54.06211397 108.31624343  40.93061563
  28.40719775  35.94437484  54.79359738  18.71043513  54.21440042
 110.04845677  18.58887186  31.10724402  47.60344319  72.58723111
  45.17457576  74.20103769  90.04316852  22.63816582  39.86231282
  29.61128221  41.6072663   39.71774893  32.34419647  33.02645272
  40.0071553   42.43865092  52.9164857   25.38546104  77.41969897
  35.67135301  46.19661449  94.66891539  89.23831602  15.53801177
  35.13648041  20.66832993  23.42677275  53.56965052  25.52648054
  21.76536172  57.64290675  55.24754335  36.07152957  40.35727338
  83.48494569  21.64611635  24.61774828  63.55007011  27.51072009
  52.352258    20.64039524  19.840253    17.31121979  36.02626328
  46.03865145  27.78452328  43.91468575  56.64103936  20.00708834
  24.07906726  70.5122322   60.39629529  56.29806797  23.52427062
  35.38787721  21.8259961   33.93041916  28.79482974  52.27569538
  32.88917132  26.74523381  40.9444489  112.83130435  40.59736052
  34.15166398  34.24348823  34.44419533  34.32208032  55.25312932
  54.08218585  29.14178395  23.17910647  67.05759219  96.65186891
  29.12146648  24.03125013  27.29788392  59.25053954  98.64890164
  27.89127426  33.85527473  58.03551878  46.48430314  56.44303793
  21.79783626  36.93524021  45.66171961  27.01751601  48.11347762
  48.27122691  37.25875474  16.3420615   70.53370881  23.76721695
  46.53939781  49.33344004  31.83301659  26.27122471  63.81493509
  40.38316363  31.14241573  60.58252075 182.7877983   41.54557171
  34.63135488  40.31951824  26.57873301  18.28258968  69.98187102
  35.71639797  49.72369544  19.86720744  55.52360788  36.93886547
  21.34757736  16.42421836  62.58296729  33.75533178  22.64133691
  18.73761756  59.19102244  26.79913007  72.2673823   23.81910023
  35.58846742  56.39695826  36.73846422  76.72958182  27.49264101
  24.32392334  28.54300284  62.29779008  66.95989951  47.86868594
  45.81689437  71.18051373  33.65705473  49.87623593  78.82716417
  34.88855313  20.67652149  34.10753608  58.21542457  41.03832758
  29.61911744  21.42144011  93.45024763  64.2537841   31.05049599
  32.63299403  30.01411125  38.21679237  39.85153179  39.54653604
  37.89956323  59.36779232  25.82401767  36.24961076  42.717727
  37.37307017  38.28727533  29.41940272  27.39469451  36.76506123
  28.55051504  30.66128318  32.32363993  25.47049348 151.9566184
  29.12900106  47.90974924  30.13659621  66.80583419  24.69543732
  33.89290693  66.85806009  31.50375194  32.31725139  23.16746888
  23.28300555  29.81845741  34.45441904  56.0064642   17.16848588
  62.18084958  27.53039816  50.86240452  33.48893317  22.71237106
  45.57981296  36.42062477  20.90471197  19.61761256  39.58339195
  14.4906266   71.83128956  35.07929134  45.77110644  36.41671657
  63.39092844 113.55351856  35.12178412  18.10442615  29.2883705
  48.26045623  36.12018947  38.17163126  69.69093785  45.62847466
  57.93777715  24.61836669  50.8593062   60.31008298  19.66275129
  25.12621822  49.61753341  28.14594451  65.74427585  28.95618889
  83.23040985  46.66782232  79.04481838  21.52678609  83.40957841
  29.59279172  59.93635333  19.82718217  41.50825705  26.11200989
  24.76499958  68.20759816  37.61511738  57.88319611  24.06331283
  25.37336918  98.8936148   19.43446613  46.52035173  95.99292289
  39.1341234   69.3988417   41.34139164  29.8885767   19.67712745
  36.80247927  51.9361733   37.87352489  35.74452115  84.31020092
  23.72383127  62.87755211  35.59459382  24.7451605   37.57153541
  32.46377267  34.67710087  82.44399076  39.92716342  50.81220004
  16.15724214 121.0598946   43.33611777 117.57570179  32.61775218
  92.60906754  37.78268378  40.62854619  56.67242633  46.78784793
  81.28671311  34.11257158  34.35448714  38.08187776  27.52295472
  26.820387    69.94465906  30.33095815  29.30791255  30.74067662
  38.803074    25.26794679  24.73927842  36.9871149   56.60435363
  36.66442756  29.3664377   33.64297155  51.72089916  54.730717
  45.9792713   71.8008231   41.23808562 101.00094806  51.13159739
  91.49986412  41.01321586  20.35639662  56.44619416  23.33164815
 129.91980072  29.56321828  88.74635799  44.18349191  28.10138908
  18.15847322  48.2944036   28.01041654  19.32337358  56.98631154
  91.56848567  55.86257183  40.70900581  38.14452987  42.95948453
  59.85028068  21.81383952  23.61651115  22.05066561  32.3156468
  27.99952883  38.22261796  40.49859239  26.12214219  50.33278496
  80.12107594  25.5241657   39.54233711  28.96466707  29.35751837
  98.27647471  37.81737877  27.45719225  20.1653955   16.70051228
  73.92837127  40.51787723  78.37734378  43.44648147  54.4731405
  50.33024555  61.91545376  37.84564156  41.45268236  61.7254017
  83.02857597  19.55462898  20.36092313  28.54746538  36.71724066
  35.44872127  44.75871654  35.34586459  58.48702917  34.19247286
  19.94189759  54.91375499  36.68710185  29.43442817  21.7286915
  31.29592156  31.34017914  44.79914795  40.91337641  26.79806076
  24.54633807  65.39593734  82.24632328  39.55271442 111.26208003
  23.44265997  46.9896443   38.41460533  27.39485625  53.88214092
  66.82805206  63.8957303   42.86016027 118.5486345   48.41311243
  31.77724304  24.83825681  48.17168288  32.14574143 181.29616884
  67.77308464  21.40733324  39.88787627  32.78620616  30.51120813
  19.63404145  44.94063932  28.83689564  68.5171236   91.16176145
  28.24424561  59.69558032  48.86936102  54.47909262  31.09911644
  16.92220108  30.2200535   36.38815903  74.34068947  32.85391722
  36.35801469  54.21124572 120.10888958  24.51973245  57.64321548
  26.75259842  82.59714828  23.1110695   31.25821275  31.80330336
  22.07257052  30.19876238  31.33635072  62.77093307  28.9404457
  42.78864703  24.38679472  62.43662326  38.0863657   28.31720759
  18.91024432  48.50950511  67.18171593  81.56581551  36.62876756
  35.39349146  29.08547368  29.39638418  61.04740787  20.5983725
  39.11291281  98.56672016  16.85602014  35.96187073  44.35136967
  45.10232424  23.72923711  29.23426708  37.57711905  64.92542834
  23.29939536  18.26956991  33.67718393  37.29417969  51.49584894
  82.99052124  52.90493717  44.4539109   51.73182094  54.46720693
  53.36745899  71.37878458  55.24067201  22.14767702  21.1057565
  70.23027556  11.61408662  57.23632651  50.94402002  39.79248102
 100.63680577  29.14904656  55.24937344  38.79039385  46.00325709
  20.37316834 114.53279982  27.69078571  43.92377017  28.02204933
  70.09236669  73.55039266  97.58228352  27.13546799  22.3949371
  98.7324139   34.0527673   58.37486176  41.20870123  26.08185698
  37.10433779  65.10890626  63.82164704  49.43292565  30.58446425
  29.39189809  43.25929923  30.98255222  20.42003071  25.99760681
  27.34797779  46.6842733   69.00858502  40.20774221  26.30286048
 115.51333301  22.86619413  78.90325341  47.83981122  25.40151512
  19.35828882  31.17400073  64.13871081  82.95125985  33.54245856
  52.30063157  40.04391261  59.36750676  58.70435883  72.69315244
  38.09911617  31.98712826  23.30527584  28.34008776 106.14636083
  30.73942122  46.28724957  53.38104714  41.91156517  33.27260537
 116.10168943  81.118546    39.88030319  42.59411747  54.47571129
  46.56760969  44.59358785  49.02989043  32.88909606  29.44564391
  82.26252792  51.79658452  55.74890907  31.34940978  29.1048353
  43.57654577  53.40230745  24.35766906  28.17057459  71.84019879
  62.47325325  24.30051427  21.62372895  55.51717037  51.43732433
  34.64803867  53.9050922   42.91152651  25.55424866  21.47097704
  25.1024332   35.08809163  25.20284215  38.81892678 119.3681015
  44.81590821  25.76773091  37.82019029  30.409788    29.73611177
  56.76022925  47.23452899  18.01809419  57.99620328  33.09787465
  31.16468911  57.61948798  50.78747019  36.02167635  23.22129969
  40.47735134  53.43498715  44.71561572  20.63291719  64.88745312
  40.72109591  28.39267641  17.55947338  59.19162405  78.63932994
  40.25082802  52.85148334  26.86070491  55.13440476  28.97149031
  23.018356    35.22156458  22.89559925 130.6186441   58.85992468
  36.66231199  70.03928871  70.62231398  22.00837025  29.08048597
  27.22683279  57.22535686  49.69003237  30.46972909  30.15695781
  27.73788708  24.2088366   72.51318599  31.94579503  65.52453971
  29.01481833  67.01787275  55.5666998   36.83989912  22.00520373
  54.56308587  36.96677251  25.03866684  42.88732787  36.39225469
  26.56451121  57.20687597  70.85410046  27.35269205  84.05643335
  64.13780177  48.63922164  32.01719793  27.9950247  126.42185957
  36.00543538  84.96360398  45.8945709   35.70851755  23.7050216
  39.10079754  49.45187967  68.44567694  86.21123591  23.82798986
  55.73539807  47.42663417  35.13974987  44.09720878  62.57235868
  33.6282707   42.98175122  49.17268353  69.66841851  69.38228244
  39.54261126  38.59694465  45.91100463  44.87811192  24.60421383
 149.17097738  27.38143054  31.66279629  81.62916133  55.77137853
  43.1566691   62.22492289  33.39212901  50.93960738  33.81539042
  25.20031713  49.3330375   18.37090033  23.31861366  58.25921907
  86.22012208  28.13899789  52.97724761  36.68732692  38.55382561
  37.31257261  36.17349895  34.61980995  39.6987427   36.77809351
  34.31947415  24.64222918  47.19237643  33.76763408  75.71599033
  48.97727214  41.94469626  49.33138622  18.87950014  25.42815439
  47.70230747  27.35440105  25.78030333  61.76710597  55.5259767
  47.57476845  48.58166128  36.44149678  36.82611795  33.27173845
  54.85455446  41.41794411  26.90924145  32.42389051  53.0200775
  25.89990143  40.81139876  33.74617444  22.52816801  60.7643864
  37.56222045  48.34782719  22.36344372  35.17746865  41.41593362
 159.79195943  37.08019414  30.3120422   43.04398311  28.89371021
  41.95462867  46.03082611  31.32290228  30.88246254]
Test abnormal scores: [110.71628517 104.05444702 123.08878056 ... 125.62844436 106.18747165
 240.15556739]
