Logging output to: /home/guest/Thesis/MotionCLIP_experiment/results/finetune/allSplits/fullContras/lowOverlap/NTU61-120/anomaly_results_arm_movement.txt
Loaded embeddings:
Z_train_normal: (2265, 512)
Z_test_normal: (567, 512)
Z_test_abnormal: (53883, 512)
Normal classes in training: [13 30 31]
class 13: n=761
class 30: n=757
class 31: n=747

AUROC : 0.8375
PR-AUC: 0.9977
Threshold (95.0th percentile of train-normal scores): 26.2737

Confusion Matrix:
[[  124   443]
 [  930 52953]]

Classification Report:
              precision    recall  f1-score   support

      normal       0.12      0.22      0.15       567
    abnormal       0.99      0.98      0.99     53883

    accuracy                           0.97     54450
   macro avg       0.55      0.60      0.57     54450
weighted avg       0.98      0.97      0.98     54450

Train normal scores:  [25.11200275 25.17917704 15.6583966  ... 23.4384004  26.44394415
 19.9470121 ]
Test normal scores:   [ 89.36181745  34.44738273  58.54509489  54.05712605  78.303182
  19.78507162  31.77264812  22.36869752  71.48501702  56.75136149
  18.59607483  23.17766654  22.49645724  30.28978058  19.19313473
  22.20950707  42.95311178  46.56987786  26.7201683   54.69138613
  34.96967313  50.03230058  25.90789864  48.31405651  23.40299423
  27.67910924  61.80516964  36.97092466  35.63018058  47.52480226
  21.86017949  53.33706823  21.87289816  91.2045661   77.05983178
  16.04236501  23.21011416  45.8062509   36.8377854   47.54831806
  52.66960827  34.56297471  18.93866849  57.52225438  32.21071852
  58.35754909  48.36827915  56.27127298  33.9037844   29.7235867
  34.40933021  20.18663865  79.46571105  19.86333581  41.6864034
  24.19682723  48.97238472  25.52579347  36.92178054  73.2212476
  22.83666768  15.74441734  44.41327065  33.16601705  44.49483703
  51.11851075  38.96164482  43.73457045  38.81712567  29.52770101
  26.60068241  29.20208934  36.45247863  23.01482896  20.41394477
  71.65910463  31.39216344  42.19596213  40.37212366  36.47269786
  24.66298153  54.99522233  19.87662956  43.00146437  31.75678293
  68.52024044  68.47723355  73.29400642  44.61942633  39.40123254
  42.40577238  46.4328308   62.14327128  24.7964666   27.51875467
  61.03864832  45.75346656  20.36041884  32.19901783  23.24397997
  43.16299662  27.59403694  63.51012037  42.02176218  45.35049169
  84.98298069  18.74700871  20.0007186   47.02451747  30.83817209
  40.80736259  31.49847802  91.29818959  16.61187618  32.05126808
  77.25837704  60.2067097   29.65368681 125.9970914   24.76268122
  46.95078773  26.3957123   20.78178423  40.0715475   23.48084636
  71.14595015  36.56432057  39.27091369  51.5569616   19.34534362
  23.89303615  75.07252721  22.98602994  38.6739399   64.8470316
  41.18808873  77.83635104  35.52225284  72.26610443  50.60664701
  26.490665    62.29512158  32.82856942  91.3287318   72.67401103
  39.46639511  77.75438272  31.24155777  37.23717934  50.78508634
  17.47112555  31.10399146  46.97002618  25.98823359  52.60278108
  48.51168552  30.93737532  84.20407023  19.60140855  35.11261702
  19.85553001  24.23589735  21.05608694  30.94923923  26.72727323
  46.80783864  49.16419521  22.4583605   26.69379074  26.45537742
  39.42239943  32.01928766  45.89261268  17.6836911   26.02523842
  26.14106423  20.13187696  15.57259023  48.30365711  60.47299467
  48.2998741   34.50510858  69.01812741  61.60395309  23.4304086
  31.16516437  56.91505241  40.69617343  46.34114061  49.6128038
  39.38198238  34.38290594  30.64319652  53.09275337  26.3008338
  87.80480065  25.07979889  17.1300846   21.7399716   32.49499226
  24.03307845  33.80581761  53.23131196  17.33764096  34.77605906
  22.79894781 107.7808476   54.93961948  68.76603944  50.67330828
  65.12029227  29.76887839  51.53504003  79.67016661  18.78916381
  34.6039309   18.59398708  31.62174519  28.04839145  21.31245675
  58.28843439  40.45147547 110.90186664  24.6287818   22.40925138
  66.60151921  28.15979526  61.87156321  19.79111806  66.93030101
  32.88443137  57.49525343  31.5986171   73.38923767  62.52992304
  82.60847915  49.74180911  35.70020619  45.6792619   34.81483319
  37.69434163  18.18400704  71.05490345  24.04891162  74.86592746
  38.95724996  44.42520376  41.38729271  24.71414599  39.34388103
  35.69275987  44.70728084  43.65140502  28.96812512 113.94751998
  36.8319186   45.10032292  55.2342971   48.56251881  33.53133556
  20.96342612  40.0217803   22.66121072  23.0597466   66.32331557
  64.98447504  37.88748017  28.17628641  51.76157654  65.09086735
  45.72593294  42.06820074  41.33266525  37.92151588  27.1330884
 100.50364011  62.15047997  41.07720928  50.72111994  46.44065356
  63.99419076  37.78934085  32.8157307   47.25542076  26.4555664
  23.97805568  47.28244779 106.60621046  35.07043237  33.58349168
  21.18995934  20.49671162  30.63183944  20.61074362  19.76388401
  18.30981631  84.86673472  28.69625627  45.71535377  53.40521459
  47.00464881  33.73938516  23.6391913   59.76449326  47.52001811
  39.7159273   87.26522774  36.30449548  34.63223995  20.84578953
  41.47226356  48.01490731  36.41412913 119.43369988  37.45488682
  98.40389628  26.46362481  21.57297539  86.59787542  54.42477866
  58.53024406  41.44230367  43.74400839  23.73539998  63.57634439
  27.78029368  66.20538036  62.6272281   49.71992783  85.80473973
  27.44784082  69.25872093  75.49745639  44.3689109   36.39877656
  28.70120375  34.25319648  19.29553272  28.64231599  30.40811329
  63.75229181  34.02630048  19.86108923  64.10456557  37.03010013
  48.64516874  66.88861139  30.95482148  70.21263506  93.12065239
  63.39439078  66.82326864  22.58253918  26.62753835  38.52817337
  36.03852557  53.86660855  62.85574911  32.48177674  74.00033305
  58.66426358  37.90665169  35.97266634  83.83849535  22.26726833
  33.16076233  75.23813203  32.86432446  20.27164465  18.54393913
  20.11085534  50.99096042 115.47125036  43.92183276  29.7799889
  63.25136591  68.70797334  32.54468392  26.78241516  38.02394286
  53.4027535   20.38416081  78.04640042  97.618071    25.27102585
  18.55168329  68.38101959  41.24356904  38.4138448   40.27486342
  65.09457276 111.17052939  89.07389074  48.58205291  61.92303776
  64.73128725  21.97775533  76.34919827  57.88016613  34.41471333
  79.37186238  25.91972958  27.45234754  72.2439728   31.59332755
  36.16249613  29.06306042  30.69744722  32.93626287  30.79317769
  62.65662844  48.20864943  67.38849478  62.42359455  52.11425861
  26.02311166  67.65720339  18.11064717  54.83669888  38.09639525
  56.95492507  25.68315677  22.66239978  27.55319402  29.00166284
  15.19466177  21.28784711  27.09437319  23.30688084  62.972202
  39.69224664  91.88644846  56.05258936  65.50839082  32.03887401
  35.0182265   64.87307387  37.85637243  25.86653151  36.42163727
  28.70323484  94.09186592  52.32490735  45.15913855  51.68159911
  29.17484454  26.77933647  45.05607259  18.75711951  59.94364424
  38.71108681  33.60266488  29.64882467 127.74012442  39.12801925
  28.04469276  53.06980966  28.47503069  60.66653383  49.56741929
  35.3409796   26.79947164  32.28655682  59.27262535  32.90795204
  97.62698834  25.440231    21.82682128  29.57322738  40.88237197
  37.13505013  37.18496948  56.78209401  41.18760019  41.0776066
  45.03661428  88.20148094  33.88103566  18.57193874  95.35148502
  60.36283495  40.2435343   22.42872488  17.57582612  48.71017673
  19.38479324  29.52901875  30.40925477  28.97443431  26.53759739
  41.67763714  23.79871295  30.56409502  35.07735879  37.71292906
  24.02797154  42.8079796   44.93699847  77.68379903  25.29202973
  25.60012883  47.60391051  90.34972082  37.66764213  19.91036269
  71.99755671  60.45848976  19.9571762   24.80629034  24.78395929
  40.8386447   36.51553891  44.19367301  30.60422407 112.15943513
  60.05725925  50.57035508  38.15239131  35.59794211  80.38095346
  61.65213367  82.3124523   33.96421901  18.63641696  31.87521368
  22.42764949  55.0740344   25.83588297  23.68364716  26.44014089
  42.66404487  41.01172022  13.96445329  29.83953293  70.15711381
  23.6226396   68.55205084  45.15105823  36.51609712  24.96376088
  30.57982622  24.29663023  33.85629877  28.29667301  32.83061179
  95.46214201  25.91128573  28.17158279  87.26514397  57.86227987
  21.23263566  29.0819644   15.35278057  58.67340183  51.91827775
  27.31638629  49.50228681  41.21885476  32.70286817  71.39504467
  41.29683457  47.86641184  93.34849874  29.25963332  63.73550105
  18.56388409  76.29937026]
Test abnormal scores: [ 56.18557     75.29691908  91.39162385 ... 100.39030763  59.26687475
  90.17842417]
