Logging output to: /home/guest/Thesis/MotionCLIP_experiment/results/finetune/allSplits/fullContras/lowOverlap/NTU61-120/anomaly_results_wear_something.txt
Loaded embeddings:
Z_train_normal: (3020, 512)
Z_test_normal: (756, 512)
Z_test_abnormal: (52939, 512)
Normal classes in training: [14 15 20 21]
class 14: n=762
class 15: n=751
class 20: n=744
class 21: n=763

AUROC : 0.8807
PR-AUC: 0.9978
Threshold (95.0th percentile of train-normal scores): 26.0785

Confusion Matrix:
[[  122   634]
 [  452 52487]]

Classification Report:
              precision    recall  f1-score   support

      normal       0.21      0.16      0.18       756
    abnormal       0.99      0.99      0.99     52939

    accuracy                           0.98     53695
   macro avg       0.60      0.58      0.59     53695
weighted avg       0.98      0.98      0.98     53695

Train normal scores:  [21.69100722 25.73889336 25.15761707 ... 25.39348542 23.92498115
 20.91179309]
Test normal scores:   [ 37.98590094  46.21414212  39.24675489  28.7423053   33.79956315
  27.91082586  67.54332351  58.60870477  45.25086326  41.4285226
  33.96173763  30.25637328  44.47290756  30.40887891  69.79697204
  18.8854868   29.03914818  39.36469547  27.32200822  41.82115346
  46.15136065  41.32445679  18.59895027  62.39015803  38.50714679
  38.52409795  45.05707621  32.64273571  30.62123273  39.54120175
  21.10540202  57.96058252  21.92819358  53.35660064  98.70099838
  27.39283348  38.40018395  20.38733501  43.105386    30.91996349
  18.92869989  31.99179442  27.9173553   82.16935586  38.91534543
  40.35075734  47.62952424  89.91429935  25.89067396  49.5076488
  31.27425887  44.7526496   29.61881643  26.61505753  47.6823513
  38.00748596  49.89838284  20.17120634  39.67867371  26.06459923
  40.51246648  39.4597079   21.786744    23.75805632  26.40827861
  35.00406756  77.72101106  31.38902379  36.54019332  31.65578808
  40.65898056  35.74966899  49.91230149  62.12396909  15.70082455
  45.50390856  38.83737823  50.93676217  39.44724793  61.54637217
  37.29553678  36.59002458  29.53854575  41.39558373  28.68010629
  41.43444238  36.55996258  38.36562501  41.87643622  69.58668292
  32.88789989  25.25062486  22.42546154  36.63147024  36.76052465
  18.23708766  36.62444563  41.91424682  51.45787136  36.894411
  48.62723004  14.97481882  30.57932762  26.13812382  65.56365141
  39.46033636  18.68624876  44.06769066  37.06794355  24.14049974
  18.04640364  25.69085096  48.45155416  33.0274424   37.89096499
  52.19422579  42.37920459  41.58522258  27.5419361   56.99440189
  19.84963844  36.92927749  36.96434385  30.23921951  37.95074164
  19.03087573  36.3109883   20.90224467  35.64049508  48.80730782
  32.57973685  60.86393901  49.30665694  49.36828751  54.4969703
  40.24525543  43.08256608  30.16532518  38.22560458  39.38175378
  53.5162232   28.92224895  32.55506122  72.21391787  34.05135567
  29.68903115  31.97243171  42.32470597  49.83132601  66.08324688
  37.73324411  44.33029818  35.49431546  62.68837719  37.35926169
  56.23531957  49.740941    32.28738393  17.73120748  48.67480822
  32.02435401  38.06159479  51.96022877  62.24892866  40.77453122
  26.12088457  44.45578016  45.40647695  33.105558    53.0442552
  22.31700809  32.69876518  29.48572961  29.88465584  87.95531749
  33.78588049  27.8262859   14.17109016  42.18206952  25.79625614
  32.62353897  47.20738981  51.58452229  18.73816618  31.98382933
  62.40556591  49.7132422   50.93271034  26.16372859  40.50267252
  22.20352937  41.53016459  45.3802961   32.34092447  41.38571014
  24.93817655  51.2972382  106.98957473  46.07971692  37.6070369
  43.69194469  40.20363432  64.55739045  28.77084776  32.10539134
  37.32526298  42.8661892   46.72148123  80.24485443  19.90439374
  41.46362063  42.9556235   28.31339719  41.11517195  30.78272731
  41.07153691  47.63235764  60.84994533  37.00380369  43.2189195
  57.93976507  25.3225288   46.61230786  46.26552806  17.1333674
  34.94651549  41.1656352   48.46263589  33.85409681  31.72119888
  25.24086655  49.69561537  43.27554637  48.65356125  31.80938474
  31.67462006  46.39530769  25.70675662  34.40889079  21.35974133
  53.48419447  37.31723669  28.46935164  39.35931159  27.91974213
  19.95577035  24.60556748  60.29108496  17.41652764  23.81148926
  34.4045783   39.26575306  31.40581676  43.79245108  37.91857315
  20.26727867  25.16688202  93.93873579  68.7708328   38.66690923
  50.69787947  50.08250918  16.82275336  38.55121219  21.44403151
  21.7740396   35.83458371  76.86194003  27.3150571   42.73142126
  31.06097061  28.82076473  61.37107216  41.61903869  24.99447632
  26.49581843  48.76994056  28.72982621  52.69921933  36.95364485
  52.6200107   38.28023678  28.68704706  24.18702072  20.26072048
  36.01767981  33.65015386  28.46280305  28.39834954  28.66327168
  46.82569098  19.75831756  37.12707874  26.37944652  20.1485268
  55.53776408  32.29106107  32.77723107  65.07645917  17.53134071
  30.56582117  14.36074779  21.14796204  16.46147195  28.60639118
  26.6726925   55.22092747  41.2353432   18.3907321   54.23445566
  38.26762758  38.00500198  28.47828048  62.0809578   44.20727181
  29.5658595   29.71472179  42.13361423  34.7205106   50.8274397
  47.37514573  29.72513838  40.19747747  45.21656085  45.12229508
  31.70707859  15.77018083  18.83650921  22.77649277  42.2325579
  28.44378945  25.75249021  49.29959555  33.00615834  40.77645741
  25.1693279   37.93705427  88.42645526  28.41547387  30.98917448
  30.55466188  33.55640409  26.40725312  34.14416153  50.42773915
  85.86882598  59.15472206  32.00119407  40.13835338  32.89663717
  36.59951619  46.68284834  48.20735061  27.40503085  58.40571553
  41.96082327  25.69987848  58.26543063  38.2779338   86.92557452
  34.62464466  29.83181372  30.66409864  40.2633403   44.00802871
  42.7752839   48.58703087  18.63898398  54.03552733  68.9228188
  42.8423578   32.60666046  77.72282239  21.3561919   43.29921954
  22.06096298  26.03732901  18.57508432  16.4343959   38.57023886
  76.37098178  30.09908437  25.99042945  46.44467854  37.82882429
  42.22544263  27.06223996  33.52154756  31.81766885  49.87759105
  30.83033302  36.3865441   49.72476886  45.19551481  88.36897169
  34.05340972  24.55797163  54.1826374   53.76270294  59.3053866
  28.8480448   26.934585    37.64526748  35.77360609  47.38527762
  43.22051898  47.4395693   30.45203713  23.14664086  24.94834683
  43.86447848  42.11204073  52.55809274  14.85529553  89.07395346
  82.43413497  18.50780284  35.07823184  41.94481539  41.17805357
  53.89614683  27.45569284  34.55239921  50.48266956  49.20680274
  21.8648048   23.38348843  45.94908995  48.01243813  43.09281785
  53.40367468  24.39009976  69.02534995  48.82840381  33.70911077
  29.3647311   25.36085453  27.4509912   49.7599815   36.51333086
  42.75773761  28.96429396  36.558566    49.14615593  32.22656021
  44.10001255  33.35424033  33.81124029  31.87475909  39.86771481
  54.38775346  62.79181588  35.72028004  38.51530753  39.79662064
  60.22420564  37.92581765  31.04107171  28.28847428  31.10058157
  37.23565775  45.46767853  52.01263221  42.79691892  74.47783387
  36.98630139  48.59122185  27.1202017   94.23960277  50.36666918
  45.9745813   39.66125716  35.50806935  49.67730754  34.94266948
  45.46590553  24.84505211  34.39195496  37.16889994  31.19248652
  33.81247853  37.67525214  19.17601324  26.69782475  59.00341478
  28.7099218   24.27530288  35.10432736  65.63428669  30.44709255
  15.65108578  43.11653231  29.14633468  41.21645709  31.50079953
  64.82933002  39.25524746  27.13990126  40.47407137  47.79465961
  35.77862824  51.95558046  35.59011171  85.22357222  40.10427024
  32.3559932   54.00248444  52.88952937  32.94771637  34.1024024
  81.9355492   72.05550703  34.45840393  37.0554059   51.94935978
  35.10386073  30.79652133  21.55306401  33.7140758   50.64299997
  63.60345359  24.57824131  50.1132065   46.03592917  20.40159859
  20.2960124   87.93335683  33.97481456  38.44302889  47.98912768
  41.94926805  39.12716449  30.38157595  69.9181011   51.07148564
  22.88433145  47.57916168  62.93131378  35.35361841  17.02961144
  64.30511834  40.98097609  53.45946671  30.37348325  29.71164574
  49.28057326  41.47489423  64.30614727  67.55154461  38.07280698
  19.39398589  35.48567243  21.02116565  27.61054391  88.72796981
  39.44665151  49.60920153  31.92720332  31.99321005  50.05650445
  32.38033976  20.9616825   52.08551658  25.67575138  55.33550199
  43.21064243  45.3692835   52.72687911  44.33077892  25.55464306
  25.89655703  50.91889015  27.79234636  38.15722065  71.9604977
  54.7852469   48.3603788   44.46721372  69.93634227  51.45412362
  37.63053961  29.94022213  38.35493683  24.56996071  27.58019463
  16.87509563  30.31593076  37.76094952  26.49900152  28.84923385
  21.04011492  36.14830126  40.93759546  26.22915397  51.07343998
  48.33718423  29.58081383  37.88888156  32.77658971  28.91154818
  31.88724619  46.14258435  50.12461794  36.40463897  17.33705258
  39.00590999  32.72686596  49.80268168  78.11028406  21.48569057
  43.93672973  35.43905446  37.68833152  59.79643523  33.43067841
  69.31944859  33.60611844  64.55755636  22.35983519  71.37674024
  32.88148728  47.72089212  31.34263631  22.22750071  33.76408354
  45.91791661  36.0371679   37.29900637  56.52760022  27.01420684
  28.55009388  89.08287299  52.56424996  62.46291241  45.0424856
  22.14665412  38.4982212   49.21461438  39.86232362  34.86476429
  51.10421125  53.7037787   23.1954245   39.60869295  32.87169614
  18.65477906  32.90867037  33.07589083  36.57165249  42.31380807
  41.16611823  24.52629691  57.94380127  29.50063172  28.43613725
  26.60717053  66.13719722  16.23712746  26.29718009  40.89523821
  60.01294451  35.50797667  33.37754334  26.09243702  14.75907621
 101.30807902  38.10295664  37.8965163   40.7041319   57.26917948
  32.29177798  42.78612452  46.55322843  40.03437663  46.78269104
  38.57846674  29.1895103   43.11987868  48.357299    21.94286741
  34.99410225  76.19429219  37.16119945  54.25245556  25.79073674
  30.46761008  21.64298003  19.81487029  48.98265954  58.35032248
  28.46793534  41.54630569  50.33688411  25.47362683  23.34703119
  41.098404    35.74005664  47.06306329  30.10504761  26.61171314
  75.94691549  44.21973216  26.39742854  29.16468265  43.02616203
  29.02176749  35.21848335  29.66966418  22.97181631  23.20800768
  64.29427756  56.41975968  69.53035909  48.0641889   38.60837781
  44.18901034  21.82554805  30.86193902  34.75245337  24.99739854
  16.32093103  28.4815016   54.79379061  38.44441246  37.14282821
  69.65343279  38.98023334  47.35773204  30.96231997  30.15388555
  31.83392551  61.2838854   63.24695738  32.89555667  42.35432741
  37.75954235  18.42858794  36.39019983  44.10279946  30.21430537
  40.39823258  69.39891863  39.91423351  54.68553243  35.89488556
  12.80673472  25.25153152  32.74174977  21.2681632   20.98689503
  50.40634944  32.67896024  31.95013626  47.18826564  40.55043888
  93.14405875]
Test abnormal scores: [81.68366965 52.64913274 63.71815641 ... 88.92912956 76.83189378
 85.15525991]
