Logging output to: /home/guest/Thesis/MotionCLIP_experiment/results/finetune/allSplits/fullContras/lowOverlap/NTU61-120/anomaly_results_body_discomfort.txt
Loaded embeddings:
Z_train_normal: (3033, 512)
Z_test_normal: (759, 512)
Z_test_abnormal: (52923, 512)
Normal classes in training: [34 38 42 46]
class 34: n=755
class 38: n=756
class 42: n=766
class 46: n=756

AUROC : 0.7354
PR-AUC: 0.9933
Threshold (95.0th percentile of train-normal scores): 26.5755

Confusion Matrix:
[[  175   584]
 [ 1322 51601]]

Classification Report:
              precision    recall  f1-score   support

      normal       0.12      0.23      0.16       759
    abnormal       0.99      0.98      0.98     52923

    accuracy                           0.96     53682
   macro avg       0.55      0.60      0.57     53682
weighted avg       0.98      0.96      0.97     53682

Train normal scores:  [21.94496165 19.38215262 23.6753281  ... 25.78816794 26.13848941
 20.5261696 ]
Test normal scores:   [ 27.01940351  59.81179916  36.06520994  29.46792745  27.70002079
  56.2614963   32.86417343  26.03660926  31.13628571  48.48205355
  31.21062052  72.25169845  32.89296841  39.90712993  32.72512782
  31.82150718  38.86605486  40.11898697  29.95013022  91.31075573
  25.80562628  38.88834676  39.1535198   53.54738193  63.04596887
  62.80493934  60.71467295  38.76133994  38.2923091   50.44198986
  47.64080771  31.79763881  54.56405805  42.85170725  45.90881417
  32.50736083  29.8939729   54.83622951  26.62679283  18.10744933
  36.72924463  32.34526526  20.86134685  29.06611706  49.78713652
  82.82684067  18.12039904  32.91922364  57.50423144  17.31368794
  43.65286453  31.36650857  39.92013679  33.84997425  44.54453972
  36.96071144  34.12832238  84.72073051  59.40984529  27.04305848
  24.4226808   40.83950997  36.70307117  26.06771572  79.79666044
  60.32841886  17.10950865  76.82755275  58.09527957  33.54651678
  33.37980199  40.68368072  28.94426385  55.098337    58.61686168
  32.58769764  38.32667633  52.55734871  31.69121738  57.99766876
  38.86846453  17.76109245  79.57463379  52.21180445  60.67675089
  16.57553163  24.506895    58.71592018  16.6659699   24.57615232
  74.25716776  17.03944288  52.48174623  29.58965739  37.59412485
  66.4160251   21.23184716  50.59344075  22.48320541  36.18140587
  22.36197711  45.32238289  53.408262    63.66213312  91.61173826
  61.44866291  23.14940111  58.45365043  51.87860647  87.92589897
  51.88437344  35.18285504  26.54809748  16.26076496  31.60814675
  51.86433041  20.27017015  27.06317991  40.16825203  33.37631753
  42.34504459  50.39738441  30.9197466   23.79292446  54.1817272
  44.97522179  34.66804254  19.17870357  37.53385001  41.78307955
  33.18112128  47.04091493  59.73111078  30.96046013  27.98210127
  58.29607451  27.4310208   42.31025593  31.17954425  39.80412195
  25.40264896  59.20557008  44.21854611  41.88311326  32.81163751
  22.14636659  40.47323813  32.57178884  52.48676172  50.83650605
  70.35637998  91.19627874  38.72211868  38.05711658  48.11423679
  39.69799118  29.16692198  28.85746108  50.110311    60.0848322
  20.32772954  59.5366296   53.61214679  34.71247638  28.90135006
  32.14991176  20.62855806  40.94242837  24.89308519  53.62249075
  35.05498242  39.02580661  61.42985737  42.63571801  48.7850792
  23.73690727  82.31237658  35.62734561  50.97862751  46.99195962
  22.8920544   23.42762495  22.96080246  48.6215591   45.40649859
  32.97453366  35.93537925  54.30821527  54.5293187   54.3620947
  54.91850695  54.86733853  22.27227208  18.97427599  20.17109581
  33.97268602  45.44251705  27.31904759  36.41008448  28.63795742
  45.1104941   31.48745727  47.75790818  41.90312082  18.43335459
  46.61441752  52.15023578  18.31319969  23.30127289  34.17885473
  35.42167587  29.0179877   65.96485731  25.03254776  29.1953779
  58.40798594  83.75970761  84.15866114  19.99949726  88.30967161
  55.49030896  37.63139945  42.08999014  13.51045104  23.43771845
  46.88814236  40.13085815  17.52753686  24.75576453  25.17114425
  26.56773079  25.56274637  25.86322962  46.24742058  47.43008668
  66.49747876  65.00464757  60.73219984  49.06344217  41.57068992
  82.46087105  40.45774614  38.90173645  54.87022857  57.47579485
  34.34226566  22.10952168  26.23872153  28.70225132  17.74207938
  23.80648181  21.8046897  112.99604992  70.62668166  23.24345659
  20.97467223  22.53350481  30.81631306  61.96475217  34.0737679
  34.10200629  35.95469974  82.58638701  54.46505984  26.64943552
  59.30747772 113.57287562  34.81592234  36.30440345  23.28423554
  67.38101977  17.93337603  19.83393165  35.95554483  31.99014434
  35.6949739   58.82544559  24.12870546  46.59923811  36.36974262
  67.91695514  24.99031482  31.34332315  24.20310388  17.96775904
  33.17766897  86.88850045  24.53494313  51.75924155  36.99123663
  84.0988577   64.3401918   61.6232874   42.02199476  42.12980488
  22.51103061  29.85188879  45.66508139  65.48661455  38.82955883
  70.72647522  37.08069594  40.37556529  57.36982785  31.93739744
  28.95878477  29.2832376   35.63535476  27.56483382  20.67660527
  49.02360404  46.37697997  40.33710787  55.04940161  37.47316544
  32.68955717  64.57604999  26.46386011  80.26373991  24.96907948
  44.92682091  24.77122349  67.214505    36.08729055  22.30201451
  24.08205318  97.66896529  49.12899444  68.40835623  35.14428078
  28.45420207  35.86371872  36.68627941  27.42638358  35.55794472
  30.54803392  37.59793926  56.09327626  57.12409039  33.71062278
  41.0721649   48.86702991  35.17438419  48.71129462  44.00850894
  46.80068291  30.060554    35.93933062  22.15575314  49.19268908
  28.47225419  35.38707593  32.11068356  20.00364672  23.91984781
  36.68056593  42.27653433  34.71117176  45.46852329  53.97588351
  42.37337178  46.16483376  52.12079434  31.27199705  74.68218438
  23.33764714  22.70356447  28.65148368  41.88745176  28.31709923
  23.46583979  41.53079136  33.59876677  23.0119932   53.08556711
  41.37279103  44.32418234  16.851461    32.24229569  50.26210554
  39.94811378  18.48813586  33.03482502  22.36860995  32.27731774
  38.7945983   32.87517582  23.34198815  19.13363296  44.3469331
  37.9165386   64.10291904  29.18694172  30.32450339  37.39228708
  35.46894425  25.33172115  33.90175606  36.21432673  46.75325003
  29.95946993  83.16975627  28.69977438  32.46459562  23.68362047
  61.80212708  21.6992298   69.93244475  45.73777641  31.95547809
  41.59724837  31.15582376  27.61074479  64.48132969  42.01119302
  20.20052634  25.68319974  29.5616199   42.69021943  42.3346097
  28.00745883  54.19583126  45.69428813  33.25014886  26.6575948
  32.26678604  34.78546627  22.70928087  28.96603195  22.81948022
  38.49092433  41.41115664  42.34083557  62.1681576   63.49588801
  54.26707204  23.51961778  16.59778546  21.58772168  49.98931056
  56.09962409  25.99364949  39.70783727  50.86468693  72.40473455
  29.31126395  64.61012984  47.95603404  59.00163811  32.62689588
  19.90146484  80.24811933  38.05334721  26.69667608  28.1953345
  47.58693722  82.02759675  17.35502655  17.29523681  46.50442204
  15.10712381  76.17108328  34.50420337  55.91958246  46.87163521
  32.06830953  48.41017482  45.06274697  38.86875847  45.8664346
  26.65407076  35.3133366   22.83084121  43.33249066  43.93224094
  20.08518536  28.94614226  71.01939915  60.55847955  26.46157242
  45.01811804  25.91362438  26.18701374  30.96084775  41.76629952
  26.82369247  36.32708323  43.45980533  46.65858028  47.88707657
  18.77532083  55.86061104  50.46401573  35.74323784  43.61766126
  36.76656537  16.68343061  85.1843153   82.40272602  29.70375005
  68.28244669  49.93416353  40.80115593  34.03700889  13.03599922
  54.15988306  61.09926644  74.45510555  18.14747942  20.14696047
  17.57860889  31.58309839  26.56645447  23.74940171  59.25073066
  70.54191341  26.87991858  30.44708154  25.94913483  49.04251617
  65.75675884  28.19028761  25.96287413  36.73836385  18.3903855
  31.43031993  33.48456238  93.88267588  24.09454582  25.40052238
  50.77538727  21.79716287  20.87897064  30.06507106  72.32404711
  34.95826117  21.68071443  27.62725951  35.37883547  20.97029748
  79.55060424  62.1285987   46.89487707  19.44902126  18.6307193
  35.14008307  44.08118754  30.27189956  16.09028205  19.72386592
  43.098623    87.07760354  33.99255935  43.11838722  33.17290645
  49.14442052  18.09640039  25.44122556  54.82387794  40.87499176
  17.00560842  38.31225554  33.89628095  64.62717205  40.60511042
  37.32952181  40.88904674  15.43042841  12.74254799  27.15312376
  57.54766482  25.68168487  44.87378938  35.35197875  49.09208339
  38.35000981  38.39245153  55.49345364  27.29860385  13.00549294
  31.70210158  42.51572139  47.14038714  54.17144123  36.9510009
  39.55577076  47.49458208  17.6311697   27.62640931  46.28800536
  11.71440177  35.27090443  24.22768721  44.5723541   27.12327053
  40.38738018  43.28498703  46.06966109  63.53472927  75.69862858
  38.95637696  76.48057306  73.06940837  83.36827942  31.83126473
  60.80585483  23.43292538  75.88985812  47.07499072  23.89630467
  79.53290844  24.28238288  32.06129017  27.42000558  39.43641581
  30.32716594  34.41865197  39.07063082  17.19965053  22.20435802
  59.06080229  54.19445797  62.03191672  40.34217457  20.41052121
  30.00784657  27.46341829  28.42094663  30.54598554  25.82583386
  41.4929973   41.05100435  50.98410063  34.82498899  22.38554994
  71.63787952  43.1101291   49.19899412  38.85615725  49.44919556
  39.52017908  61.74584109  66.12900828  33.82322945  67.14190034
  18.83227076  66.90587237  21.61232626  23.00751483  41.12900231
  27.59399713  49.34680826  39.19953087  47.14352723  37.72844469
  65.11657847  53.98071823  25.78159715  10.35985162  61.09298474
  20.84353417  40.47279625  26.17743713  65.25480278  31.33021533
  30.72642467  29.77534057  53.45251902  43.2282786   45.27927057
  36.14495349  59.30851317  27.29414683  20.45226387  52.25048677
  48.06768997  27.08215553  26.37989452  21.02503892  85.24906888
  36.71898376  33.93160858  23.09258363  31.27129933  61.00810755
  14.30266441  29.33400556  57.50816137  57.42353346  42.55216619
  76.01968463  55.05327258  37.87786097  56.91895822  40.32932531
  47.82851847  41.92054587  38.99838315  21.67106903  82.14652322
  18.67507096  27.12832516  50.58362619  19.42255444  48.54793414
  23.08244464  56.24912785  41.31188145  26.54953174  22.923165
  58.26208834  54.36948147  58.08434259  36.63009621  92.03404636
  29.16150687  26.41373793  42.76979371  43.89468078  30.89972862
  83.04247928  27.50797992  18.37264482  28.91431944  20.7858546
  55.81662033  37.83773607  22.01190905  21.20066656  56.10508154
  51.2847416   60.75400537  28.90029341  27.79687058  72.74686264
  14.16439129  32.0096663   23.07610019  17.70475096  98.13471214
  32.08304539  23.23462365  60.9450669   48.89428824  21.33974863
  52.39556611  64.93862664  21.68529128  49.12690039  18.09266075
  17.65291118  65.69942452  43.57946977  22.39612801  86.54655714
  46.8223085   42.36873245  32.73807007  40.27158038]
Test abnormal scores: [70.10649521 35.77840833 69.13154303 ... 72.17012165 66.88663992
 42.67298266]
