Logging output to: /home/guest/Thesis/MotionCLIP_experiment/results/finetune/allSplits/fullContras/NTU61-120/anomaly_results_random2.txt
Loaded embeddings:
Z_train_normal: (3020, 512)
Z_test_normal: (756, 512)
Z_test_abnormal: (52939, 512)
Normal classes in training: [ 1  8 19 56]
class 1: n=758
class 8: n=767
class 19: n=752
class 56: n=743

AUROC : 0.6836
PR-AUC: 0.9919
Threshold (95.0th percentile of train-normal scores): 26.3273

Confusion Matrix:
[[  133   623]
 [ 1561 51378]]

Classification Report:
              precision    recall  f1-score   support

      normal       0.08      0.18      0.11       756
    abnormal       0.99      0.97      0.98     52939

    accuracy                           0.96     53695
   macro avg       0.53      0.57      0.54     53695
weighted avg       0.98      0.96      0.97     53695

Train normal scores:  [17.91487815 24.13915192 15.2958275  ... 24.97643045 15.16232337
 21.54730151]
Test normal scores:   [ 49.38860069  38.43136373  38.80828243  30.90042935  36.8346876
  33.01061554  44.50918028  30.61273629  41.47905049  25.07006216
  21.10336303  33.21164277  48.58586344  45.62561253  26.16465212
  65.02015434  62.69623767 101.93200925  21.37084352  48.45453039
  16.14099709  21.61903616  49.07599848  41.28140353  41.95719827
 107.70522259  66.63245261  29.92428869  35.66412263  36.58500663
  18.77327459  34.12792237  59.22025075  26.38120196  26.00012277
  29.78789171  26.8207934   21.02824397  23.82354753  33.69495416
  25.67610417  30.46829242  53.08651457  50.10670859  36.73860528
  70.40778094  35.71521337  69.78943221  49.65303974  34.4037586
  23.19217441  40.30557063  25.52747901  49.35228041  41.68567994
  29.65878761  37.71837355  55.87535139  39.79540582  44.40635833
  40.08781535  31.78063781  65.13301969  31.42470092 144.46742341
 101.39031222  56.68674391  33.65472267  43.60843247  26.98890088
  35.3370278   72.96810342  39.22944986  35.68453189  30.26216217
  28.34356546  49.37852603 110.57353615  26.64518819 108.48643364
  39.25406343  20.40506016  42.80761401  45.342829    28.83058016
  48.48891908  26.35177573  53.99206397  61.01378248  35.19713122
  39.57509537  40.44400622  53.52356748  33.13780914 103.22948076
  39.37350418  48.20727974  43.63566361  33.70827132  22.19870252
  47.48896115  43.7912152   62.28380063  41.54718422  34.16488528
  55.35949073  74.48448146  24.45293456  46.84788491  52.56254914
  36.48871112  50.42527698  50.6388231   24.85773715  75.57375612
  41.22132717  29.19914199  29.2165258   72.78100747  50.59935515
  41.62260284  19.78649984  25.40820188  26.28483719  21.3093104
  55.19542327  46.07295628  17.80277283  20.10400005  38.0646411
  19.1262758   67.30490687  55.52775424  57.83436695  16.63161195
  38.91546093  33.77206949  60.08284171  37.64094457  43.05119536
  17.57217799  74.55740829  40.25313953  31.02905079  46.24096019
  35.7887871   56.15504511  28.46701655  66.91082362  26.93635731
  23.76484523  30.87114868  66.94552147  30.58197521  40.69185108
  37.40197314  31.41319473  45.53696218  74.87862919  70.26926607
  21.4637577   28.68998579  33.81138849  44.11909157  97.93318138
  33.19352175  37.7055973   32.2236657   52.75845474  51.57098198
  46.57948088  66.86634548  42.72627155  19.97955646  30.46076517
  33.89249663  33.67737037  16.41971765  44.61081566  58.18599957
  54.009346    42.97319728  26.49549265  64.65673578  34.42597217
  35.71173307  38.29683071  46.09333125  65.50959016  50.11492172
  69.87595836  37.62719776  43.61029939  20.37245649  50.45918841
  29.50971445  27.8170827   23.56802968  38.6153485   47.99078596
  58.65554616  36.34082003  44.03815895  31.53738253  80.20744268
  46.66319361  68.1881385   57.74779459  27.05806356  41.40760585
  34.61824886  39.34931513  45.33670851  48.88463636  43.03661107
  68.1749784   86.31915822  77.92350253  36.59665812  63.18973984
  29.19735122  52.52865792  42.29293663  37.76147593  33.08751894
  47.27437459  53.61272827  31.6417789   29.68393107  50.95826243
  29.79574465  57.9536966   19.38505764  50.01327014  37.71500312
  27.81397541  33.8914497   59.05770435  34.46951026  19.39552406
  17.09130457  36.28576012  13.49821486  27.62552962  42.75218034
  41.40273422  45.8438114   34.3829652   85.48125911  49.88933158
  28.7826305   24.7488234   33.11203888  48.82298919  43.57435257
  56.79499196  25.49437577  39.00123021  83.21790877  26.43472455
  25.97596352  25.44816487  29.53453917  68.34678424  28.74307446
  71.71254914  36.40054231  34.06915708  41.6004781   36.13937595
  32.33357503  46.28407619  43.0020721   33.62789222  50.40136099
  53.34955323  56.63393349  54.64458446  23.4827497   51.49662842
  19.4710173   26.06015922  54.6901706   41.72994481  32.01285225
  45.11648364  20.72152441  26.16763857  69.90282619  36.97164328
  41.76871698  38.54465054  64.13190564  53.66637554  58.17610926
  46.28026713  27.14215595  26.13149668  48.54456052  38.41730064
  59.74230844  88.60764337  25.85235235  31.53076462  24.82659611
  42.45032807  47.33120687  24.21194432  72.02314148  73.62579281
  30.40624608  22.0590264   35.67681536  38.88248739  30.17973699
  27.55133328  17.45779678  24.48282467  52.36918578  23.00242809
  21.21920788  31.37936159  25.57945949  31.02012167  48.76684029
  59.23403499  51.20428512  70.22794415  50.15625249  31.49742563
  54.95798462  29.12180021  20.07896827  35.65304242  24.77287588
  33.12662509  55.81991111  32.86753879  40.97532474  21.08601706
  23.18717517  40.12752261  25.26579371  48.30931497  56.54966036
  33.51891461  33.74045005  24.29797881  32.63295677  38.20660075
  29.39128188  35.23144335  57.985203    52.09452049  62.75876963
  53.305904    19.69205356  46.26489804  36.790402    20.21143615
  68.02670891  42.28267657  25.02595747  58.48722919  63.86291412
  44.83034794  48.70056363  30.92657183  57.13799884  27.74235515
  68.17168073  40.17883661  22.54309035  44.95368984  36.02240818
  21.01987941  29.94909588  30.95430767  35.9848774   41.13125097
  40.19597188  25.71910253  72.81845192  40.40635917  51.14507699
  23.73158053  18.2813193   41.07260126  37.47617427  43.90030943
  39.06279871  60.23280744  22.30978137  65.49706276  59.89026342
  47.08955232  42.18324931  29.43406983  66.45871134  46.11735416
  56.80246297  67.87767185  22.37100135  37.5813086   56.72294982
  30.56529732  24.21941529  29.49724233  60.61883461  30.00716017
  69.00836948  74.24687234  53.34692267  70.34629243  83.1392864
  29.15500215  61.96561768  34.69428045  29.76935529  21.84060825
  35.67971167  43.44563982  39.07254731  59.36664521  34.71561385
  31.1177574   65.37147782  17.45612193  31.57570297  29.84903806
  29.96835548  41.00913559  54.18909213  17.75062857  36.87733266
  56.2342581   46.13203618  68.67729422  35.58281071  49.93420302
  28.27782258  67.43619911  19.88290625  60.79272635  53.68109805
  30.03150531  24.98962302  34.89010527  28.07342054  35.68820212
  37.46451325  28.54746654  51.41635715  22.0790084   23.13505446
  25.8937368   32.17481721  44.24142654  22.04955038  48.59983732
  49.36277978  18.71474256  52.60341803  77.79293452  31.12828263
  14.37109608  34.26831061  29.19125805  99.54801326  51.61381684
  40.77623227  29.26822019  28.23824215  40.28433032  39.43349019
  31.76328988  53.1272179   54.25719706  38.26654178  47.08669023
  30.3773197   41.60570073  37.63603097  34.70982005  19.1182818
  42.59612192  35.86400344  23.14964065  27.40488883  86.95593631
  31.7399953   29.71750072  50.65426468  37.25517872  28.40817187
  51.66284526  46.72871074  58.15030061  54.97882648  48.58944839
  74.92652733  51.10485248  66.06024278  48.52299733  23.46585777
  61.05955929  37.69984351  40.29557251  20.84928331  73.75096454
  32.99651336  32.33935982  59.94316225  40.39864892  64.32410703
  58.28763718  30.43356613  44.19732569  44.29669626  80.05655453
  45.95277012  43.12089719  80.46760698  43.60899053  32.02353516
  16.54936747  24.21735539  43.66370447  56.1393084   60.60241614
  48.02623476  30.39295143  54.55587669  24.46150112  40.34276393
  56.04044277  64.29796024  39.67843079  27.51089235  38.69660674
  62.70379284  42.90749808  34.87013534  34.67400601  40.91459803
  26.24289051  93.76024669  38.04860796  58.67113682  21.17408487
  39.62466007  31.98743092  20.21012553  40.74291826  37.35509372
  21.93441401  25.80850616  46.75661564  39.61475372  60.9740842
  19.45919937  28.5171382   40.01821306  32.87529281  21.82779654
  21.16998668  24.40379706  26.75921553  39.75508076  79.35115094
  23.46945885  23.5332352   38.83658923  36.93170397  33.30861057
  34.0953942   26.76292583  15.67489674  49.26373158  68.84577417
  82.74955013  47.64480238  29.84708921  60.30615624  19.39050448
  44.76584959  70.45868309  62.68008221  32.53281231  24.08592822
  80.93023458  40.51784399  21.94189208  43.4657913   32.02116204
  22.96305076  64.90881721  75.0074692   56.37824317  68.42067103
  61.73919268  47.73801197  54.14898074  33.85167634  40.41812288
  21.76819118  53.78437172  59.82056565  43.14072246  17.24892117
  53.62705516  24.09282941  35.14356747  92.29719572  36.23534712
  34.26779803  38.79132017  19.61084645  24.30318828  21.23570804
  62.08034986  35.76225541  39.52201369  75.58269063  70.55791095
  27.01653238 104.52095327  48.05251048  53.22931623  54.4065037
  81.97817926  31.25576143  37.90606752  34.71326132  31.42483843
  29.21644021  39.95822203  52.83299309  34.2012036   23.80586224
  51.8069159   37.37098871  34.88770388  61.36543915  62.14270048
  18.1549943   33.29609014  25.03586141  47.99171403  28.01072313
  20.70498387  25.2079397   32.35948492  26.61905163  45.30352338
  30.76187868  67.07605535  18.33130907  77.42968509  46.98138915
  36.22733316  66.57875831  62.68058914  34.84130466  51.39458467
  41.62243005  80.35528356  50.70049552  15.07683785  16.17313633
  47.89045775  47.8322981   78.02654351  78.81171179  26.24049869
  32.55356183  21.15621761  32.37858352  29.77354508  51.88131633
  22.10710814  57.27585542  47.01836154  34.96291571  38.92526734
  76.11149692  34.06696581  41.24804058  30.39159788  30.69861618
  78.98360442  55.30442491  54.04808674  43.10962708  30.11235971
  75.13870765  23.37645544  49.68246341  72.5179191   57.17920484
  35.50381219  30.65227121  22.80603273  77.50360239  61.47173951
  37.96113477  28.30854822  31.81271851  26.55516857  28.9613223
  46.27819741  34.37669998  27.14781391  53.515039    27.78519044
  37.89998926  74.55877998  34.50742666  32.65440864  29.96085354
  63.71408536  51.02053649  24.15209323  53.32961474  37.54340844
  44.68447856  54.27199505  40.38883801  42.00671385  44.89320715
  50.48459184  55.07140415  44.32337066  71.07097844  45.36258378
  56.14245426  63.3686542   48.08734973  32.1511123   23.895765
  21.88001294  29.34458775  46.95365886  60.23268738  24.38147951
  47.26916132  23.08996325  29.93051035  27.23955452  57.33908576
  16.90927165  65.9607592   23.9193554   36.72475871  37.9958952
  25.61491936]
Test abnormal scores: [58.0650567  34.29578668 57.64983206 ... 86.34009006 55.34769113
 38.23221663]
