Logging output to: /home/guest/Thesis/MotionCLIP_experiment/results/finetune/allSplits/fullContras/NTU61-120/anomaly_results_random1.txt
Loaded embeddings:
Z_train_normal: (3026, 512)
Z_test_normal: (757, 512)
Z_test_abnormal: (52932, 512)
Normal classes in training: [ 4 32 36 39]
class 4: n=765
class 32: n=764
class 36: n=762
class 39: n=735

AUROC : 0.7786
PR-AUC: 0.9951
Threshold (95.0th percentile of train-normal scores): 26.7369

Confusion Matrix:
[[  205   552]
 [ 1605 51327]]

Classification Report:
              precision    recall  f1-score   support

      normal       0.11      0.27      0.16       757
    abnormal       0.99      0.97      0.98     52932

    accuracy                           0.96     53689
   macro avg       0.55      0.62      0.57     53689
weighted avg       0.98      0.96      0.97     53689

Train normal scores:  [25.6537498  20.7718645  17.05623489 ... 24.37150606 24.12427814
 22.02206618]
Test normal scores:   [ 33.70652835  44.69477104  66.78514589  48.58014378  34.4657255
  53.06897217  37.13701806  18.97765561  15.3468842   34.49322416
  34.99347528 100.74053968  29.96070235  44.42225905  26.69864382
  31.15114059  35.0297117   38.39176903  94.00928899  67.19220806
  37.60084075  11.45898436  17.64109369  22.23680978  92.93675577
  35.63863633  33.94460462  51.21056758  36.21516831  25.70160001
  46.64983922  43.67118983  53.00658069  69.99633183  62.26182507
  44.05960274  19.13908853  61.10030145  59.3532906   26.69141357
  72.74247096  42.10809565  37.91169097 121.10419821  23.50189523
  38.7046107   28.35314187  44.64615192  24.75506535  57.90811575
  52.37300049  57.63547497  27.53427057  80.67817543  32.25056659
  22.60039519  43.06212413  42.94484941  34.01483806  22.29251269
  58.33365342  26.22725323  82.31703234  28.08178582  40.44036845
  35.06908598  51.65148009  50.79306746  51.90154687  48.99344137
  14.64801026  80.31281152  52.23116308  20.28538781  30.71454359
  60.97065049  46.98622559  30.69612115  99.24923353  50.23746085
  39.70334378  50.83129452  34.11379658  54.91728368  44.09073789
  51.12820276  36.81122768 111.64424112  52.02367691  33.04178375
  26.87945316  24.76553088  40.53239566  86.93385129  67.35401554
  73.64817317  20.27520085  53.44276365  26.25349801  37.11441318
  51.19248128  73.44349468  71.75490604  27.03514376  43.25810209
 125.66539019  25.13428647  26.68807068  23.87046057  52.06457758
 101.98035692  33.70244453 106.38434069  91.44603916  37.02085376
  27.25139278  31.16373852  28.71366662 114.28982619  48.10108506
  25.75972214  25.24000702  53.41995085  30.1000129   44.26389001
  78.19690883  80.94043734  37.23836086  67.1186807   42.8683217
  60.78851484  37.69045214  54.72349401  19.61314742  25.73343135
  57.58361345  30.15692662  44.80843177  36.12016006  32.21589855
  36.29654107  17.22796662  31.47540725  29.99488762  33.70523283
 122.42892233  69.09417825  45.88120681  20.37902665  19.37189727
 102.83302595  24.25270921  39.94131556  37.45798287 105.61664623
  52.39307838  71.89716193  41.7835645   19.31364416  14.23799323
  16.63176158  21.1782856   33.12319068  18.93377176 110.78732028
  20.35046608  22.81619692  35.69827758  90.81945381  99.35526227
  25.7787365   38.04699868  33.38742753  28.55454203  66.58893757
  45.45751416  22.06319963  19.89026853 101.46504055  41.59422431
  42.4599471   23.56342439  89.70351405  35.97061195  27.02787986
  19.54680734  85.91536005  35.00478916  16.40492051  19.06913236
  47.56078884  43.16566719  45.32215943  24.4531973   20.66978985
  53.93039051  14.39965728  28.47502828  77.56875247  68.86427401
  21.77399267  20.53978735  44.28581657  41.49425618  20.94537385
  44.9128019   28.05540837  78.85564958  12.79602209  28.20107205
  25.33329759  96.2322056   87.56966627  24.5264664   53.62254874
  57.95943498  35.35530043  30.207607    44.78969028  47.31244913
  54.24597131  88.49822907  49.06110995  18.95976094 109.57440535
  44.84583421  78.23733902  20.96568626  83.07543723  32.06441606
  21.99461843  43.28428031  67.64619413  27.36909336  89.64562227
  54.01272655  55.35441357 112.4483927   41.06672088  67.64919039
  63.45379203  43.8304365   27.37539477  16.2433094  105.98502877
  26.59836178  14.83566611  33.29936216  34.66522684  40.38425394
  42.25431737  51.29815585  49.75488534  37.38882994  12.44671453
  20.98270377  43.58798649  30.82126278  33.66443901  25.37869879
  82.33342161  49.85809822  46.55810122  52.07298994 103.98830402
  15.76360671 104.25002476  26.81954397  77.35453398  24.00902866
  30.01484985  19.81621241  52.27248842  28.39244316  42.10632919
  60.27538567  34.64225059  47.58693522  31.23705949  41.60142259
  50.27873878  98.52559511  73.59924512  45.65896273  58.78205202
  52.53384406  42.92859931  76.78020168  27.12994545  49.05858516
  44.29850549  53.67882097  17.60869035  83.84365199  28.18988441
  45.53439072  14.0780948   27.66190162  89.7492737   36.1653038
  36.91560658  39.6851472   17.48833263  36.24686655  56.52441774
  71.41522178  17.89690112  32.63322374  58.66235361  53.36529784
  32.90166935  21.87680212  28.93320085  30.11212704  27.49744729
  16.63192685  23.33887809  34.14268454  22.8557027   87.02613729
  19.82765557  32.39627252  22.3777266   39.37247531  33.34015466
  19.04022381  53.99711216  56.17445032 103.95090272  43.936108
  65.93977269  47.73252684  17.61900213  21.6504994   55.89985561
  12.74510133  54.36217406  16.48454801  59.51159324  84.49562381
  42.24885487  25.29475907  20.12730826  68.00452114  28.29748744
  25.98815163  21.692507    32.92722389  72.87053876  22.51395883
  19.38715678 109.2102322   43.4686752   45.70311873  34.66449528
  42.51833975  46.16001586  59.05416012  52.92627363  30.58500098
  77.96888433  21.70203223 115.40405909  30.16856769  88.71470603
  19.81913213  38.01362707  20.58303463  32.89406339  20.34148705
  14.39091432  42.77845923  30.89110158  34.11933766  16.23619519
  21.97410403  63.73058813  72.56542785  26.4308011   33.86642149
  42.68405089  99.6351812   41.0473624   33.53819357  17.77187536
  35.23831975  98.60851894  30.39442144  71.58890552  57.78588624
  62.05581136  27.92001167  53.34577379  36.70350529  41.99577032
  80.06730641  26.92770561  64.21742322  29.09032529  22.56120224
  17.52106839  43.01702775  29.12591248  22.78102135  47.65720754
  38.90983315  92.21184372  31.93766875  41.84966562  18.37765796
  53.376093    54.79047438  14.20713603  83.31549295  26.30262342
  18.31139074  55.87617073  81.37091016  33.24608576  87.79284721
  29.49149221  17.86340504  49.13208323  25.52102668  55.51596526
  19.21884436  36.54839533  47.51484663  68.4933385   84.45094873
  82.72112981  24.2406717   29.42936374  17.86423563  23.07304447
  25.48972699  77.91127071  19.52624818  22.81156657  28.689044
  23.7531749   37.51407938  49.2143726   84.77837798  18.77413664
  57.48442317  71.04142678  22.10023505  85.09553502  59.01746129
  15.4437618   40.25547989 139.09011794  22.05185994  40.46010741
  27.16688828  21.84969946  16.37978076  16.1810678   43.36179776
  47.29218839  19.01994096  48.73522388  31.9339981   54.69662533
  20.66511634  63.75486268  17.4467894   27.98632691  51.40191269
  60.18185841  30.98910739  31.73512841  36.77824385 121.98440922
  34.91607138  36.48504896  82.1743075   16.03386127  35.12577736
 110.09103612  33.68564825  66.62750897  16.59429553  55.95117629
 101.94990439  51.54158632  37.19915589  51.59624319  23.52900783
  14.78714658  22.98424658  57.43705544  23.12482894  36.65899157
  92.86408617  22.43858532  86.31687838  27.73724813  43.8501535
  35.55616048  98.86258399  34.29601331  31.13910913  86.83104893
  49.68240789  42.2349261   29.93696433  20.59304862  97.07494875
  37.435174    25.9279388   26.92209788  31.72069017  72.35864075
 103.05143475  75.16885602 108.13965054  16.06873054  45.49171715
  63.68335326  12.80695794  26.70410337  19.32214022  12.63257225
  81.74408284  70.72584091  22.64236761  18.42568035  23.84316003
  28.55482288  33.52758883  30.05390699  53.21886762  24.06553392
  14.1167764   22.86745772  19.34978159  93.79730323  49.87873366
  20.56471012  94.61307317  29.59830426  29.30809868  23.09667699
  19.63625591  23.81219277  20.80832627  46.94367301  51.17016648
  15.72265936  67.22688733  39.8027459   43.38067029  16.57992711
  24.6574911  102.42490829  18.26186741  50.11341122  19.58024575
 106.20568202  24.46182532  81.8258434   35.20797161  62.3741859
  65.17395012  33.71243821  20.668081    21.16622219  93.30617551
  17.9353638   17.29987243  46.67763933  37.21650354  37.71096253
  20.31727397  70.47486859  47.74127271  21.96442901  40.27639223
  29.48131412  31.61003078  32.76564872  22.6528534   59.46994813
  35.42774361  39.16609392  54.39060578  95.75560285  91.51043001
  20.73236175 117.18104728  39.03143861  20.52243927  61.35384327
  34.24032915  41.76516631  31.78643625  21.27855941  21.14569462
  76.30890888 121.04362933  19.90202611  55.54142015  53.14893412
  18.42407427  54.81607408  29.25830783  28.7111694   39.3722087
  53.27482513  55.41998176  54.68884492  81.85814118  26.31689247
  67.53314785  23.51844728  46.2029342   75.36542007  31.89732287
  68.20545932  36.52439385  21.99281566  26.99451729  42.28768277
  15.31720481  32.79999153  33.59929208  17.3012062   38.90946116
  36.97167336  21.66113676  17.57476949  44.85378785  58.09972137
  28.47895683  44.32651918 119.99578834  36.47636056  97.29751978
  15.83200955  21.94792215  48.31418987  48.734938    47.85462715
  45.6368303   17.38362209  42.41646785  79.39945369  23.61441813
  34.6586476   15.12273278  40.01915753  39.10490124  62.01652038
  28.60340508  21.79687268  72.99055338  34.38751875  75.84451512
  35.70075252  33.78370378  34.41404852  34.88385871  36.91496579
  23.81598775  17.77938333  20.15385293  27.07563951  76.72088676
  18.49881402  73.88303175  88.67305947  53.07048342  43.23255389
  87.61545875  16.95038416  78.12588013  43.62811135  22.42243613
  85.39732768  67.36516202  51.14402672  52.15779877 105.76059117
 112.35289687  20.67456765  43.34697647  42.20729888  16.481221
  66.34283133  35.03035297  46.26310129  18.38734676  34.32900575
  55.94201084  20.8683662   73.73430206  18.78712144  46.22403308
  13.11010328  44.87572724  73.3325965   13.43623497  57.6041648
  36.33423547  25.94861567  36.49016882  25.60874549  82.24660472
  74.82109708  33.96852328  29.38200411  26.86700141  77.56841897
  48.2950579   38.01103057  89.47106092  40.65789257  68.75862281
  30.0873359   31.27593874  68.0638873   47.21804176  37.72322902
  16.25785434  69.53056981  65.73565162  58.07421529  49.91314268
  26.0996519   36.76994668  19.47031067  27.00985715  25.47682128
  48.81274379  42.57543407  85.62813934  17.95715856  17.13207396
  60.06255762  23.39586668  55.21698589  18.42448673  69.67830295
  40.10729393  78.46056319  28.90342011  34.17339843  26.29217084
  33.21427796  33.34109372  44.09498546  28.2836132   41.35933786
  66.20691355  23.18293098]
Test abnormal scores: [ 59.25186592  17.57872488  84.33622027 ... 104.99673784  66.4909784
  51.58068122]
