Logging output to: /home/guest/Thesis/MotionCLIP_experiment/results/finetune/allSplits/fullContras/NTU61-120/anomaly_results_fighting.txt
Loaded embeddings:
Z_train_normal: (3030, 512)
Z_test_normal: (758, 512)
Z_test_abnormal: (52927, 512)
Normal classes in training: [51 52 53 54]
class 51: n=753
class 52: n=764
class 53: n=765
class 54: n=748

AUROC : 0.7601
PR-AUC: 0.9950
Threshold (95.0th percentile of train-normal scores): 26.1171

Confusion Matrix:
[[  124   634]
 [ 1483 51444]]

Classification Report:
              precision    recall  f1-score   support

      normal       0.08      0.16      0.10       758
    abnormal       0.99      0.97      0.98     52927

    accuracy                           0.96     53685
   macro avg       0.53      0.57      0.54     53685
weighted avg       0.97      0.96      0.97     53685

Train normal scores:  [23.77919583 21.84424578 17.03863655 ... 22.97006287 20.8816194
 26.36196016]
Test normal scores:   [ 39.08474818  49.51038415  55.30559435  28.13916947  32.40480838
  55.62723812  37.54151458  21.15787378  24.82953757  36.84990393
  48.13213406  28.69612756  59.49238097  21.14855096  44.46980823
  29.7429665   98.92965402  21.85367856  40.12676338  47.78680996
  40.68981535  66.64917312  32.02022621  47.2890839   16.17076309
  50.00785784  39.30196086  40.99217818  44.65497569  81.0053323
  38.50378374  30.87585483  32.19366696  58.77254214  50.93514799
  33.35650336  40.89911155  42.03396308  80.76588494  62.41612951
  32.48592638  69.81153376  26.77365071  20.21514391  42.42849781
  55.00140423  65.61105796  31.92108261  55.11106607  55.05305333
  41.91793584  50.96901488  33.32522576  45.82783575  34.86350014
  40.77017242  68.09409504  54.72254868  69.3971478   30.84495305
  70.05044567  33.72772517  41.67527478  22.06287914  40.09842113
  35.83452761  22.11233701  47.11708392  45.3623318   38.18780458
  22.43037644 113.62577489  32.70403862  45.0300975   84.51035507
  49.0974867   31.31781552  59.18993837  46.03864353  52.17702379
  27.48749059  40.89342665  51.5560064   38.0780931   37.27605208
  57.85265162  28.02741551  13.65594921  51.37772404  35.82482697
  59.85313388  29.01949268  43.16919671  26.7641412   58.06997793
  30.84943489  30.39011539  31.42784217  76.40446933  61.8404019
  43.775542    42.58265075  46.75045771  43.10406498  36.76247925
  65.85165976  40.7949812   46.80300123  44.38558328  43.853741
  14.57999878  40.72172762  74.21752487  15.01877715  41.81237987
  63.12619464  15.92897176  29.83883428  37.13824736  57.14270931
  36.61629778  38.12376848  36.34601434  41.26615822  17.72434068
  57.38236944  50.99976217  35.92264496  31.43670028  20.33764287
  55.08047394  50.01484418  53.30155377  48.20607016  37.52719715
  60.86900245  50.26915142  34.63031315  80.41510896  36.38309355
  42.55066234  18.12324477  24.41936457  51.40405148  60.79798779
  36.25156897  35.50234042  23.92075691  27.83866505  35.75391294
  45.26536483  20.96929191  45.96588529  48.53391465  25.00551632
  29.15882234  39.90668632  39.25723782  44.86583231  29.18751825
  47.6550036   17.26803875  50.6559856   46.77303627  43.49468625
  28.56722002  41.66773265  38.71182515  78.98115213  44.60445922
  17.21930143  44.42209221  54.43643528  24.31127872  68.51380011
  29.93645015  52.79066796  23.68735624  67.48432335  40.74589305
  48.86489099  59.01573332  53.51533879  16.88751673  32.92809429
  33.65286997  72.72740809  45.27897696  52.05575258  66.30425669
  61.91998751  81.89559355  26.61662163  40.80598993  31.9227843
  34.15472229  12.41196217  20.1189528   15.42134564  39.20861955
  37.971313    42.60916485  52.62753242  38.07518638  52.86531492
  57.51066441  77.10371058  34.97880931  31.2228197   12.86841596
  24.28572466  33.07003063  60.82076786  52.90771617  37.03096001
  22.66660509  41.79821442  59.54404219  13.16657787  29.03813152
  47.84291511  47.05821018  73.86640278  70.74526957  32.93067205
  59.66406982  44.12895216  40.41562699  49.58428975  26.46784153
  35.23098018  56.66093596  29.52341394  44.32635315  24.5781746
  25.90051901  50.5038152   28.12611137  42.55539145  40.75156273
  47.04239549  28.70100917  37.15293358  73.76108082  45.66305275
  39.79241427  50.81320784  22.88656781  26.48170948  48.87912333
  17.87476711  30.06905602  62.97762779  51.38028567  24.88143876
  15.92344082  59.10166931  35.23851067  19.81637363  40.68080733
  42.45015291  30.21184424  45.15741818  31.57289252  16.97933797
  45.11152526  51.48760752  34.44770371  54.78345239  27.90297911
  32.40322725  29.03920884  51.71676417  52.27203738  47.45654947
  88.75565216  52.27739905  41.77863855  18.74261507  45.23879938
  26.64402968  59.46076868  49.57966252  37.51759378  39.13740899
  43.93613064  40.45370598  16.96724512  18.93933287  73.42092966
  43.96119086  61.40240809  46.28185796  33.23789217  21.86488911
  37.20245008  48.69134855  47.34732961  52.18234185  56.18524458
  47.7264872   41.2580188   42.21817337  22.79082311  46.63573007
  57.75279063  80.9881204   25.7699858   36.36955306  39.34825618
  55.44753065  32.65750972  30.46424328  17.80425813  22.79053076
  43.04376699  32.75589535  40.3047534   21.02779549  46.94135352
  56.50365938  19.14770435  64.61216688  29.10825644 109.5855819
  33.68850983  37.16078968  17.87841696  15.90761545  37.34203401
  32.17080672  52.46339058  27.76639101 106.28717915  56.81957947
  35.41216732  26.03459611  45.81676173  45.05114802  47.91903229
  30.62704631  41.21769231  19.99503583  15.1397569   29.36668542
  15.67344147  59.96354848  26.12212165  32.94104017  29.70482451
  50.93370011  43.45192677  29.76256361  57.10844181  65.07268138
  27.5012041   69.36720589  33.60522312  31.04818748  38.71636849
  33.35121958  49.59781875  49.60632323  33.07489864  44.53263531
  58.89380255  25.62874827  37.20004042  33.21908475  50.28766026
  54.87236591  24.45656038  53.3126022   52.41898289  34.19222633
  81.91009421  65.25633625  51.23783296  32.52643334  29.10433429
  67.15941506  38.95235928  49.71280108  25.95146905  75.11362484
  43.62037941  47.76379348  40.62854965  23.71479972  55.36774643
  39.52975931  13.78418409  33.92830207  62.83774887  58.10789927
  24.63350113  74.7603103   47.01230537  35.84508155  25.50470269
  67.24296889  63.14658824  28.29624463  72.00122072  44.85478324
  18.40700128  55.45008728  41.74846984  39.11977765  81.65570548
  57.45137115  27.69721455  41.94184287  30.21060803  42.4206261
  44.70648309  42.24939815  33.82192071  36.68269564  17.31494391
  44.82194359  34.28139576  76.51364926  20.75910384  39.12803096
  44.60274967  45.11310988  44.37506313  23.50114145  79.29645821
  46.50727572  33.95931103  24.41495271  47.16963141  71.74031091
  14.13919392  21.80758519  38.72442115  62.7531829   96.63157627
  14.9651832   29.478024    61.71068578  40.20686035  39.48001866
  58.6621312   30.20292381  56.58546937  31.64642482  30.9607187
  50.35811198  36.43067937  74.16927233  75.81871053  32.34611073
  39.83591807  46.5949717   18.14194363  92.07812129  59.28804161
  65.55626165  43.81794138  28.00827053  29.94714128  48.80787621
  27.98220702  35.04235438  38.36681159  49.09571465  50.10956327
  29.99643384  44.0239379   37.74517965  36.24416498  50.02703534
  57.86863906  18.99046219  40.43611897  72.98333732  52.81018477
  53.64335832  36.60982178  50.83783456  59.53956427  62.87882952
  44.43401468  52.32187477  43.77764715  39.3056784   31.60462677
  54.03279646  38.5469371   30.08339474  27.03598549  53.20412136
  15.97157042  26.28902357  37.09337936  36.40305541  22.08840634
  45.21424758  15.27501402  36.2050683   79.00849254  49.62681011
  39.70555778  24.25089981  29.63269854  16.41579427  21.94941675
  15.03511641  44.40008462  20.79814109  48.08857058  33.85236795
  28.94988069  59.08701643  35.79753367  62.43859721  32.24372908
  40.06953009  20.4737743   29.48807465  54.92642636  43.73110176
  42.4422494   23.8799066   23.73817782  35.49026982  43.49418945
  41.49830402  22.40966204  33.4278878   27.07787028  27.48955423
  36.92670418  28.02755875  41.10990809  40.79383135  21.98386694
  59.83021674  51.86624509  12.41722059  19.28991931  63.11928066
  33.86337925  14.45704383  34.95920677  20.79989536  29.11424209
  26.40075763  32.68565647  32.88482996  43.84175075  50.6367911
  48.4103296   53.32005182  50.24817508  50.38509838  39.1956198
  40.9181522   33.96189805  33.39456893  26.33189144  43.63642074
  44.11982872  42.39463419  45.09053272  44.95240728  30.44471448
  34.54422666  33.17082449  67.20025146  32.58651526  41.2612398
  39.56417034  53.69535571  50.04881529  43.77841846  38.29131466
  33.71591791  31.02742482  26.8794739   30.26212252  45.6522434
  41.6454468   31.17614684  45.11605181  34.82039671  30.90544032
  43.47225041  45.6242755   55.80820853  48.5370682   45.0419658
  29.00874139  86.90196729  20.06236468  64.57642851  40.1884876
  61.2242219   38.31453214  41.00626987  22.83817924  41.89899894
  63.50009911  23.32822619  40.97382616  24.36463742  27.39259266
  22.69341595  20.29082218  41.84561631  37.64557616  81.82598456
  26.48809297  58.23684417  55.33877932  27.32348643  51.32131643
  20.4893472   54.9791904   64.09118964  43.48891364  41.97564246
  42.63150425  26.85491579  33.45533649  39.31823102  35.24798181
  13.29202835  35.28219318  36.2332408   29.9850518   33.20657757
  51.91767961  59.76387298  50.51198618  33.15726851  47.35613018
  37.2835853   43.90448645  76.21888543  23.67388249  48.81078075
  43.99640896  47.83534301  43.03474815  54.18431276  45.89874781
  45.40954213  51.14422936  51.00402659  23.16474812  28.08901573
  64.95939968  46.50507707  51.26150668  19.44143959  28.23650807
  18.49022255  18.18372846  31.60995381  15.25408484  62.5557761
  14.00805104  34.44912413 103.79061595  34.46323911  61.8683849
  30.14469289  42.94426562  26.51608963  17.17678914  26.42656618
  14.69192557  36.00219907  36.02260441  93.97327158  17.08409959
  34.96794148  29.9123847   39.34212654  47.11779325  32.92682993
  29.98903238  78.73129742  39.80227302  33.05758046  19.28343047
  23.00924456  42.31178305  71.56923869  53.75418403  63.05854695
  27.23784805  38.95853126  19.96657005  36.62462855  26.20311134
  71.12149616  37.06111415  62.87872306  27.80773715  11.76918207
  15.27103891  29.67672584  28.43671146  34.81535103  32.8693341
  45.21398542  50.84658108  47.04036313  44.93595087  34.44381482
  66.15997824  63.1656215   29.72218847  37.78136349  41.60091606
  19.9627135   50.28225394  50.6161722   23.85281279  50.45722214
  21.7442964   41.14830385  16.08606376  35.78601786  24.50294734
  30.97116209  23.61203599  23.33488307  67.24500538  60.53409854
  20.10311129  44.89325268  42.46038213  38.93138135  47.69821589
  29.56654056  37.58752189  40.77940348  49.97206398  38.39158369
  41.91681992  57.899263    42.99691481  17.45835081  70.20055266
  37.64272696  17.48414417  40.087056    59.77550085  41.70929431
  25.72466403  48.33543584  41.15148694]
Test abnormal scores: [48.74137064 15.03242743 50.73961051 ... 69.37256798 78.0119798
 34.43903051]
