Logging output to: /home/guest/Thesis/MotionCLIP_experiment/results/finetune/allSplits/fullContras/NTU61-120/anomaly_results_random7.txt
Loaded embeddings:
Z_train_normal: (3023, 512)
Z_test_normal: (756, 512)
Z_test_abnormal: (52936, 512)
Normal classes in training: [ 6 14 19 40]
class 6: n=745
class 14: n=757
class 19: n=746
class 40: n=775

AUROC : 0.8701
PR-AUC: 0.9976
Threshold (95.0th percentile of train-normal scores): 26.4945

Confusion Matrix:
[[  162   594]
 [  737 52199]]

Classification Report:
              precision    recall  f1-score   support

      normal       0.18      0.21      0.20       756
    abnormal       0.99      0.99      0.99     52936

    accuracy                           0.98     53692
   macro avg       0.58      0.60      0.59     53692
weighted avg       0.98      0.98      0.98     53692

Train normal scores:  [25.6754408  20.24805    25.28214614 ... 16.47136083 25.21285939
 18.64833407]
Test normal scores:   [ 50.84063226  56.57284288  65.2441433   20.84130335 122.48231016
  39.04300794  34.1854056   29.66301334  22.07190955  60.7469129
  36.61654388  44.5156741  112.51959648  70.82698222  30.19365258
  55.92487405  92.35232762  68.48896535  50.5301069   34.57562521
  37.70524496  51.5064696   53.79974768  54.35686486  24.99201527
  33.07745298  43.00563622  29.51650801  37.4297367   33.69995486
  42.03223882  46.20655044  22.45755624  35.93230599  30.67700183
  22.02297776  19.74222575  31.13761014  16.42907724  42.11097133
  41.68774351  44.77195837  20.06884744  38.33840904  27.21584469
 128.97605132  35.86173709  81.70686089  53.99056274  22.08402677
  77.72203543  55.0612776   32.46961162  35.65396422  67.69406856
  45.72011565  68.31200618  29.31649631  80.30154877  53.29654882
  41.15797702  41.08938764  22.3445754   22.42097788  27.64676037
  59.83134343  67.9508125   36.25703552  63.80837857  57.50896853
  72.03367974  32.47558898  41.8709926   24.1359605   43.32441953
  60.85280702  17.77758634  33.18116671  29.66469788  49.13967113
  47.31374304  57.7791184   24.98896779  57.74332643  17.21393149
  32.42615342  18.58810896  24.41056503  37.96656762  21.17258326
  65.78552347 104.77910433  64.69508234  19.40190554  38.96025393
  29.47469969  26.33863077  95.23960177  41.92577155  61.52713041
  71.39543781  42.4720619   27.12479003  19.73554153  38.22153828
  20.94930133  44.74658497  25.07260769  47.89504783  88.37616457
  23.11188857  51.86451871  19.0197786   77.36256501  83.33727013
  27.45922007  31.36802549  31.08201992  62.92923963  20.64306981
  61.38777634  43.80542329  22.64308491  71.22140229  48.74644177
  53.43391946 109.01719244  32.79821703  28.04014856  18.30156134
  22.99429304  43.79566771  55.12705282  27.38880146 118.10327401
  44.22159309  23.27287118  41.60269942  73.29889941  28.46041376
  91.68251355  25.60089511  55.80900652  22.6448633   48.23789242
  34.00304846  37.82478581  61.25624172  20.38971863  19.89050365
  48.36371808  29.86790344  29.14745405  61.72048109  37.53891696
  29.07403161  35.8507362   46.87494243  33.67250345  54.35433035
  76.82138476  27.00167988  39.58479402  20.66496264  61.79901242
 141.06310821  23.13468351  26.84065176 119.32295686  19.66126696
  17.97380491  50.54665231  71.11983917  28.63681176  21.41202316
  47.41588458  34.87009513  30.93307362  27.04931171  19.45311219
  64.5516868   82.23764325  53.26220509  27.05315102  15.34023838
  42.56179494  31.39240385  24.60814433  31.4666258  113.202403
  94.05947782  54.40226701  90.64846456  26.1663798   47.81618618
  31.72954279  88.55874248  27.77157044  49.54256263  81.75510349
  41.17686272  41.25024751  30.55980165  42.81173351  70.91030272
  36.23922044  45.82394639  21.02145437  23.77481109  29.95708887
  14.74364133 120.42917768  33.76545735  47.6993377   47.32332309
  17.73455526  62.82639273  18.18789785  43.25994986  24.92571384
  97.29500451  26.70933133  27.74718146  51.22820547  21.16697525
  26.94174026  30.05444718  54.61503273  29.15227712  64.23693099
  46.13618579  18.3948163   38.33679734  42.31652248  29.68223604
  24.24929514  53.10013521  69.16151348  28.16766087  70.95134285
 134.95183616  27.61729889  48.29402884  30.46765897  18.66856301
  43.57791197  21.11132109  30.6061192   51.02068292  21.46196885
  78.62473148  68.88384384  15.54097921  68.23471011  50.2134987
  26.49396366  31.80715986 107.50585248  38.22485662  43.31630797
  26.34224901  93.3302496   34.24341415  46.52563902  36.60580324
  41.44624199  24.44886863  31.4056323   17.67989251  37.97192868
  59.4202984   40.2702424   49.01308111  70.31904194  29.48537959
  61.36801244  37.87842248  29.92654519  25.68000256  29.23420648
  20.38023514  23.9868368   36.70946612  43.69377834  50.52300157
  42.91468059  23.78061895  21.29898044  40.17150998  42.61367533
  43.65210726  40.86126547  25.80061331  23.06205309  43.2154974
  22.2964921   52.85152882  22.42352736  65.76176473  43.23487947
  82.16597736 149.80496776  86.39937725  27.14702604  28.09120277
  42.8635696   39.54771755  41.73283276  71.96528609  54.3706848
  65.16487105  15.77759971  63.15771133  17.09427314  21.55143091
  28.11362605  20.45458546  51.85867817  55.82699434  18.73796218
  35.17697852  13.8292638   65.676293    15.551713    45.95759017
  53.37377483  34.84442739  94.4624327   28.52854062  49.649755
  74.04538137  47.5097191   54.28858273  25.63369187  37.22376616
  37.08626966  29.74191464  51.12927519  20.58685136  22.12377988
  69.38593684  32.87583488  69.25882206  83.29020124  54.14719569
  35.31599614  51.98135274  34.56201633 101.68468798  37.57837818
  29.7738021   32.2000716   62.31234353  83.53474707  25.86760942
  31.19166421  78.29396248  45.07472286  50.10194033  98.0092888
 105.22430249  44.14847328  83.60477156  63.21189661  27.97527165
  55.42168106  27.65906691  36.4981299   35.29044922  32.70681912
  30.32560008  31.19247843  22.39917299  23.10546309  16.37530398
  42.31355583  35.60373602  29.59302765  46.13159848  26.1480753
  25.69465098  25.02057758  28.13378908  16.07510977  21.65620481
  41.31848785  25.6431418   19.47779268  30.49041268  90.80540894
  58.21885379  25.81674431  30.95451695  66.86502618  30.4934427
  76.93197222  31.80632608  24.69576114  19.69758573  26.74831886
  37.32140361  33.0745213   57.18707212  67.22111604  41.52045935
  29.41517186  19.39772496  48.71201351  53.47396852  51.20359977
  47.15819866  51.18855116  33.25495622  52.21655477  28.7767475
  52.58863955  50.87598121 112.78283983  57.02235313  25.0281665
  26.80831694  23.15567736  34.23969429  27.42395342  39.79561885
  28.85631986  36.70833525  34.32099619  20.46294553  29.75367229
  73.70916778  38.88174972  33.89991599  31.67825021  39.64486446
  60.52786526  32.14356491  59.33889311  15.92076298  52.603042
  36.53569002  43.85733723 102.68722791  37.08611998  43.95756177
  27.83745449  32.15046427  43.39595656  39.60074021  45.44596913
  37.57582157  32.74685728  75.39187168  55.13242265  26.95538668
  28.96425365  85.28319367  28.87122188  42.13284688  20.78162717
  21.34923978  21.36041452  51.91208899 109.14610324  38.8030583
  33.22053658  23.21003844  53.56237352  25.89823085  32.68137006
  22.63420315  70.15623444  94.19033314 110.72994656  55.92203723
  50.92580696  31.45853531  46.1475136   34.90555142  64.11526881
  34.45513813  57.43195793  73.37777856  12.52083459  27.99444109
  21.63242847  78.02421726  25.27289061  30.95136113  45.88969005
  21.74920702  38.47801109  21.67716434  28.94239757  49.00894504
  50.14739709  29.63806231  69.38297825  46.12555628  17.27169846
  43.80740157  36.45070705  33.13736057  63.41640869  31.16977592
  33.86437226  49.153676    47.91613747  24.16627496  36.69417779
  40.61243275  90.96994618  84.28870377 122.17460472  37.05161625
  21.64738293  50.76304319  36.33929116 144.15218446  79.72471878
  30.9246579   43.0294719   24.15964861  20.26363031  31.22823416
  39.08244049  35.930245    20.06627893  42.57389382  32.28771214
  53.00219052  69.78289431  46.16167082 100.97908633  28.06886323
  40.03073707  39.7229757   39.54136949 110.31688834  21.91648454
  49.56715505  30.82392076  49.11878164  50.16485951  16.57069534
  22.66936101  44.72377756  50.28609496  34.58265857  22.26772709
  42.75245424  60.21593703  32.64983055  29.40772565  55.990724
  27.12824676  50.01720195  33.4779585  108.73538971  92.94742864
  20.76313039  25.61767163  35.10101422  34.48819096  51.66277323
  48.90074362  71.93320308  37.62739931  18.62415873  28.37505476
  28.33901187  40.93376937  20.79977954  37.82525176  43.1115589
  31.07006779  29.9833309   17.74773635  30.54855376  35.05928045
  31.07887915  56.13589161  17.38288388  32.5381935   63.29559898
  48.2649803   27.59953334  75.88006901  32.46406569  75.07845988
  84.6737702   27.62045283  20.75955223  20.84978068  75.37817655
  71.52421913  94.94070397  25.83303874  81.21610799  39.20714738
  39.12432376  54.03940707  30.93964031  73.5361913   32.77568383
  29.08264078  41.81819246  60.43896787  34.78147285  58.12725907
 114.49928463  60.66648819  65.00615563  17.56105934 104.18296095
  36.60184014  40.75871058  44.66218174  60.76638269  38.01918648
 109.48652086  40.06505745  32.1832137   33.39036066  37.12704191
  30.20760486  27.85280629  25.16995713  21.26718291  21.46585776
 139.03694022  21.69866883  39.29114368  27.83627985  21.5455718
  21.6507505   32.05063131  72.96365344  46.08340081  37.28106136
  42.41154905  35.15478528  72.9429759   18.99755136  24.89846136
  28.30565607  21.66767513  48.88575459  23.52714601  34.19622504
  53.87029478  24.21333355  33.36692011  45.30073291  70.10074758
  35.19219599  20.72251866  43.38178039  22.71174591  44.67114707
  20.66503844  23.51800878  35.70303953  31.18368822  35.52312872
  46.60087737  51.86212055  40.67724652  55.17804581  47.44551277
  28.52589174  38.83436758  49.96960154  22.7824647   25.0649497
  55.98512944  50.47206844  33.60029581  67.45203169 120.59553255
  38.67385834  55.91718882  36.22847667  66.01995754  32.69284283
  39.40232038  31.57903497  23.03885968  64.84747445  39.25896264
  37.23474111  20.5135344   33.16268402  19.17988166  39.34399526
  64.44797878  33.4072237   17.57164247  27.6289448   38.5618707
  50.4461914   32.42160692  20.9330677   38.427195    73.98294441
  58.98290815  35.50554822  43.06558423  71.38895193  32.53695874
  15.99866785  38.66369762  39.95697643  20.92663312  39.79746636
  37.56932557  34.02603068  34.80130795  69.30129971  18.25724264
  32.92035457  25.30925761  40.03468465  49.47198885  30.06070621
  28.22194389  28.94497184  19.29382294  21.18162419  37.93562105
  50.73635292  29.06994478  30.8004913   80.04178374  31.43583466
  55.9587288   79.30854769  31.78274406  30.56692949  23.56683862
  49.29310573  91.41867096  57.62444087  26.72603838  33.28510646
  57.26298785  24.66394191  16.68928832 118.0499059   49.98193204
  20.23645448  60.74511003  33.33541795  45.77170143  20.38671148
  38.84804906]
Test abnormal scores: [ 51.35951033 180.43789737 118.78202101 ... 124.18004027  55.53254888
 141.97547396]
