Logging output to: /home/guest/Thesis/MotionCLIP_experiment/results/finetune/allSplits/fullContras/NTU61-120/anomaly_results_waving.txt
Loaded embeddings:
Z_train_normal: (3024, 512)
Z_test_normal: (756, 512)
Z_test_abnormal: (52935, 512)
Normal classes in training: [11 24 32 39]
class 11: n=772
class 24: n=745
class 32: n=754
class 39: n=753

AUROC : 0.7151
PR-AUC: 0.9930
Threshold (95.0th percentile of train-normal scores): 26.4406

Confusion Matrix:
[[  154   602]
 [ 1712 51223]]

Classification Report:
              precision    recall  f1-score   support

      normal       0.08      0.20      0.12       756
    abnormal       0.99      0.97      0.98     52935

    accuracy                           0.96     53691
   macro avg       0.54      0.59      0.55     53691
weighted avg       0.98      0.96      0.97     53691

Train normal scores:  [24.38508827 26.03243949 20.54989388 ... 26.33958459 25.61273557
 26.22577992]
Test normal scores:   [ 30.947855    44.73798272  50.33862777  39.86959514  32.20124779
  39.44770783  44.02292901  25.54039292  62.45855257  35.42399752
  46.76439331  24.37387163  19.47599552 102.3135952   20.64350676
  58.02242366  40.07501687  28.09478119  66.63442277  25.26409264
  51.44889105  35.20169077  38.47061238  40.55481702  60.74085127
  86.24663171  61.10034705  17.53626719  19.46144315  15.8175147
  55.6213922   27.43036364  19.53372399  35.24403336  48.27776943
  25.62641687  48.87525473  82.01745297  35.97902185 114.11192696
  36.18363756  82.89305731  29.27391427  63.56336987  20.67225032
  37.96750456 107.70485009  80.58192081  24.08563025  70.31937355
  73.14128311  23.72361998  58.20228025  29.11985531  27.13323126
  27.23479591  31.69609215  77.6129214   22.17534038  28.36975709
  38.67967603  49.44349772  32.10827876  38.66062496  73.62528516
  70.87994031  40.8447009   49.00604634  65.88792801  78.71761671
 123.78867474  85.20057849  45.23873041  57.85133811  41.77268251
  62.03044851  21.84672796  47.55160312  76.18396143  21.6517707
  22.60697845  67.19479786  21.3207852   36.10393804  49.79350057
  37.34720567  24.97673221  36.5875343   60.5349483   27.35449762
  25.0366248   37.48022865  56.08654128  70.52810339  61.57869617
  38.29150011  56.26228734  20.69551338  40.46011572  30.55360876
  25.60800143  16.12432592  19.40639102  28.84446747  48.95652859
  19.54669096  29.08028841  61.18596488  21.08485372  32.94093409
  50.52683987  26.69104854  17.48163653  33.34373268  37.69229669
  24.58857896  34.70076333  45.07032511  36.53381622  58.99555618
  42.40814012  20.20716956  32.86201426  55.05708024  52.20822169
  35.26843682  22.93910105  78.88507489  28.95600143  29.27604195
  26.61714948  27.43161199  26.64749591  33.8749675   18.85548932
  32.30793089  29.86769132  21.18706253  37.98504157  46.14972549
  79.45088344  23.86171189  30.41302889  23.61931343  67.45411793
  45.54392573  14.6230814   23.43561161  65.51392184  43.0200815
  21.44512761  65.72586019  22.74117616  56.6977783   47.8947565
  58.36329922  25.6511967   21.88242681  45.96908069  14.5009918
  56.47779251  69.82142415  33.7046636   46.10174374  34.84090452
  35.10700997  68.79944722  56.78794768  28.79235054  74.7565041
  52.78835674  28.78188345  36.4069055   88.28063794  46.82880922
  46.06787072  39.79746733  78.13460811  41.3996281   48.22447343
  48.51562018  64.01280164  41.08852429  22.43291804  35.49960879
  35.16573459  33.99295912  44.52642051  72.0329545   59.69949599
  59.82351341  50.76929572  50.77053435  44.28550258  73.54691308
  79.06569539  14.15524851  79.21529656  27.57587321  41.70790713
  41.56432947  60.33865496  49.97386648  63.56313588  43.30755831
  32.78210486  58.50074079  54.00415826  49.61533658  56.40088831
  32.01693668  24.96127861  74.98111305  20.1445446   26.92861562
  93.94666125  57.86527539  77.30018972  45.6739497   12.91230508
  56.43099797  44.76298065  25.70623152  29.84664898  26.6224823
  60.7392846   46.03168774  83.86702074  78.31941998  46.34266016
  36.46593158  25.02472587  43.05283009  35.22205639  23.64107668
  30.89902202  62.10832932  27.58673689  55.69455433  29.59786852
  33.8822526   32.89403934  59.15825652  31.2103064  100.15148258
  28.02595375  60.76070472  20.00716653  40.99610191  18.62230554
  48.73905373  22.59497377  56.62263762  43.22136946  49.12524776
  59.50137142  52.60975385  67.9212277   80.91052212  24.70532452
  76.82635632  39.3305478   42.82801432  42.94043866  44.20196841
  49.574443    24.94138541  37.61602932  30.15839347  52.95291193
  26.9033178   51.18106389  76.40379446  39.15266997  21.56363821
  21.86517932  49.4219713   65.58754578  36.01696384  35.38720873
  42.43179668  68.53887943  44.36864036  29.89594824  28.94551226
  46.28379321  68.77680303  50.14918192  39.61667963  54.94638169
  82.48347366  37.45333845  56.09253883  17.34285257  26.62367673
  58.44688357  58.63090674  31.55419934  39.27963061  70.43817673
  57.52589522  27.0920079   29.74210316  76.33181748  64.52587666
  55.93502116  48.63308383  91.69417711  26.08256919  37.28744625
  44.09613897  86.71744114  18.18933436  51.10603435  32.89063184
  39.49821641  49.78968733 106.22494681  47.71850517  63.0647346
  64.43060178  50.94768987  31.45029695  66.0081768   32.23563674
  17.59387734  27.54756216  95.60711754  60.39071811  30.3032308
  19.08106886  26.77433286  49.4216085   20.14764039  20.81873421
  94.37578352  37.77565181  69.76167364  26.96442986  47.17619322
  42.1274063   21.94049925  48.33105054  49.82832163  51.43844561
  59.85805737  24.53474472  28.4683941   35.41338407  60.97551178
  21.29336318  44.06293588  30.1298866   33.02755271  23.64328982
  29.73426193  42.1158576   46.96863616  45.80455834  55.61969877
  59.44981371  71.89468323  35.58786807  38.41979735  66.90149829
  70.55165008  27.23405744  49.34967058  28.7787691   58.80677647
  15.55637849  54.31449226  74.98409324  48.07378633  33.09363653
  27.9229108   42.54927055  66.78466288  64.60093757  27.69502991
  21.57404358  29.25534305  34.18605525  65.77341188  88.99112191
  43.72273525  36.53535172  20.55181227  58.23174271  33.50761415
  30.02198888  24.00376058  31.57493266  29.72655032  48.91167131
  22.41928398  26.12811041  69.75660428  37.16220375  26.17503339
  40.31117357  77.86849501  30.79680078  17.07199132  43.02891059
  55.43903323  74.18961519  35.73060032  20.09237236  34.91834526
  50.98010179  15.81718296  18.63351515  53.11987368  51.55711435
  26.14643731  25.28105302  23.184891    85.01626016  35.20416496
  53.11574241  23.29874852  38.6056409   55.53111516  30.47105604
  35.61085457  20.70210657  37.77464555  27.51253519  54.54374218
  29.96240082  56.61047298  57.12897595  35.32894211  86.25068448
  24.29665137 104.33906241  54.12020437  40.99893139  31.7840175
  54.04431435  41.8627299   25.35438313  23.68910048  34.88796678
  30.30738444  83.84548442  68.89910827  40.13443259  44.71280158
  33.37300903 104.2502002   33.98608971  20.66132756  13.20278945
  79.08405197  26.25443687  48.64260361  31.63216523  46.6548317
  40.51685507  56.56693464  25.59130109  35.88097896  24.69331706
  65.11377065  44.72141418  24.35561722  39.81900024  62.12237669
  30.13123854  21.98899051  17.96379087  39.05405119  39.57756677
  28.40289217  54.84531266  56.71834401  18.39440251  27.56900109
  24.9658961   40.70888469  52.00172772  46.75558618  27.26839067
  21.35661335 106.50728212  33.39034386  33.59151695  64.65442868
  27.70832929  56.86754747  45.44141074  45.23724544  55.11391736
  35.29197629  33.47305589 111.87320327  49.1636546  126.66847034
  30.73685773  21.69688922  21.37611618  21.75671457  42.07704496
  42.34088446  37.19688514  35.82804457  19.99994828  41.5870076
  37.5402995   26.77487243  34.38392447  22.04265865  93.15188579
  58.33612931  34.20969293  53.98047092  48.12122276  18.04900225
  56.34079726  81.52751302  42.73751474  29.26496114  38.4482206
 107.24564328  50.39035647  92.50827174  56.91894264  38.58689207
  39.82595863  85.07189095 133.91854878  27.460994    52.47807716
 124.56104473  40.83818181  27.32620171  27.17033695  64.88597023
  39.80610526 107.67599357  26.26225104  50.51735717  28.83674281
  61.43353204  25.36875229  53.71106004  24.84745721  30.26068128
  81.17950084  30.68877076  23.18010984  53.6356753   21.07849366
  33.33342029  48.40808364  46.58906674  23.34303649  32.11051619
  44.31664916  29.66894342  65.12163412  53.94627463  25.45764546
  55.79059114  16.55316662  73.13934591  28.42285946  25.0596776
  18.33662762  38.58230964  46.8184943   22.89861206  24.37080949
  42.19955362  80.3765669   38.19707867  61.69046601  28.46909127
  70.61761299  18.36883139  30.47010255  19.53781067  63.44733287
 111.1104082   39.70029426  22.17427616  20.61910191  52.96769821
  83.29229499  44.19667896  58.99419691  26.90248689  26.42995128
 118.46603722  30.13523128  33.89031328  26.77359068  29.55352006
  35.04094773  32.93473284  21.07562506  97.0497541   29.04806851
  51.72074369  37.62256005  23.14824789  52.79653441  33.60951437
  51.4083457   57.93420097  52.44533872  52.80928676  57.5471297
  66.05894177  23.08598558  53.93665954  39.66030715  38.86088097
  53.28162618  82.53423233  31.98331503  32.65354434  26.40758129
  97.44504419  63.8356892   43.07388238  71.36428748  20.18897891
  47.4281878   24.83253416  47.56112075  21.09061492  35.61147214
  27.69559709  47.10709858  23.85501588  33.99160234  24.03595829
  70.16454936  63.52797382  47.22226096  27.44767991  41.87247728
  25.8122529   61.30772786  54.02498585  46.44644893  79.6439772
  62.48211356  35.34168354  55.49287885  31.16228697  40.52353595
  41.483372    39.3482635   78.74121267  36.57428695  20.68877367
  74.33298523  39.59425181  40.76539302  23.11194016  18.8095111
  29.65089979  58.37224947  32.75764687  45.68637441  64.26855058
  95.35985527  78.38917847  53.55243409  58.74420766  32.17126478
  44.71108356  38.57994562  32.1389303   37.21855712  40.56084175
  13.90736459  27.20988392  62.06562873  80.86756083  18.61995718
  28.5971286   18.25655475  19.82824929  56.03091033  44.44040919
  17.96346259  32.82565833  68.00522665  43.47119375  71.40529744
  45.87042443  25.12169615  47.10406183  81.12758002  38.48138044
  52.971283    39.60373506  73.81036073  99.60875943  32.18548268
  47.51797733  39.28545559  30.72110406 103.0097764   24.16107662
  48.86876591  53.7892185   67.49399995  24.93356899  22.93311634
  30.48248583  33.35940727  20.02548723  21.63612796  34.01500715
  61.00635936  25.7025012   35.51060542  47.73244863  42.27336403
  51.77729252  16.92531103  20.30334988  75.59214761  74.57734837
  20.72838389  23.20253048  43.82860605  65.30219233  24.26918055
  45.30286472  20.30133707  85.1636281   27.70726066  54.77041056
  70.30203387  22.94493072  24.31040221  29.66257572  81.50966305
  21.75150555  26.65938543  38.52197286  68.81168081  36.32638874
  89.56897274  92.4230996   28.97303212  28.64414124  51.71518856
  39.84746892]
Test abnormal scores: [59.89635673 34.6840357  78.39547646 ... 98.035364   61.16686677
 45.35709198]
