Logging output to: /home/guest/Thesis/MotionCLIP_experiment/results/finetune/allSplits/fullContras/NTU61-120/anomaly_results_touching.txt
Loaded embeddings:
Z_train_normal: (3032, 512)
Z_test_normal: (758, 512)
Z_test_abnormal: (52925, 512)
Normal classes in training: [45 46 47 48]
class 45: n=752
class 46: n=752
class 47: n=748
class 48: n=780

AUROC : 0.7253
PR-AUC: 0.9939
Threshold (95.0th percentile of train-normal scores): 26.1656

Confusion Matrix:
[[  130   628]
 [ 1450 51475]]

Classification Report:
              precision    recall  f1-score   support

      normal       0.08      0.17      0.11       758
    abnormal       0.99      0.97      0.98     52925

    accuracy                           0.96     53683
   macro avg       0.54      0.57      0.55     53683
weighted avg       0.98      0.96      0.97     53683

Train normal scores:  [19.49242398 24.06516817 24.54795173 ... 21.4183085  20.36294834
 22.57371472]
Test normal scores:   [ 26.80630518  34.98176794  47.3960062   67.81876488  46.51167769
  24.7311087   32.12822367  29.02793567  42.34208332  32.1610111
  19.95809789  28.92059357  29.65703365  24.28427586  57.56679779
  32.49544212  34.34081159  63.49709606  52.21676781  58.30329634
  70.04982346  38.60178277  51.7322716   26.94661266  41.83063767
  52.25448836  54.99702686  41.10308858  25.24976746  23.49988936
  24.99050967  79.78557007  40.84263448  63.52778085  21.75579369
  27.27957416  34.82087907 103.15436374  29.27075111  31.06601936
  35.99699014  80.26806815  32.78083334  32.26566711  38.15073564
  34.80391798  48.26550381  52.07996788  82.08699836  41.42652553
  30.27956286  36.65003227  34.7873684   39.97906323  53.42810639
  36.67817532  32.38638995  36.49225766  31.30436091  40.14163533
  32.15987627  45.63400269  20.44783144  33.14475815  35.50270468
  57.87381262  51.61746905  65.61080811  26.765196    47.83006943
  40.88338116  36.92265801  42.93436213  40.67806342  62.47900573
  27.69534924  76.24551689  46.51014082  33.15020747  44.82823578
  32.43291624  39.94093473  37.25500182  59.48784282  56.64865089
  43.15174784  29.87299246  35.68480171  74.8916543   28.50541984
  32.12156656  50.46346684  24.38768664  32.17688307  41.7036983
  32.49479443  25.59722166  31.10205852  40.19005989  50.24516301
  46.4517649   31.89633842  65.16248256  18.52450299  37.0437163
  48.77310544  38.25141955  60.30336568  32.68896007  14.52331001
  79.80304226  44.56394285  61.67904365  58.27560547  24.4098878
  63.14959272  29.83254707  63.13524524  25.16119303  28.68891034
  53.36643833  25.72871789  46.9543601   38.68426113  36.1843497
  72.67289672  29.06332371  37.39342307  53.54252159  52.42793857
  32.78410386  62.78029197  53.58076576  28.19497912  60.99550752
  53.28055293  26.28381051  38.20643688  24.38101842  52.5553285
  68.55045284  82.25390839  63.93998307  30.19762202  57.4559339
  40.1715284   31.47207266  34.40027496  25.9453545   24.26955274
  29.58082481  62.85304576  65.53573759  64.74506021  28.37653696
  46.90582467  35.46182148  55.20000339  38.66579952  41.05437439
  80.70622426  65.61061825  51.0536894   38.59628689  26.60650533
  73.43355044  65.57749258  31.12598227  31.78833708  42.48326545
  23.32847754  73.77311763  16.54460967  23.54702954  48.0339152
  49.87379647  50.00273359  46.97277731  26.47602605  20.81540119
  48.21314805  62.80722374  24.37505347  65.3383882   38.17675653
  32.34666579  32.65382561  30.27341888  60.27440073  17.16036803
  53.07715787  21.12860724  48.6992427   75.72147124  28.32289079
  14.90457118  27.48211192  16.6547546   70.71566501  41.97068433
  29.45499625  32.14952107  48.60708521  52.76295418  48.06627139
  24.29326659  50.59129602  15.88404702  24.83238199  36.96335244
  31.29060422  25.24601788  54.8845918   42.45778645  26.54953178
  46.64953038  31.88485683  26.4334098   37.69735948  47.27873152
  51.12792151  15.01547134  46.14655941  29.36497215  64.8664516
  42.95704549  40.13139737  27.78270603  42.61199505  33.84683252
  36.51713124  23.9338174   50.74974844  77.31016447  40.80084345
  24.27931535  24.43837533  36.83173638  17.35718243  44.44730651
  47.73047831  52.59324459  23.93220069  39.76372549  36.63514439
  57.04791062  31.19268437  22.20285524  75.41630057  26.40554258
  20.81592334  22.69787578  55.67840536  43.02721439  56.27091645
  56.58932515  52.83918931  57.32584542  25.57087588  46.58795413
  55.02474955  22.38676878  36.84679977  68.64323832  62.17136925
  28.76052738  38.93160876  12.8498936   29.04068085  44.1155584
  46.75256837  37.69388279  60.5552214   59.71846501  66.39107079
  37.04323723  63.71439872  29.78916254  42.79552223  22.92905757
  32.78904452  28.12443176  51.9724093   26.29445986  33.45072725
  50.18847371  78.08810999  38.08100562  48.42570917  21.8028524
  25.67582803  22.49384096  60.34195626  36.54738424  28.0886906
  26.80310655  49.62707412  30.74618337  35.12281873  55.56990669
  36.67186239  15.39950773  31.65421945  27.88661936  19.58799963
  32.42371084  30.47471869  51.95558195  37.26289443  45.51841303
  19.25117167  49.89363208  33.16626808  64.49292987  50.533129
  64.20942812  19.39651204  27.48941507  26.21930905  52.43718532
  45.80280574  32.4140525   69.31322494  43.51461437  32.79127091
  33.76892418  59.25322502  62.93191892  29.2378116   33.22703787
  60.3796121   77.25408405  73.88070869  55.02681107  30.39847448
  33.03462697  41.47131894  54.87671944  52.96599151  21.99866133
  45.67865922  23.82175614  56.36252991  28.023267    33.82809933
  26.87703661  43.36131499  24.04834516  41.64075601  57.20460597
  41.05509968  52.67115431  37.94439189  39.80197297  28.49692785
  45.07473118  41.57409276  31.19896455  59.7786527   38.69527541
  29.55793399  18.67436349  42.69836474  59.45458293  29.98029431
  44.33007179  35.14612804  38.88126241  39.89877503  25.83843328
  56.79861007  38.02592192  27.42004491  27.69125978  69.90792531
  38.23482705  54.0493228   74.926611    72.54844597  36.86569498
  20.82783007  21.83111275  66.8506637   27.1914228   41.45101235
  54.68808634  36.81162213  60.27930711  35.66942985  60.78175939
  28.90740317  65.35339972  56.14471912  28.54012535  33.48247975
  72.36557619  22.61836776  31.39082308  31.67441693  63.98819486
  46.6145126   25.37058528  55.88484826  23.73935846  50.48832469
  19.92091161  28.25061197  56.17116066  42.85899356  18.81361802
  37.26504403  49.4917932   28.88229913  57.09252003  38.40635937
  64.4347092   49.02372824  19.11302534  41.59135168  38.60203158
  62.01041941  55.105302    35.67081645  30.70086579  22.46288283
  19.20012797  23.01345116  20.46066927  28.8495473   71.24559869
  24.04315204  48.92894891  24.96072926  32.7839332   31.87414215
  31.60848563  13.06130761  48.16816146  19.50211804  76.19645864
  77.61117873  39.5604362   22.01235051  29.16446376  29.52674096
  72.7061883   66.64118589  20.53183953  68.37367248  44.63817393
  35.17984841  38.98832345  46.72373063  43.06279903  30.61970059
  37.38891721  18.50597004  31.54062581  40.79345938  20.83297888
  24.13266191  56.57958538  51.49182954  40.39798593  26.21828625
  12.74992721  50.61025266  48.88661488  28.5750391   33.544599
  24.12513879  25.03199745  43.95082908  28.2526782   54.10965964
  58.43735336  29.28860762  44.43397531  43.84692665  47.11028709
  40.71605354  64.57598297  74.2378372   63.31098979  28.50224425
  38.90012116  75.73734379  53.52200629  63.51088835  55.03311905
  61.60762503  31.05736294  33.90704579  67.36740725  38.95356448
  23.06926451  19.50489662  33.75814125  74.13814829  23.91809603
  20.85240939  28.85722678  25.56121567  40.14367435  36.60814095
  49.27591476  22.88484851  58.85862347  25.00957619  24.87668987
  58.61771956  28.40719211  18.40340249  44.67149226  42.66030535
  14.45284675  27.16512077  40.12685282  47.15531028  36.05587541
  65.92841134  38.0982786   47.70339567  54.87147546  59.39845714
  30.5683315   38.9482117   73.4017954   51.13466161  19.76428868
  28.20618326  32.97528625  33.14091272  31.14844612  53.41357335
  43.44756878  34.6577725   38.18579696  42.8246056   22.59856447
  52.55280875  52.1901736   42.7520696   47.06735021  63.29110499
  47.00750649  31.0074569   22.17084464  36.52824801  29.7551376
  22.94924483  24.56956495  48.05443047  27.04756452  42.8759645
  36.03470035  59.72426899  28.4896983   37.35657736  48.25156204
  33.53366594  58.93613293  23.78864724  37.4726507   39.8264926
  34.9947465   45.85230473  33.37775101  37.44251208  40.0519781
  16.97114514  22.17565801  41.14744799  73.93788431  34.06585219
  32.12253563  50.73905843  46.16734331  44.56553182  55.61025424
  43.74539345  50.58190954  40.88476521  26.70843709  50.89274677
  53.68062546  27.93183859  38.21722568  47.30789873  52.92768702
  43.83369462  52.87676738  49.07734509  30.43735979  32.47727867
  51.71375685  20.16270692  30.39486222  65.11038104  37.11042783
  75.69886899  39.88690019  14.12237496  72.96019872  23.52203257
  38.7619125   78.89485041  29.03865508  31.42535238  32.33522923
  65.7261847   32.34765721  22.64347365  36.10259715  39.02083346
  35.68580893  23.95592975  31.93398961  34.07427489  18.02385179
  30.48811931  20.73712231  48.04681112  35.83130212  25.16102131
  22.45081516  42.99298079  22.20066175  47.7315338   29.29103994
  34.0635285   26.26117246  25.66770242  41.96950306  26.63259641
  47.99404427  20.88894174  24.42887168  20.31514908  50.02086035
  33.96475691  55.95904357  23.56966008  49.13924556  59.80581868
  25.2446074   23.98369955  47.81194956  62.17497525  46.23583159
  31.36164805  65.41275107  49.79721296  20.0610132   30.36481373
  51.57401252  45.62482354  34.31325156  74.29894587  21.20976485
  55.63831283  37.03211967  32.48500675  41.12188991  31.20639721
  38.69915257  29.42080041  46.98188055  59.26889646  31.34550739
  34.75865028  63.5823768   32.71713919  51.19601749  46.46337423
  48.23640356  58.14711628  70.27963227  34.63880967  74.36723617
  64.29225468  26.84577454  27.47634504  28.92876896  19.96755401
  23.89840469  21.05819192  43.48247319  41.95299619  54.06185746
  25.23233079  38.32429597  16.41753744  39.61189111  27.81954412
  30.60428523  65.27032894  30.8479121   26.85984955  40.59602288
  43.7420738   32.29574846  52.92107298  16.83668888  41.16527661
  39.56444374  37.54567575  22.91700108  45.63044584  44.7338532
  23.18043588  38.47582305  41.63840019  84.8510286   26.0230764
  36.21626021  34.18560498  47.77219651  26.71416963  30.16686652
  34.91421888  37.79272534  53.46418238  41.62513498  44.76643242
  60.22728479  30.75571438  47.76579522  35.5230745   52.76735029
  78.69742565  33.57274887  33.06348577  35.05194752  57.32275629
  66.58892898  35.74553552  26.47621584  32.74726056  38.1030689
  30.16182354  18.82881706  61.95430722  44.75446233  18.80256527
  46.18887355  20.60786738  16.21081863  35.39046146  67.8283564
  40.83785319  46.7985874   40.73095705  67.29675968  56.68693591
  50.75996781  30.46513295  26.43083844]
Test abnormal scores: [72.53794727 33.26065721 63.25387038 ... 71.94913427 65.11623612
 42.67458323]
