Logging output to: /home/guest/Thesis/MotionCLIP_experiment/results/finetune/allSplits/fullContras/NTU61-120/anomaly_results_dressing.txt
Loaded embeddings:
Z_train_normal: (3018, 512)
Z_test_normal: (755, 512)
Z_test_abnormal: (52942, 512)
Normal classes in training: [15 16 17 18]
class 15: n=756
class 16: n=742
class 17: n=765
class 18: n=755

AUROC : 0.8528
PR-AUC: 0.9973
Threshold (95.0th percentile of train-normal scores): 26.1995

Confusion Matrix:
[[  154   601]
 [ 1159 51783]]

Classification Report:
              precision    recall  f1-score   support

      normal       0.12      0.20      0.15       755
    abnormal       0.99      0.98      0.98     52942

    accuracy                           0.97     53697
   macro avg       0.55      0.59      0.57     53697
weighted avg       0.98      0.97      0.97     53697

Train normal scores:  [21.24872184 23.77366771 23.35473267 ... 23.88662194 17.109936
 20.73726186]
Test normal scores:   [ 61.23093468  97.32222454  44.58670325  18.77025871  25.89488218
  47.05055356  25.13383549  26.84624515  90.55164297  22.45380672
  16.88367187  37.56461049  76.37731458  18.29723466  19.09193837
  27.83995317  37.82984413  47.08447164  25.11276163  56.21971719
  77.40838843  27.16541181  83.4722717   55.17651884  29.30321551
  29.20721446  48.12603611  17.42104333  27.35801129  45.8373085
  18.81996675  15.3335007   45.14830222  33.63334391  22.70559292
  55.10821892  21.96122292  46.68019214  45.72024373  23.77144357
  22.46767523  58.08234265  41.38395468  30.35749167  32.92273864
  51.61666791  35.18846454  67.50545289  19.7861211   66.64902905
  21.50868299  40.54768717  61.28693907  50.71139401  46.49130106
 116.23483898  36.7067155   38.65203928  34.68031411  34.31160165
  30.06003628  18.56255745  15.69895133  54.6865058   30.08462834
  48.35403915  53.16577634  30.18463751  26.68300351  28.58808864
  16.92163208  43.91692837  45.78617076  42.7177206   27.75923903
  40.00677942  92.9258544   57.63648089  96.65024405  13.33459728
  65.76090529  32.67309269  34.55191794  42.3542354   16.48917681
  95.13107123  41.38563014  50.69053617  46.91863169  26.20067367
  17.99374159  29.8821742   38.36187487  28.89120869  30.77329051
  40.32172707  30.05729621  33.87825013  37.22466447  41.01515082
  28.89858954  19.08613014  50.22132664  39.68020799  49.08515946
  27.30720317  44.13459148  39.79643762  21.66829211  23.38952781
  16.50314302  32.77563937  38.85751821  62.98524306  33.09482496
  15.15162319  38.8045746   61.84358477  71.60723053  21.69095348
  36.82146002  28.14141316  39.74799709  20.93895148  24.32574473
  55.11203049  68.55267479  24.80968342  57.69237625  49.22820421
  18.33250208  35.68593443  35.83227726  65.84484756  64.02126054
  30.62816469  54.69387614  39.65857172  42.54755859  46.80883368
  52.90327888  32.03433443  34.33491987  27.59288799  37.21612841
  50.27387582  39.23911786  43.03328063  37.07581098  62.30330386
  28.57286237  35.047138    54.26007389  36.03467901  39.31254548
  31.51544981  16.16239963  26.2831811   51.60031904  41.22582501
  26.65328314  38.71852238  20.51429345  46.71134112  31.42833325
  50.66988287  51.82381388  65.70710108  30.76510065  29.27728477
  56.51906659  44.48536479  29.56682448  25.47619642  20.45671085
  52.22776099  56.43982332  36.44013313  56.80598322  42.68556716
  14.62044677  56.67410868  24.77964967  37.42279777  12.42280413
  59.42499685  48.2697623   44.60004262  25.73080688  62.7093777
  64.18468643  57.07146549  60.70118995  59.88988228  50.82074216
  31.72530261  60.56742504  43.88773118  28.44332811  69.85054951
  41.96989383  67.29854801  60.54775826  26.07908748  23.50016269
  61.23192194  68.78422052  46.26748485  24.51821141  31.09891258
  42.67346675  29.6336876   45.69018731  26.71002456  17.67644485
  43.64466615  66.26022397  45.64523357  41.65813322  21.08179518
  37.60676307  31.31532072  56.02845938  48.26811577  33.50964599
  32.83588669  34.73747984  49.00254657  39.29073104  36.10092698
  28.48352718  70.28140025  31.24342933  35.99420725  47.05488295
  29.74464736  24.54710789  43.7770554   35.73882195  35.0035775
  37.30805075  32.67288866  21.99577704  49.09493262  28.11509349
  20.52411773  92.72853223  51.90690994  54.24311918  32.79121206
  32.29509334  16.82599189  28.87580059  37.31338263  72.95102187
  36.71418648  61.56381648  54.00663951  22.72183105  18.7146309
  50.15247206  53.52523075  29.50534065  48.36214131  50.97035441
  36.82003285  45.02317921  35.62118292  61.91880211  31.88652699
  23.18447929  31.524229    65.57941829  25.3204042   34.93627326
  30.60122876  57.2282659   46.182306    65.15601102 106.84330022
  48.30408204  41.53250972  16.12140738  40.915986    53.35994105
  39.67076634  34.19831166  44.4765084   24.58175988  67.97251513
  31.41122271  27.16424804  43.84923454  29.58315791  36.39394673
  38.49344451  22.18822552  59.56798277  56.86406138  60.70457138
  50.4645863   30.08168645  79.61931832  31.76132932  23.05603012
  49.16317054  20.0933543   66.0843002   45.17303894  62.34101075
  53.57280628  21.77593609  63.92233714  41.42557211  30.02809788
  16.03384972  45.31112056  19.96025804  47.2265076   45.72047794
  64.99303731  42.87318189  31.76090475  28.24992756  46.41696518
  45.11990751  52.31496865  43.92069187  55.16822378  51.79073578
  36.55884677  45.32825715  32.82686703  25.34775108  39.84602895
  43.59862442  44.05082875  28.57221157  50.09274069  22.03187735
  75.13509592  21.25536175  38.31384947  43.36683403  17.38751707
  39.64986844  23.74623786  52.35624945  36.90555591  65.02893111
  88.60483046  39.82841133  37.89638408  42.02462556  15.93191516
  45.84713181  45.13221423  48.07218161  23.85882556  44.85365011
  47.69392389 139.34195654  42.45335516  36.90017158  19.01268085
  32.3820092   74.77813305  26.03691679  46.13444227  75.1057084
  30.82118354  86.2995342   26.50650943  41.26246743  44.34102119
  68.66573174  42.9686147   48.85271475  33.53246434  23.18219624
  36.38480324  55.06439196  34.58346372  36.24812602  79.50253113
  56.04891577  37.52058284  35.97608648  43.63861027  17.21550021
  17.08457193  52.82642719  41.24370598  51.71606926  47.02911347
  19.28695117  22.46843255  42.10340867  20.76389168  36.73094523
  42.51640193  27.74958221  23.96970568  50.81099528  43.10086004
  72.57721962  39.73179284  67.29397626  29.20454586  40.50480758
 109.32772378  17.39003874  52.65603717  20.489332    44.73857366
  33.02900737  34.13428684  59.77229607  46.80076698  47.45372704
  26.73990236  30.69809035  53.52403318  35.02325789  29.00481635
  41.81498411  58.22400429  34.70164274  18.95980419  36.83196871
  48.8386912   47.97131768  49.31152684  49.51184652  53.90579701
  52.24711175  37.19962361  20.92642579  95.62813108  19.95206333
  35.67841309  16.02840526  45.79863938  32.18528368  41.22804153
  29.16153118  26.53498266  64.07752351  39.03928314  18.35870999
  26.78724987  54.46970285  40.47621473  84.26225669  64.33831947
  21.22240848  55.4932933   39.0410579   45.42020371  40.00585938
  44.41610371  40.49572116  51.81019235  37.91223442  58.83440444
  26.97343988  37.13391357  31.70151057  55.94123663  46.59434753
  32.12872203  20.5498793   26.96500149  40.79770444  26.60809825
  37.68244056  25.2343286   19.89487305  34.22198059  68.2882777
  20.65842147  21.56814375  32.01081961  40.6564695   51.91763053
  31.03291454  47.48936497  28.40687524  54.77532751  36.95403244
  23.64498392  43.98698068  37.06459976  41.42495405  88.61614165
  20.29235578  21.11280678  20.46979694  73.40104482  54.47275845
  22.30516354  20.6279479   36.92509312  51.94000945  42.16048878
  76.74721797  61.06526303  32.57686976  60.0274778   21.56111088
  33.43161135  27.13281981  37.82694614  41.15274404  37.33835491
 100.07102174  32.85476728  35.92681978  52.32520134  41.72175687
  42.01472675  15.95472503  37.25333435  50.12145497  21.19735178
  21.39810848  70.46202592  14.66037603  46.55105867  23.41255229
  61.58777405  33.57632393  21.63674193  24.8430926   55.31431739
  40.33145959  33.79424101  16.00687386  45.76804042  54.6515062
  45.82536336  24.50010154  30.20909894  20.77854767  20.93116532
  25.82393759  26.9742612   29.92678329  30.03780381  52.97754199
  48.38971459  61.92176631  27.51998298  25.69481067  42.0951083
  65.24854998  30.97232939  57.46371907  39.88464085  42.32428334
  45.23292573  28.11358916  28.52855585  26.83259178  34.27100255
  25.2636998   35.55175332  54.14012343  18.19248041  66.91702637
  19.51279281  33.35593999  56.34657257  31.2363148   41.25191309
  49.96866249  29.6656178   53.79594416  21.9162094   57.16363907
  26.43452078  24.78079911  46.77594762  31.82493478  40.83280188
  52.01723335  55.41402315  55.11281543  23.41690931  85.86857225
  27.56780732  57.64304883  33.9354862   61.44938609  25.68703847
  60.6969764   31.07306949  66.01026931  78.65014101  38.56939904
 105.35416286  38.35925397  55.93839483  65.50169224  49.68665068
  42.61185858  61.4916967   31.00291236  19.99427077  39.8015704
  51.75144951  38.05531841  30.76440783  47.67824162  25.16664876
  84.02799606  19.64314699  48.7284546   44.82346721  31.95142406
  38.45262192  25.27116553  39.83494083  32.70718466  23.96216582
  80.00994071  29.63316772  33.91497442  16.58150493  27.93400246
  35.2903439   27.37686483  18.93952165  22.39949109  18.60359886
  22.94833094  28.09632916  53.51297821  42.74691266  30.10460683
  18.43461146  50.31135477  27.20483773  19.57543271  35.56554899
  27.82241633  54.44430016  45.94421116  29.36280319  32.31383513
  29.4063196   24.24965833  94.17306476 103.56549288  24.67293476
  34.66218882  72.3589077   61.92396282  23.38633725  32.98860068
  28.57976896  30.41791051  46.45311099  36.29969074  33.91484006
  17.36665306  45.24767165  16.42956087  57.21874537  67.92886795
  33.40982993  26.80135417  43.03146799  21.81361957  54.61605497
  66.06830773  25.97929587  15.9085214   17.52136362 110.97962987
  66.86445196  36.06884787  18.56148189  45.9972476   31.71164881
  34.1414183   54.02107271  52.3022357   33.19219137  62.23753269
  18.38499779  51.57327095  34.48670254  66.42977756  52.28858068
  16.77359292  23.39757846  32.8090593   31.80290521  23.28072731
  31.00245026  38.65411622  25.94080829 130.06266191  59.51018899
  34.49703685  41.5277464   25.14734869  62.99805407  44.08063915
  41.28904723  53.80517561  46.7997893   53.98159046  26.74375107
  57.82708845  41.3446115   41.31955072  53.28171498  45.35338372
  18.25107939  42.10529549  43.76710992  36.18287497  25.5687092
  22.78359422  74.14345835  23.39994379  33.01991564  26.33924366
  26.55435511  54.71636277  32.65745789  42.12120328  19.21874896
  47.44940921  29.17423707  67.18062115  65.83420408  47.23875787
  20.86955499  24.91851377  43.43660747  26.41554645  58.18899315
  54.51293653  28.39999513  35.28202036  17.32197243  27.29332831
  43.05613988  36.01997587  79.41305784  48.81239414  46.19789141]
Test abnormal scores: [51.26034477 79.03979605 67.39546524 ... 76.18573516 77.92690915
 91.76931561]
