Logging output to: /home/guest/Thesis/MotionCLIP_experiment/results/finetune/allSplits/fullContras/NTU61-120/anomaly_results_glasses.txt
Loaded embeddings:
Z_train_normal: (3016, 512)
Z_test_normal: (755, 512)
Z_test_abnormal: (52944, 512)
Normal classes in training: [19 20 21 22]
class 19: n=740
class 20: n=756
class 21: n=762
class 22: n=758

AUROC : 0.9033
PR-AUC: 0.9982
Threshold (95.0th percentile of train-normal scores): 26.3748

Confusion Matrix:
[[  180   575]
 [  433 52511]]

Classification Report:
              precision    recall  f1-score   support

      normal       0.29      0.24      0.26       755
    abnormal       0.99      0.99      0.99     52944

    accuracy                           0.98     53699
   macro avg       0.64      0.62      0.63     53699
weighted avg       0.98      0.98      0.98     53699

Train normal scores:  [22.51196629 23.5977842  19.25036194 ... 25.63022997 24.1258559
 26.72402602]
Test normal scores:   [ 80.35968843  37.38143888  18.62476793  33.30090574  18.96978209
  36.77923608  42.42428584  60.4779765   50.06461379  23.78298386
  23.83985417  50.80462236  97.68391674  51.61163023  46.20085611
  73.6636418   87.75330002  35.5833377   40.06572313  39.50249937
  68.79420091  31.21149478  23.51660423  40.62184096  34.93349538
  77.8554744   62.93638298  16.29555442  24.19704636  29.87635277
  33.85769053  36.10819233  63.58862641  40.68051348  32.87277521
  70.57745573  59.75293824  36.41121329  24.91358305  30.52057611
  32.56861249  85.90117777  62.04494923  39.39028448  38.38459113
  97.18561056  27.32438432  29.07608249  40.13345396  29.60496017
  43.2642271   59.65097979  24.71739658  14.4531493   38.74884401
  23.9830504   39.67469804  28.65420221  79.93447714  22.23427966
  49.14841878  42.36094765  19.91880928  90.09692588  35.11287011
  34.29612951  44.2766467   35.46174983  32.63290707  40.93056624
  40.99139177  31.05793715  26.2252427   15.96497023  17.25159714
  39.14962658  22.13019402  41.59829373  35.6790808   45.83285281
  33.11160229  54.01098327  24.88956485  19.87549454  48.16620796
 121.29575292  46.61417263  57.59486529  26.85822995  47.04760428
  42.88481304  20.08335582  90.09348944  37.38846725  33.55514475
  24.95360258  35.43870436  54.80120908  68.74899967  55.10532816
  37.90150451  67.37858819  25.02342891  33.23233484  44.85085928
  55.65704085  45.88584922  66.99911255  21.90413725  85.97224621
  21.06802777  42.39900206  32.99870799  28.92163404  34.90029551
  29.07880826  35.3019655   40.19334442  35.05140082  30.00229774
  36.18118854  44.59232656  23.46882698  22.0728009   28.86876836
  45.00573899  20.59896979  63.55434545 108.7751715   25.99013868
  36.07658925  24.80028259  38.83471394  24.87573487  36.97890646
  47.11052318  23.22973579  42.88516229  29.85563395  54.95375165
  39.08963473  32.95407479  44.82622829  44.74682622  30.98525198
  21.16583433  24.70201323  44.37558715  18.84759811  15.89782084
  41.05796488  26.12575311  33.9451297   36.13782148  36.05908406
  36.06223583  26.78861332  48.66284438  26.52203606  27.20436913
  54.49688721  43.93665679  23.12357623  53.63142059  24.88228406
  51.88749553  17.64232176  18.24181838 134.64519747  94.44422442
  58.00891244  51.84963748  88.25424945  40.36441243  43.74532307
  19.99012411  52.96100617  84.09467807  43.08084121  46.9558694
  19.25169184  34.73416296  15.64275684  25.42073517  54.45565209
  46.9469977   21.31832524  38.52449867  39.2430386   19.21233446
  42.5638871   25.43393672  39.93946498  34.22884509  39.40107452
  27.98805564  22.3804561   25.39852542  56.88475581  22.31838358
  41.97117203 114.44559577  41.48478716  21.0625449  114.23765585
  20.50403683  26.14662973  35.07580065  32.83406618  51.12554554
  31.06160494 108.31632404  44.98702468  45.14697323  21.21639411
  49.69457307  17.73485064  23.28879157  32.68889904  33.80268819
  25.74968333  59.89311207  21.78031551  23.83769744  55.22876906
  49.22180436  37.52454846  78.54276117  29.34877742  72.1029839
  20.09902487  45.20021424  89.74708327  59.5363684   78.49590015
  53.14932704  26.62600145  60.51889639  32.78260197  49.56262903
  35.23044683  52.27553984  19.04508129  23.72546521  65.31216582
  25.30114633  35.50412237  30.4947579   38.52089291  17.27081761
  40.09315056  31.22925099  42.50957627  31.5631488   47.29000045
  82.1985905   19.29704086  27.53490476  35.15864573  23.62181242
  73.71393355  29.78627597  24.73622268  66.49332879  21.6795963
  36.00485544  30.20158171  68.68752486  21.8981136   34.91724159
  29.74529126  37.6234531   31.90080222  33.16938305  16.37921235
  65.41518654  23.18146082  95.63961134  39.74701213  75.56629139
  28.53421904  62.05696689  34.17251511  31.38377707  17.06257696
  48.80813614  30.14718365  46.67556646  50.06897267  38.68212531
  62.52358478  27.81504721  52.9523941   24.49614302  56.22258021
  21.98418061  53.86147375  27.69463328  22.68569879  19.44645911
  25.39311179  32.97426623  24.91234682  47.91146441  37.77170489
  65.19249022  35.28697116  25.29860141  28.20428727  19.16670293
  30.89873553  22.66257839  47.24231817  28.7781109   39.90593705
  45.32807307  40.25410174  42.37357331  40.28267165  20.65938835
  78.7959597   40.24418508  38.1976366   52.55101276  48.81663488
  16.07082794  29.73850792  38.64348988  17.47155512  53.38444499
  28.12279783  19.50426296  44.6383027   46.53755098  20.07049841
  35.65372025  17.01522298  55.98263786  44.01962921  35.00986544
  53.97927589  27.73620248  55.18629679  30.33179128  45.10895839
  21.07880681  19.58400218  25.0407871   15.89795358  21.24159216
  52.35140123  37.88218898  38.86648454  40.42986739  29.49828764
  36.04213147  48.79137646  37.12133914  25.80954735 126.48747092
  40.48578291  30.97339019  19.64260296  54.23910134  18.35922097
  66.57002687  30.8423799   52.44754085  60.53752086  27.20175506
  35.87323504  41.42035018  41.41594651  30.31445773  66.40312473
  26.56508646  26.5828111   40.45102145  81.46143825  44.79301293
  20.70455094  88.94940962  37.75276314  15.64619669  27.43629423
 112.73456238  27.91978088  31.25484456  25.1369927   20.40017339
  35.3809983   18.97679401  34.22984202  49.64790511  24.12418929
  42.83593311  33.05659082  37.53066673  46.43884251  26.85293034
  21.28353889  17.16163723  34.18871193  54.70705043  29.68131008
  33.41034812  36.26324412  49.67345138  61.76339839  21.46591533
  27.85417166  32.73654897  52.17429878  52.25813329  29.16299466
  29.72585947  19.56392141  31.70426141  57.49478849  42.2680937
  28.61896776  72.47135108  59.59119641  35.73007772  57.49334249
  58.59154682  30.15455258  65.3103195   40.42322974  28.01956816
  32.41038567  49.46727978  17.79799526  42.84831622  82.84534396
  35.48349432  17.9323364   44.74961568  34.8773337   27.77589348
  68.18808986  34.76990237  23.94125466  97.19222061  31.26458212
  32.01934295  28.07837785  48.18381184  63.35005435  39.85193165
  24.88496848  26.03190079  25.71107238  22.59202046  46.11834219
  51.33214745  19.12073438  14.9540442   32.00668396  28.22630609
  90.97383265  37.58183486  55.57132962  54.27817808  62.13671812
  26.11047053 142.45623605  16.49537905  41.03043941  35.04734842
  40.5360694   19.20700585  94.42830352  23.01121422  51.19681369
  67.7045778   55.51316316  53.29593531  26.76887272  21.73962831
  23.53937791  28.14021659  59.55524004  46.5154371   13.47978569
  42.40481408  28.73338178  32.66288603  24.23081354  18.5980481
  37.2273392   45.20594483  83.67296959  36.69405568  49.28263747
  37.91266431  35.27583669  35.12292309  43.82511951  32.43129484
  33.12851912  63.14252479  41.76422354  32.40603376  35.92959979
  60.42048708  20.03547767  37.72377598  41.46580052  31.21431142
  69.05061259  29.90305987  52.83847427  54.71452271  44.4113952
  24.17616403  16.20312505  16.7301243   30.63777266  62.0140577
  48.55728833  38.27643712  38.16887366  51.12463705  43.9492093
  19.54626505  44.39635758  27.00845148  46.50360235  42.11374345
  14.59076436  86.27612148  48.9074199   27.88130003  25.13359734
  35.79312904  67.11493527  35.75193924  54.70912839  49.08527023
  68.61246708  23.81690432  42.60709154  44.23065519  18.54188287
  35.3473613   15.49461833  38.35216884  59.45636222  28.1176231
  37.69418554  36.43237621  18.77446588  20.20674151  22.54753846
  43.70111737  60.91510064  62.70205729  25.19373375  39.49786292
  29.76805959  50.34213794  38.84155138  32.0208742   55.52835959
  91.94189303  29.55564991  28.06011214  25.39532189  30.96175903
  41.79759866  19.3281702   21.09942753  17.93882004  44.51576488
  48.09158732  49.35917627  38.3638241   29.6866868   44.6642768
 162.86073042  24.78526959  31.98640151  50.36504007  34.78972148
  50.29955715  35.37696001  43.18864167  23.9317555   15.04168093
  23.02670748  29.84835336  43.74057994  27.47027769  59.63425714
  37.15319056  58.44853634  28.57671912  60.48789879  22.7562081
 119.98973556  59.90037453  39.33934427  25.72171637  26.00516599
  55.93871361  31.07456993  51.66797168  33.56762771  21.44915826
  51.64864722  28.66344136  57.19145871  55.35889486  39.11621395
  53.04845269  33.81911401  72.90379189  29.49604151  23.69539937
  16.86078027  59.27557743  31.60046289  25.20295021  32.58765146
  45.59411386  52.52900605  51.13922511  21.00443309  21.16944922
  84.70989733  44.53885836  36.65808497  22.17611518  66.43911032
  27.44996573  64.1133162   20.65349899  42.86127752  57.20021107
  37.80464985  81.34529825  90.02503943  38.22957425  34.75667377
  40.46568552  32.43674999  57.84473923  64.52905962  41.84308682
  16.46867415  24.4306389   53.83608189  25.11654131  23.42837407
  49.07518379  66.09561633  52.58872499  40.38087275  43.64898376
  25.08128584  32.23570011  37.68433141  19.58157633  92.88761438
  53.62190812  25.85939189  54.68206349  40.6365961   32.39353489
  36.86287663  54.33796427  24.76528057  48.86850701  31.69010459
  19.27963531  58.8387059   32.79097333  41.57111924  38.31493776
  35.39852752  80.86578092  54.01238672  42.37235148  31.02393695
  36.90189251  47.21517559  20.30694629  63.32259616  26.52368248
  20.35704748  37.91701108  74.9584829   34.96609553  57.92335704
  62.65237511  20.6355942   45.99177507  56.59155551  83.38236378
  45.56360573  46.02011688  48.59622661  25.35769453  41.66045903
  95.1996387   60.81429353  44.87856007  36.1641491   26.05491299
  21.98784397  36.36730787  61.79694568  35.32699789  46.93966587
  36.24177644  15.54890694  49.52428866  43.95460231  52.22742878
  18.60135577  58.19096665  31.69101038  45.02665547  39.92672222
  43.83063367  19.64459988  38.35474779  34.10490838  38.02646881
  17.31308313  34.17432008  41.25978067  46.38781232  35.89732914
  27.55056943  27.36183231  19.87653891  27.0901506   17.66721027
  28.34468796  38.99919862  34.02152463  24.36579121  52.99213912
  39.1624732   18.96347942  38.92565548  86.36945388  36.414299
  15.93385346  57.24408079  32.11858711  43.52433416  53.25954468]
Test abnormal scores: [144.05748138 179.39662973 207.63013057 ... 113.88956708  56.81310999
 131.44190513]
