Logging output to: /home/guest/Thesis/MotionCLIP_experiment/results/finetune/allSplits/fullContras/NTU61-120/anomaly_results_random4.txt
Loaded embeddings:
Z_train_normal: (3020, 512)
Z_test_normal: (755, 512)
Z_test_abnormal: (52940, 512)
Normal classes in training: [ 3 13 33 44]
class 3: n=748
class 13: n=765
class 33: n=748
class 44: n=759

AUROC : 0.8059
PR-AUC: 0.9961
Threshold (95.0th percentile of train-normal scores): 26.5466

Confusion Matrix:
[[  171   584]
 [ 1235 51705]]

Classification Report:
              precision    recall  f1-score   support

      normal       0.12      0.23      0.16       755
    abnormal       0.99      0.98      0.98     52940

    accuracy                           0.97     53695
   macro avg       0.56      0.60      0.57     53695
weighted avg       0.98      0.97      0.97     53695

Train normal scores:  [25.15930689 20.96045079 22.16531358 ... 24.91191625 25.93057113
 23.03091005]
Test normal scores:   [ 62.75505241  48.15341975  27.38619799  20.58557449  34.80308754
  44.89024707  46.08937698  27.52855512  18.96466581  56.41565347
  85.32826863  25.77917903  21.49364906  20.04885779  22.28685552
  51.95300086  54.13669588  86.08625775  31.19857573  30.46364732
  26.90277286  21.91733378  37.35969365  29.55962905  20.68612311
  31.21407692  52.22781719  54.53563563  82.0373683   16.99806762
  36.87126926  27.45581039  25.83812099  31.76941961  55.76494223
  23.43966891  35.24404088  24.35887787  45.90673217  23.28227574
  16.31218249  49.34716797  43.56480817  40.02485728  49.45878593
  27.45730322  73.47448554  66.97296959  56.52393842  31.78974582
  54.45555749  56.2754556   22.95382781  17.69987614  27.4895464
  52.00101945  55.24572523  32.07255102  38.76603321  23.60115182
  43.56158334  47.80157033  44.60957851  49.26781275  45.50933585
  69.000395    32.30363176  30.01625224  19.24264117  31.81986
  37.4200762   68.91798913  31.45535072  31.40221185  21.6476519
  24.64248346  34.74221383  46.27586261  20.68215674  95.59903345
  58.75013326  45.01284589  25.03366592  50.12120463  65.13082736
  94.25986574  67.96460101  52.96003101  12.77284478  34.96574341
  77.76902342  59.86481518  30.9779449   19.73390532  49.2623
  56.90159701  33.85247536  34.27405114  84.71990414  82.75688627
  36.78980747  58.20874015  44.3874175   56.06041916  70.85393145
  16.25996555  65.64023343  92.69329135  35.59863308  29.35659208
  54.15493944  42.4432366   84.04523464  17.50014507  16.81024578
  26.49146367  60.25135018  30.43643135  21.63302805  44.03960921
  30.25594524  56.42286256  21.82392685  25.25672272  44.45308341
  65.26667526  65.87378577  31.04088158  32.75579881  82.77493478
  26.62243491  54.94434716  76.04490033  52.16704652  19.51260511
  38.69773239  40.82296483  74.34622152  62.55684683  48.60777533
  47.54296779  27.57556702  50.61279635  98.576762    51.1315286
  47.39990586  32.67400194  62.3354097   30.99645904  61.86532273
  47.2021525   49.41568677  53.60013738  22.75328628  23.23105368
  20.98086363  29.07389168  29.34192148  33.81762704  18.82124012
  41.45084851  50.21421091  61.03329899  15.1851206   17.91379672
  21.22307537  17.84015479  46.69581978  53.83303822  35.80147291
  23.15464516  66.30255286  22.11640304  18.23903625  27.08829761
  39.4331824   98.74776276  35.24925227  35.99784679  19.11092267
  60.20909524  60.28994566  59.25397908  22.09474504  40.6324239
  34.97547867  25.9661587   23.53477231  61.65452267  20.5354307
  83.50060777  20.97288463  67.49873423  71.41788922  42.13613959
  23.78974161  53.29669186  37.46683786  19.57867397  37.8563104
  18.730437    27.00681701  70.51842065  30.05649598  49.70980333
  35.08096059  24.87998533  17.3057503   35.97345043  45.66183006
  18.59338943  46.23094136  45.69960959  28.5757938   32.32541896
  94.01028271  65.96105496  42.05403144  38.70510762  31.80513556
  27.67237105  33.86718951  56.81048947  15.22988723  33.5110371
  36.86594268  59.27988723  29.10078996  79.26405151  21.47534558
  18.81446174  37.30381694  32.11236655  48.01165839  44.56360433
  20.49646741  85.11873206  25.29581728  52.59230459  40.17646185
  55.26635911  25.51660588  51.10704154  47.59889937  52.23824934
  36.97924378  46.94973394  26.93858712  25.51590259  55.49352441
  50.07443201  47.73912621  30.54172699  21.6703437   50.7670054
  29.37409405  46.52929587  34.85794088  18.57204973  51.50647048
  65.63697272  36.03105652  30.42146337  26.81341236  32.11657063
  37.97745417  94.81757676  19.4886263   27.65213611  86.95704086
  20.4123961   26.00310637  33.40559817  40.97209926  43.09080046
  55.77242943  68.6644268   66.41324821  52.97930237  16.87903196
  47.60098906  31.0575452   31.67873725  52.81918558  49.96071278
  37.91495547  53.4406629   49.57301528  14.89153312  80.17594394
  14.36324598  37.08847688  24.61611158  40.59646398  24.65046059
  48.24127053  32.48420255  61.23222778  46.24176267  49.6135662
  27.74549776  39.65180076  68.40684106  36.33313284  62.25710273
  27.32962272  43.17351811  60.02938317  60.35633472  55.37442882
  27.7337313   38.40783522  37.71613341  15.12070616  38.72684348
  57.17863912  22.94009506  15.8493057   53.58920991  66.38904444
  14.51443687  43.96111583  35.92942877  41.06444181  42.75459317
  25.11027518  41.56465591  78.83876821  43.32097348  22.70248313
  37.79711812  41.60075431  54.99773904  76.23149822  58.21595022
  17.578214    32.39993255  23.31697532  19.48066684  26.72627256
  25.07958295  44.79082491  49.86393551  37.35147614  44.45108636
  54.04178991  36.6986216   53.87053263  40.70608167  39.18494034
  18.38351025  66.81819793  23.90454755  59.76642163  32.44603026
  18.24296655  29.21263384  38.10513283  90.02976418  67.97537575
  74.61228839  21.64674249  51.1824599   46.69193416  42.69745129
  38.39806246  30.21780218  98.44257554  64.62339974  85.18787156
  50.29118249  99.96487571  32.42411816  30.95492123  24.17890919
  28.75168709  31.33310269  40.57721624  63.71738943  68.38447734
  29.52163527  24.3998596   28.73980748  27.40247738  48.19555801
  42.43339758  44.36065764  32.31131729  52.19939132  48.96800133
  44.56328372  24.28262916  27.00225662  49.21419755  13.18068788
  31.20900184  54.30505189  69.46392825  84.3734143   42.68044512
  45.50422454  46.62402147  54.81920242  56.75773944  44.15363452
  55.84330757  21.11696373  48.296771    16.4167832   46.23466364
  58.76991935  35.98652237  58.66925001  61.71806902  47.74692421
  53.89815835  40.69148041  58.64915949  19.66071339  25.70973423
  36.00522218  24.40183567  27.22463147  26.29680802  21.39245655
  43.87130785  16.54653923  37.09605709  15.08956943  21.99216403
  29.93148981  89.01494752  34.2731338   75.15711101  42.89476492
  15.97548298  28.33251614  40.74032568  18.87489669  25.39693972
  39.73246192  37.28311007  52.42160777  63.07672147  32.39405349
  45.15386636  37.02193508  74.83407132  26.52981063  43.66072228
  21.95212383  24.29167982  23.86330925  37.50656748  81.90979444
  16.43914292  78.04007928  54.64280807  37.76474936  40.51775535
  39.65141323  25.28594278  27.64349029  53.83632315  53.69253495
  34.38389457  49.6842725   46.20387906  33.19585878  99.06117398
  36.05053236  96.95961308  20.48281957  21.05022837  50.04133062
  70.58946088  31.66108282  27.67978374  90.91847257  18.45324377
  19.89810069  70.37318197  36.96271521  83.09595058  35.04544987
  31.45887008  40.66047852  46.72342715  89.49708239  85.22110562
  28.09270848  30.26334296  42.92371428  17.48596461  71.54054775
  17.03730906  48.11000566  24.24662175  29.62589095  45.97437667
  29.8427064   28.13007502 104.56416417  53.15106941  22.03894597
  55.45114153  50.21057102  60.00353574  39.33580457  30.23511826
  33.67860755  35.66143978  52.74893978  81.4796373   27.8313127
  23.41446396  64.98169404  50.93820854  31.25870164  41.28010726
  38.26105555  45.62320323  47.89213788  31.61226649  29.57524852
  66.50299594  54.5209484   48.08027315  50.48811967  43.85079247
  37.78057541  33.42901036  50.30178592  47.14680323  20.14711726
  65.24067376  21.02031293  45.29157548  48.92692065  29.73286616
  83.00885847 113.41982725  50.39483127  63.15969712  38.39390072
  67.80523871  34.59417425  36.42759319  22.79523672  33.21151527
  74.13111929  29.09605942  18.97683284  32.54867268  29.7583062
  84.20862551  85.06383244 112.84547539  58.25563193  47.05510773
  68.33039434  48.8693843   34.23716221  44.06455028  73.02324756
  53.06954874  79.91469554  69.97614002  69.62325567  39.42270083
  51.04779075  43.50726592  33.82640317  15.39345256  52.09824932
  29.8766925   46.5225218   94.93660522  32.50872688  17.68919273
  20.24804426  40.84125521  63.73123746  30.48338388  43.89892012
  23.58000365  36.58225611 109.32525015  23.32028325  27.93708218
  25.7901212   63.19496953  17.20684421  54.76832499  44.91168023
  52.17055197  42.28149103  38.11148264  35.17068856  25.87862997
  50.26444625  21.05270692  51.23523171  18.3951209   42.01236213
  18.55712598  25.87227693  26.50434072  59.53658941  33.35888057
  31.65293346  45.15817817  51.7936908   59.84391131  38.16629386
  35.33602356  53.41473598  53.49940314  21.48108888  22.09176655
  57.30384206  32.01233749  18.53996286  44.36664487  36.8829745
  17.55893748  18.70579133  91.04554171  17.57152091  87.77986926
  30.37312583  23.97291708  56.82075939  47.18206914  49.01089443
  13.36023067  18.63524834  56.80811067  51.88642384  55.27391794
  62.23989059  30.66157544  54.91654984  40.19259827  74.36501046
  38.77955764  44.55159528  36.66338784  15.87678764  28.36535537
  33.33082066  45.08657876  42.37212003  45.18465039  25.82379134
  66.2555091   67.52634419  29.44239473  69.47664915  76.9736762
  25.62141726  25.30137091  27.27395591  22.08861238  23.57456274
  98.18668891  48.5144141   26.89872282  51.65867247  34.94158419
  20.52884875  39.59165246  38.74843301  74.23194475  23.3719465
  52.58103032  25.86378636  59.84563207  27.14141943  21.22283181
  78.97840873  70.58090627  35.64767346  64.16523292  21.12268258
  50.9935671   20.42325437  17.43249332  84.48822735  35.9507244
  30.32978485  51.1725885   72.1493561   12.97474912  73.39977501
  26.30786868  29.3354874   45.92339762  94.44278591  52.3916526
  29.28074581  20.41204337  39.15594739  45.52454097  67.90183411
  32.51285115  48.24989039  56.93715512  20.12242277  32.1347542
  41.06160342  41.06824813  37.646095    23.98101798  62.0423366
  19.48919176  82.8313021   18.24692413  35.09384646  57.92666374
  85.82391189  53.54821629  32.11770445  12.50060178  39.14702077
  29.33220191  31.42594073  49.48590338  24.62170423  26.00957252
  29.12044556  34.97912737  28.99065007  56.99956639  53.30331183
  19.32843079  31.34606902  23.49959464  48.94384076  93.6967542
  34.78931723  30.89922716  63.67187085  32.44989748  37.3544322
  43.13717714  52.55608983  20.88744316  28.27691139  63.60657033
  90.71447618  28.50229587  19.04087412  41.26508486  55.86475447]
Test abnormal scores: [ 53.60963974  57.46537073  35.97587723 ... 103.62107554  59.12143885
  95.32037225]
