Logging output to: /home/guest/Thesis/MotionCLIP_experiment/results/finetune/allSplits/fullContras/NTU61-120/anomaly_results_random10.txt
Loaded embeddings:
Z_train_normal: (3021, 512)
Z_test_normal: (756, 512)
Z_test_abnormal: (52938, 512)
Normal classes in training: [ 8 11 50 57]
class 8: n=763
class 11: n=748
class 50: n=763
class 57: n=747

AUROC : 0.6939
PR-AUC: 0.9926
Threshold (95.0th percentile of train-normal scores): 26.0234

Confusion Matrix:
[[  127   629]
 [ 2579 50359]]

Classification Report:
              precision    recall  f1-score   support

      normal       0.05      0.17      0.07       756
    abnormal       0.99      0.95      0.97     52938

    accuracy                           0.94     53694
   macro avg       0.52      0.56      0.52     53694
weighted avg       0.97      0.94      0.96     53694

Train normal scores:  [20.3140594  22.56795086 22.37730705 ... 18.10164073 22.03275372
 25.62426774]
Test normal scores:   [ 45.22116218  54.14700839  44.02139504  53.26325641  45.30925113
  42.88781549  62.26067449  67.84472379  61.4094969   15.73349488
  26.96148252  44.08461199  60.98420486  48.18889548  43.65850164
  18.56878853  32.68437994  30.7829816   48.48406541  35.88632363
  44.12667196  32.88585446  24.72563515  26.30147419  39.45997404
  86.72784616  34.96770005  47.7412062   84.12615857  33.31719322
  27.98340041  74.90546089  62.12740727  25.65885178  39.21347091
  67.38652647  25.40949596  23.64036928  28.67563471  21.38513473
  28.6271768   33.92569445  59.97518683  48.16206944  36.93076212
  46.64838978  57.14509147  36.17707474  41.28584466  58.77333063
  50.40109636  38.46299656  22.10644103  34.58708958  45.22068689
  38.96106237  38.3909399   50.19660312  87.1865755   37.03218942
  62.43981134  41.49643176  24.71323017  66.42865252  56.76589042
  74.96577369  29.59587067  27.24038927  53.64001804  46.37894593
  49.14555198  35.71118651  35.19665638  28.51526986  30.26103416
  26.12553889  39.90988286  38.40477441  43.87367596  24.95344312
  77.12729283  29.73958093  24.16789467  29.20590614  74.07946323
  44.50227269  23.96972931  66.98438888  39.2731728   28.65545642
  41.53566521  36.96035152  52.51609134  19.16074925  37.1608953
  28.77551821  21.58182797  70.41949663  23.18756375  26.50061155
  47.5605321   57.62743889  36.34870285  43.31981743  77.97402184
  32.65341015  55.18635037  27.45307486  37.24747522  21.31111702
  53.44720617  60.96808397  63.49064029  46.09381163  28.97658711
  19.53030317  33.87179755  41.67664235  75.38872053  52.74528473
  37.92365867  47.94292833  40.72264086  53.33001011  33.91482775
  40.39481729  37.58108821  52.16142208  35.21548316  15.62093898
  29.11897683  24.96157854  48.8280772   22.05667053  59.18059601
  25.46092316  45.29888645  30.00407997  51.38609673  65.28502795
  53.48110037  43.58925344  52.60705007  34.74521697  36.97759905
  64.22397212  35.51562702  51.22465719  36.5919698   44.3045883
  43.84101559  34.06898093  37.49538422  38.24478406  56.58992267
  64.96277957  39.67802981  45.6438511   20.37154102  37.4092843
  16.35202777  32.94093408  40.33925929  24.08487988  19.54505171
  30.90618871  38.51652097  27.60678452  37.16608772  47.46200252
  42.90752105  29.80048526  47.84007457  31.26059184  27.84155272
  36.61741077  26.8491208   21.82505499  38.52229972  20.55408414
  83.03269936  44.76615617  48.1785765   52.2681958   22.4462693
  42.37742806  41.24893128  40.8111541   46.27365568  32.94578622
  33.58750369  52.46592809  41.75062951  96.81571969  66.22983006
  36.83235899  24.38714539  32.85733927 105.60824062  65.05529175
  34.57647605  69.66722439  32.95840671  24.06027486  51.28040421
  44.83490961  25.50910003  59.5870186   59.74829229  30.42308
  36.90646395  63.14240451  40.54014858  43.27316011  52.7713568
  33.43449014  42.7100634   46.58786246  34.47371297  21.29153642
  58.77168701  35.33492542  50.2427239   39.41118898  28.35943899
  56.06849766  22.83846478  28.82251098  38.72394693  60.57862025
  34.94830062  40.09530437  39.2957958   38.97639413  45.95457082
  37.67473273  76.69702351  46.66315671  22.40114214  39.93120138
  23.56070841  36.87303854  58.76539945  52.19268688  31.64040845
  28.09687092  45.97486846  49.25102981  38.43834567  38.14307317
  44.62639888  18.14149259  30.54780971  59.92616951  59.21661239
  58.27941734  45.13784189  33.34853363  59.16467798  21.63274549
  24.94231226  18.90721819  63.74990731  48.64337233  68.30441354
  19.26294917  36.78836125  28.49283926  39.41089044  23.8714032
  48.66532901  40.82365934  50.04628499  59.07911283  84.72567915
  38.29276855  44.75751382  86.73599705  37.81313205  45.43046772
  60.16496669  62.36062984  37.30385162  42.9886307   27.55160976
  35.03134041  37.2257741   47.13236821  28.98555183  34.87847702
  44.13912888  41.55576167  48.33143354  35.50866702  32.37461844
  55.90799764  19.22021633  54.86979386  55.16448862  32.51459175
  30.41866212  40.07586728  66.4753711   30.08410199  41.63204263
  23.97622882  32.74096568  61.70714567  51.86897888  54.68591944
  27.11282551  26.98036296  49.12013241  19.29412495  31.61179516
  23.43079552  22.11507469  62.99454207  16.06174499  69.72088318
  23.92578798  33.82896833  48.88125495  38.44715409  44.29189308
  39.05549032  54.62311236  25.37031207  28.6300466   50.21425482
  32.29125213  20.06866129  52.34513992  24.49462056  30.54236346
  21.72566948  34.29398818  29.47059717  34.02944027  54.74243172
  47.50504302  30.42383602  24.76530165  24.93593573  47.10804528
  47.47534318  49.92171029  34.9195297   73.69664029  43.71996146
  33.47036317  32.67856304  21.01811716  32.9564844   25.56142987
  56.48433187  47.79661469  54.70418242  40.50240822  69.12457518
  31.87896556  43.71449336  61.03874113  38.52328373  43.4119099
  36.11331088  27.59207422  54.91930961  67.15967836  17.92305274
  61.83769708  30.06395428  31.06029037  54.93374488  26.02289721
  23.60834339  92.86176322  28.71837862  62.44253069  50.18408495
  47.6383648   54.6880861   21.10767033  62.72918426  30.05690292
  37.73449377  51.68065894  54.03905945  41.54361922  28.59249973
  39.92451181  54.2595642   34.62032607  48.71495359  59.12899892
  30.25034327  49.78941868 103.03081544  43.39970647  24.02714274
  33.16122774  27.88548352  17.97498845  43.51569808  57.23962308
  42.58985737  74.32673214  57.30445418  43.18538665  40.71819044
  26.23990764  57.75183848  57.34481487  59.20172602  55.09212985
  30.35557054  36.24475084  31.97318361  22.51421142  68.72803789
  52.22042189  49.549508    53.70882704  46.81012589  49.40911175
  56.76873897  74.1724538   27.99177424  60.1675069   54.36471081
  36.67490774  35.43430588  46.68215615  31.36439335  54.19675458
  45.85935471  26.84422351  46.21489985  50.53150111  55.59650786
  25.77509162  58.2654278  109.62083426  33.75896466  29.87370995
  17.34682696  21.88495491  83.40101977  60.27950313  43.85973131
  33.37932039  46.4254268   24.7732788   71.46940399  31.02410928
  35.54632903  75.94614142  46.96612025 103.06734391  42.7897922
  21.58439159  35.6668794   74.32028355  46.05228989  21.48144185
  30.95213441  38.50304237  29.11268948  67.58829621  62.69211608
  53.74422523  25.78576245  62.20611739  32.9027299   35.71305505
  38.09165284  41.9866138   25.75516633  75.71536613  91.45198403
  25.65839705  69.62189179  25.47051613  37.57503871  92.71378849
  24.07843899  17.54468458  33.38412497  30.70695817  25.49061809
  40.20920641 130.78359534  30.72455111  28.57302898  25.91737305
  69.16813515  48.73000981  34.20047404  19.1975809   19.73808756
  21.67010594  29.78740604  56.31593609  42.33725365  26.0766277
  46.01288638  42.6863901   32.01478114  70.26763459  42.78099701
  56.09106419  37.29096858  39.58917544  31.33005449  23.2399327
  29.75683492  35.56585386  17.59877977  49.82288307  37.40109863
  49.41129719  52.94041069  43.97109793  56.63669837  42.15548359
  62.79259747  30.4099708   48.28568214  24.34057532  41.72078453
  23.65527855  30.81935978  52.45183272  36.74146892  21.18857515
  42.27737946  21.11447377  83.7552657   62.29999391  19.31752556
  33.45868697  33.23842765  22.96337361  46.71320226  33.66186315
  50.96542939  20.43719146  32.55062421  36.63428269  20.64676485
  29.96944498  26.64954194  26.65302614  32.98138579  41.06857429
  40.36537299  62.27674746  71.43987623  34.15927108  20.8574518
  40.91517653  43.1552197   21.1532817   17.21014472  51.81624805
  25.61316307  45.1587898   32.8493956   31.28873946  38.19020547
  31.24128914  48.9973928   58.66692476  57.60835895  45.62350762
  41.60606034  16.1100824   55.26002435  62.80550095  25.62693045
  64.47651033  36.3368172   79.78330568  35.3211695   47.13532404
  27.16192992  61.84149489  49.73912175  35.80700709  37.80933395
  31.31855165  46.3145842   26.71139166  27.87654553  36.96161444
  24.20221607  23.09426857  30.52458479  27.60594932  31.31176819
  22.92331402  30.59677985  22.90524109  29.45738152  26.40946054
  41.84536466  50.64751829  31.79571944  57.13882202  29.97598032
  45.64341204  45.53479172  36.43215044  78.35574338  21.27940604
  27.00232016  36.90628923  18.82144974 112.69203665  31.70090566
  38.92654075  25.97391248  41.9884585   48.94907592  31.41271661
  38.1504247   22.90618703  44.48106834  42.1671866   55.1940454
  28.53460645  60.98845272  49.84044688  62.58988697  62.50200192
  17.79877601  48.44297596  67.41461523  43.56579251  31.30573121
  37.80311001  33.90024561  32.8084311   20.88096433  36.81729512
  50.95033596  20.9534273   38.76086955  39.05421783  18.7047059
  48.1378314   39.31690334  55.62871977  15.51154094  43.89123127
  80.21489528  18.53507451  18.6793577   70.77857168  27.24083591
  67.45228187  52.44941466  36.82527555  27.28202607  75.76685671
  32.7745124   22.71515226  65.20746446  43.44111398  32.63602028
  30.79647052  50.23045768  40.52043881  42.3648829   52.01728473
  30.16437481  44.04450891  39.15837349  43.29541584  29.96459467
  17.29813695  56.73340924  28.60541219  39.64598638  34.81599019
  51.61560961  43.4777052   25.6689735   19.11614562  30.82435626
  27.43051211  36.60580949  39.57146565  49.71905291  42.3194722
  41.21457836  23.89275037  38.95852402  26.11909907  62.87873553
  36.31027539  24.43087548  49.84644224  68.11556438  58.49371854
  38.04761847  37.43118041  44.77544597  23.97960378  28.77719374
  38.33939005  47.11766638  42.45031195  43.65765632  24.3967885
  33.06748766  49.54608322  35.2556312   64.47493289  69.26953262
  29.80228697  28.05057517  21.66340704  48.57893347  25.33952537
  29.81104392  24.89055098  97.38961147  26.1180154   41.25383578
  30.78458252  21.60646102  34.24181274  48.50657655  49.35181359
  15.63381523  36.72297285  20.18424667  40.14683163  61.57262661
  31.17245434  39.93260172  22.70980454  33.65454924  38.60995951
  33.30780228  57.48196195  42.16515662  43.12536761  74.89224294
  36.18545995  35.25890054  28.73362198  29.83153921  23.06969965
  43.48639269]
Test abnormal scores: [64.39586071 69.8905666  52.53941327 ... 32.62064092 73.14388431
 61.84236165]
