Logging output to: /home/guest/Thesis/MotionCLIP_experiment/results/finetune/allSplits/fullContras/NTU61-120/anomaly_results_arms.txt
Loaded embeddings:
Z_train_normal: (3032, 512)
Z_test_normal: (759, 512)
Z_test_abnormal: (52924, 512)
Normal classes in training: [32 39 40 41]
class 32: n=752
class 39: n=753
class 40: n=757
class 41: n=770

AUROC : 0.7576
PR-AUC: 0.9943
Threshold (95.0th percentile of train-normal scores): 26.5895

Confusion Matrix:
[[  175   584]
 [ 1248 51676]]

Classification Report:
              precision    recall  f1-score   support

      normal       0.12      0.23      0.16       759
    abnormal       0.99      0.98      0.98     52924

    accuracy                           0.97     53683
   macro avg       0.56      0.60      0.57     53683
weighted avg       0.98      0.97      0.97     53683

Train normal scores:  [24.8323421  14.125476   22.69079744 ... 26.41369577 26.2451666
 25.46071441]
Test normal scores:   [ 31.83679744  64.3317742   34.68681073  38.17403006  47.48937904
  91.9294559   35.84737034  21.93189415  30.87906008  45.74192312
  23.67789781  16.57298137  42.1093706   64.74767926  16.98189272
  31.01990365  30.49860429  75.42392892  51.75952175  44.75952584
  48.45177054  20.82596778  13.36595517  29.61511445  52.41297803
  37.72260393  40.84428328  47.22620654  30.33250041  45.39534274
  44.36287596  65.48404531  45.10713117  54.92087619  19.44647342
  72.5131891   39.2211968   20.56989319  32.33126532  38.82466329
  32.49776204  32.21045543  74.74471209  37.51829002  38.73943745
  21.21723466  16.45615992  41.54455517  22.7021742   61.62140743
  59.00113741  58.35417726  45.12140418  41.36196648  80.72265166
  20.22550326  45.98864677  53.50327023  78.78897144  57.20531194
  23.90833949  50.69801504  22.80691277  35.80261104  27.12526123
  25.96821335  19.1187554   33.47757327  89.65580231  33.06951761
  22.39233674  82.77117995  22.64725951  24.8540059   19.62634189
  25.70456122  72.43583926  50.43358022  39.13778921  68.02195616
  27.210781    20.86870093  54.68100268  80.49012244  19.62342946
  23.62748634  28.47022897  22.98107937  97.6778786   38.10219125
  35.35644754  68.88419006  31.60567142  31.17039567  89.21828696
  76.00238469  27.33101935  64.78725115  18.05834675  40.77321985
  22.91127044  19.46971161  32.39521431  20.65233895  46.43076433
  59.67008102  23.24665829  47.88224455  54.19416768  30.07813353
 101.09090955  81.41798065  68.36322324  34.22958072  76.05197645
  50.31672576  71.7727236   40.84353925  59.43658871  22.24854558
  33.94173279  30.37172278  44.3366878   73.50899431  17.51101684
  43.96472601  37.02362928  31.76132128  27.85843702  15.84845917
  53.04009213  42.6435299   47.31163391  33.8043167   25.63333929
  54.04963627  41.25679022  85.56034477  27.18165619  16.07259002
  26.7682797   82.70820512  25.02236731  94.8638499   51.43581075
  34.7754222   34.17439017  25.53058533  23.71287863  48.2095855
  41.78799213  49.37516494  27.62779042  17.52152168  70.23799076
  56.25442012  21.43225951  31.52469651  45.08965929  40.13358633
  34.74411446  60.18140541  35.88715735  69.82132594  54.412386
  25.94569082  24.91427144  37.88349743 106.58493382  47.97673629
  72.34827085  17.66589516  27.5658807   28.64293636  19.29630709
  31.49903016  22.03555627  41.20048816  23.04723843  74.05430334
  61.09663879  51.32895115  18.72640265  40.35114269  18.2154178
  36.32782946  71.76236169  30.12237972  41.67751595  51.50914949
  45.91608468  36.23678254  57.23710582  60.43839451  30.77427625
  36.69826163  28.77590088  30.65209907  27.03286648  51.34248254
  20.23342415  21.88552642  26.77332494  31.19118224  54.16563946
  45.08663886  45.58606905  19.96130401  49.50140634  50.22524509
  20.77605489  65.78362762  70.15439453  31.44187113  88.6315747
  48.72223805  31.7467702   66.34422053  29.10887929  21.02719365
  54.05517119  24.30533554  22.73039816  32.21321975  47.00906107
  36.01153575  40.96683331  39.7001371   88.01165055  44.61834796
  81.81020919  28.86027089  48.54361869  55.43823815  22.15560017
  35.49463482  39.8344744   22.93916576  22.37956395  65.24424302
  17.55358804  66.5799096   22.74132423  75.88536184  27.99802796
  52.39729603  21.99998975  17.51474845  62.24850788  17.54711706
  48.16195012  53.0915099   22.51862317  59.55880746  35.50823315
  25.59143717  46.2984313   37.84945374  44.32839917  32.15893389
  38.57598457  36.4664305   25.65768097  61.91279774  15.7899531
  41.69978929  41.21073094  51.60619998  68.44398844  44.32147
  27.02019612  46.23124286  23.06053139  30.81818162  14.55023769
  55.71106039  25.96815454  28.05510065  29.63470302  49.9644986
  47.91128293  45.8758624   28.9971603   75.02581616  32.0806729
  69.92227582  29.92279458  37.67376344  48.34511648  56.89914905
  38.69136445  58.23049263  54.845787    40.18206457  43.45084066
  31.03685228  33.539063    13.13243155  29.64117525  33.07494439
  27.24586375  54.13044363  43.19233246  26.3813953   34.8971297
  26.35910889  84.16242681  47.20680879  19.3983452   43.3776315
  31.89302458  31.04447492  25.66157922  92.55628043  21.63077751
  75.49333984  67.25737074  56.61880896  75.82651363  27.15536046
  29.18305031  44.10701342  34.42382829  79.75583493  30.8716692
  96.47326632  30.48926895  25.16791966  45.62894988  38.14636516
  83.16592379  89.89117002  52.63504047  30.99209138  41.42515061
  48.57282732  70.55386439  60.26929719  12.15324477  22.75195318
  31.62432872  33.0745588   19.98046209  14.25145162  53.65190491
  58.14278211  29.76853576  24.18723283  51.91357918  28.54241727
  55.91064869  23.43844478  15.76110499  15.07258805  34.29487208
  47.98656409  61.13898243  69.17016954  28.90240106  25.76319918
  53.78653589  18.79714817  76.28479335  27.66941078  35.14032434
  51.69776925  32.8378564   28.29587562  47.04318111  30.7940795
  25.10008683  38.49280721  37.50232128  25.26501741  29.17782985
  30.29208567  23.77619642  16.56207573  66.76451204  49.02314451
  21.00833204  52.38631288  58.71365025  44.06450898  62.63759568
  31.28013373  27.79851683  29.69549661  32.78686709  46.98554277
  44.2291181   68.12062507  38.35410824  28.86989438  42.32882286
  73.66505788  36.50034542  34.30680969  33.94145754  21.69050136
  52.58911635  24.28963669  59.49046214  79.55968419  69.12989588
  60.57188253  23.136115    60.01547689  19.41198656  30.68307316
  66.04395084  23.73137582  43.81530122  38.43359157  38.68189254
  66.93062991  25.62942233  55.2238416   64.86304106  34.37934616
  47.74510494  42.92057445  40.89446116  27.80862543  36.28595086
  79.96604839  56.11172276  18.48471208  15.091898    38.36511702
  49.82073735  25.15375792  23.61836681  42.5298092   44.15176449
  31.69166705  28.71570976  15.86476371  53.51013109  36.65281806
  40.95683737  37.96181636  65.13127822  64.02028615  32.96135331
  61.2553053   24.81714357  20.83876842  55.04832788  77.21662967
  37.27821202  44.21733396  39.3335424   80.07812349  21.64512122
  29.25431356  74.88501091  26.2190456   47.7785127   20.72746776
  48.58433058  54.4588447   42.42520365  74.4284363   28.18613117
  23.05131908  16.12378587  35.15663674  49.09495002  43.44761841
  30.36818147  31.65833851  28.01288026  23.48537326  16.79894174
  26.16257617  13.92965947  39.71722622  60.60691312  58.52956064
  36.06195396  36.10188728  23.2621577  102.63563466  53.19588979
  21.83350389  56.08831411  52.76422179  43.28455765  19.02966308
  24.01646244  25.14618851  39.24837979  44.8203952   44.58795086
  29.59021693  67.18125454  17.34936934  39.26661215  72.58790475
  20.07762692  28.94104038  37.48333642  48.48494239  26.93600569
  24.22455367  48.18955909  36.2145038   42.88291594  45.87526771
  30.12796227  27.57668671 100.25066776  31.44415507  29.51803837
  45.98333438  17.91816466  77.31638654  50.08404786  29.13479451
  55.70320522  27.69371238  29.26280461  64.98399391  33.02142592
  72.19648053  23.32672423  35.92883466  18.8477566   15.43603588
  36.69925875  58.47186691  18.9775693   56.0315439   22.34415834
  42.72397603  83.46110698  36.28069965 104.72019829  63.46822048
  26.16011071  88.88362925  18.12887281  61.20270617  36.17568574
  42.2081145   59.9956522   37.92907364  53.47621039  44.63173423
  39.72749848  59.21769587  36.66901207  64.75892372  33.16161704
  24.53248804  40.95848193  25.65316875  20.15378219  39.15643723
  67.26323858  29.04000857  22.10924435  50.26766987  42.80667433
  37.46044158  48.34479961  32.72901731  55.39406367  61.49549281
  71.88373004  22.85140853  53.53464564  38.72485628  32.33322533
  58.41373492  25.00127962  30.73244296  13.77088753  65.85294375
  33.11303481  35.95160189  49.42736444  55.08891892  53.42022945
  30.40309722  60.59868735  24.63361526  47.63955559  31.99015606
  53.55874021 100.42938354  20.04411719  35.50993945  36.43453735
  30.18026488  18.38638914  33.14965308  63.10526468  37.30936596
  71.62080583  17.06678073  78.15267213  30.2966601   36.75507099
  69.07762309  21.48914808  34.08991497  23.2225832   64.81816248
  42.13920782  24.80868446  30.59496816  35.90837918  80.63678378
  14.03835927  75.94907232  46.83076799  24.1098013   31.67065882
  23.54738361  52.92095609  78.68319574  73.81258701  44.6173694
  42.51590444  42.61388312  50.54796794  34.28557476  74.59227139
  22.93512038  17.83655193  70.89690265  34.03276441  36.67198486
  58.93114799  35.32353831  44.7259957   62.55357545  16.18205479
  40.68795629  70.95397158  41.8599299   21.24316799  17.95374368
  47.48230693  56.83170078  65.64715424  22.98159403  23.80925867
  74.23012379  27.20678503  29.27089589  57.41772525  64.03381908
  52.42187637  36.86269717  51.91003911  34.87663358  27.9229082
  58.76469902  40.08865278  66.18296404  31.22099854  48.5202937
  21.50530349  25.39386254  63.50416689  26.48711106  15.38675234
  39.38167761  18.52460032  32.62129755  16.55611519  17.98529775
  31.81413032  44.57690179  34.24415145  43.84188212  48.0272399
  15.4060818   14.61503862  27.15325813 124.08601679  19.42754918
  18.17523265  44.29877498  43.21582114  21.52061771  49.11652867
  49.91239322  31.02760619  30.41582616  28.04130099  31.04851614
  66.27132435  60.43002734  25.64389087  30.49344544  20.70472041
  36.27781365  49.06071488  46.5217179   49.58477786  42.72941827
  62.54508097  19.73335544  36.51427646  68.77641322  38.2563892
  49.97037831  37.66206384  67.1333613   34.25397387  26.31522668
  44.53489513  34.44646807  29.24779845  31.51953059  34.4090866
 105.92944062  36.50411938  30.30488847  65.5486451   60.79167437
  50.69248687  29.81575911  40.03997783  59.27471054  30.50986549
  14.58389993  27.68633531  41.14653442  43.07615195  43.11603974
  61.77917718  31.97005273  45.66460889  22.66562541  51.38440866
  47.11427574  62.77146758  43.64383262  39.61057668  32.43345111
  26.89106496  20.93986126 103.75377053  71.09455629  30.95463076
  52.18266731  35.31205484  28.46519329  46.07027018  24.22257571
  90.82419564  17.35865493  68.96910495  89.23456699]
Test abnormal scores: [60.04814911 87.99447147 40.80989193 ... 91.45753091 58.27609766
 82.45246013]
