Logging output to: /home/guest/Thesis/MotionCLIP_experiment/results/finetune/allSplits/fullContras/NTU61-120/anomaly_results_handshaking.txt
Loaded embeddings:
Z_train_normal: (3032, 512)
Z_test_normal: (759, 512)
Z_test_abnormal: (52924, 512)
Normal classes in training: [56 57 58 59]
class 56: n=749
class 57: n=749
class 58: n=772
class 59: n=762

AUROC : 0.7602
PR-AUC: 0.9952
Threshold (95.0th percentile of train-normal scores): 25.8579

Confusion Matrix:
[[   93   666]
 [ 1377 51547]]

Classification Report:
              precision    recall  f1-score   support

      normal       0.06      0.12      0.08       759
    abnormal       0.99      0.97      0.98     52924

    accuracy                           0.96     53683
   macro avg       0.53      0.55      0.53     53683
weighted avg       0.97      0.96      0.97     53683

Train normal scores:  [21.9453263  24.51509211 24.95739705 ... 25.33031532 24.32020286
 23.21053154]
Test normal scores:   [ 35.08179608  33.45661753  41.94742941  25.5615062   38.98285497
  24.35396333  31.34808426  44.40850109  77.19108375  38.60649813
  41.61583507  28.91018719  79.02884995  25.05101067  64.38631647
  77.22405248  32.02523241  48.68034574  70.87663123  39.83332156
  16.60696689  32.19160421  26.06296569  30.46156272  33.1706436
  23.93219585  48.76017305  27.70934658  57.63173308  52.36548036
  42.69815452  39.37913619  43.6775797   39.97714481  18.20484434
  29.91198873  46.69968598  37.79791379  35.6175756   25.26429423
  44.69506711  26.63404249  41.44271983  34.67264713  39.6852976
  28.30799756  43.10729565  38.78944641  20.07374376  34.72214231
  46.63194246  39.47406425  28.66589745  29.78651923  26.01108449
  30.89837438  25.31407018  56.91583417  26.76086015  36.24649581
  48.07574981  31.47389851  33.72071614  57.5377102   66.20676122
  38.57650197  74.72382392  23.8796737   44.33825168  28.80365028
  22.31586358  34.57260112  26.55834371  47.8443116   27.31265759
  45.77268071  37.12013054  35.88538159  22.97204677  76.74485538
  21.80546819  27.90846089  22.54531623  52.97363412  30.5250283
  55.56539134  22.00766794  21.72733395  41.69137654  39.52187766
  32.68576096  49.83841578  34.24056547  67.07788508  32.10608229
  30.86575479  52.49537951  66.10427903  45.24216465  33.43105538
  44.98331931  24.16452936  24.17460406  25.19711908  49.2453676
  41.94581906  72.04835367  66.85777242  68.87901298  39.83255366
  65.12269836  28.35640417  51.86888687  70.42106275  42.2961799
  28.31443884  40.52714642  56.17369586  46.94919174  63.60381661
  51.44878538  58.34157879  70.96613905  34.6813852   29.85061144
  50.17654506  31.52398123  30.99922156  25.56391671  29.32696058
  59.22151003  31.70927994  52.62493534  30.49231679  22.77073929
  45.01944855  42.82852015  33.00311614  35.25500056  77.34769563
  36.06367735  34.59959232  37.83782907  38.29110183  44.24719193
  30.97448752  33.94369184  26.47078571  32.29135935  27.4538883
  36.44888173  36.06509089  29.85787782  29.9046272   25.75421287
  37.02420769  68.16849306  32.0944801   39.73865519  35.74759276
  30.42686008  46.46846443  35.80450932  29.79254488  39.0274503
  33.41450474  98.00710163  51.42890332  25.891072    69.10391782
  27.34744026  50.03610898  38.04886938  45.62173531  19.97011136
  70.29234086  61.93374204  26.61978544  35.20514248  28.88892633
  29.28197384  50.8534549   20.64181569  41.5259646   25.70407392
  27.76044213  48.82655826  46.17831314  53.92529026  30.44662992
  49.52057762  53.83316606  38.28790676  35.57417769  49.4012277
  77.03653449  23.57536376  46.6708559   26.07390148  40.49664495
  52.55910961  39.03727267  60.01951774  25.59432637  33.09385563
  32.65626326  34.36890257  80.33310664  43.86010614  15.09414657
  16.43694408  31.04648716  61.91159005  51.21675301  22.40846037
  56.46574893  48.86695695  49.44579417  52.61564274  46.94126645
  52.55286538  46.89686239  47.14528428  47.49035159  29.10762287
  49.44218493  69.58846125  37.94728718  45.37708343  44.07771571
  18.74448148  49.18278303  46.28820675  48.19771573  30.38594533
  38.97754265  53.2227296   66.80438958  34.66314347  55.27229153
  32.07765555  45.33354901  35.91905961  22.77629261  27.06502825
  28.79936384  32.57673245  38.43118012  34.36077413  27.33504229
  30.22847838  33.73894796  33.39118752  49.93088934  26.20033825
  64.11873567  37.84934802  19.52471758  38.50901245  42.83000932
  72.0157103   27.73395591  36.68529714  34.34900902  29.87748274
  56.73161758  63.95051628  23.68318863  33.58375157  37.42786232
  17.56361973  51.48666567  30.28250161  46.96221801  57.11582466
  55.22639967  52.52412674  36.39332068  30.13744518  38.36849602
  43.17917702  51.18275215  54.19053327  35.65363048  24.93297539
  30.07641064  47.72153708  24.72134408  67.05599559  30.89191046
  30.07535781  44.85181815  52.90845123  50.33465937  20.87508184
  31.480365    62.9583301   32.51339132  36.52980871  39.69359809
  36.61533688  46.98853537  32.72053476  22.4583578   85.51312436
  25.37667373  82.83170832  25.18589343  54.73812779  33.51604502
  39.34468887  31.37748179  47.33917651  65.43638429  60.01332023
  52.13153554  38.4703888   24.56593157  51.61213297  37.48116405
  44.01503624  30.90242518  43.44179515  27.82916456  31.2341066
  17.17298153  48.2971622   42.68451049  61.11224058  43.11142071
  45.61149079  81.03510861  41.93561012  46.08987552  23.88006376
  25.27656466  41.50730825  23.1826835   23.36119106  26.30679494
  47.32963302  36.96732466  68.29658677  46.25231979  48.95044956
  15.66876321  57.6167665   31.68532981  35.60426913  40.81799194
  45.24899927  61.34723467  25.8656428   37.7603927   57.91809052
  38.2732152   58.97617817  33.50849925  35.65602559  26.4739436
  29.97337722  38.41050217  37.18822754  24.40804055  42.5980092
  37.75211911  24.78678918  49.59931855  43.86270805  42.27656311
  41.09808754  29.9984012   22.39305673  30.07934802  36.77965777
  57.26650155  46.1198384   38.65445694  45.28884869  45.13078022
  37.31494175  24.31338985  45.64244027  26.23451823  23.71179541
  28.73289066  40.4818673   41.54603077  55.21255921  39.51043063
  30.53702143  31.64587604  28.9500072   45.37153642  51.94929518
  20.22457766  28.98077011  67.66382766  40.63980291  20.53747492
  46.19323809  32.44443428  45.90146283  79.43523358  53.88577654
  22.82048308  56.60235304  52.23351196  32.75010369  35.03639864
  51.47750245  36.24075831  50.7695962   29.36657021  46.7906406
  41.0155279   44.95949566  36.23341793  59.7295346   64.0197267
  46.42431582  45.15754001  22.30860814  35.03179081  34.35014673
  82.5126481   26.67188384  35.32778279  27.05482523  40.57184411
  53.83525577  41.54172922  37.38245163  25.05782555  55.67798698
  25.90210135  27.53409874  41.84494868  51.96471531  39.62972382
  19.12998933  53.89128303  77.19872544  35.62872664  43.17850649
  29.96494413  38.81843497  24.26131495  27.37220227  79.36830758
  48.15785176  36.57365429  21.65468162  38.69448308  48.75026105
  33.8386744   42.23313868  27.88314672  41.75617026  54.14445987
  36.42969471  39.80047568  44.13040568  36.31403359  29.54600327
  26.86011421  43.83384642  29.60662025  25.13599039  35.5926505
  46.80739263  23.40661961  29.72970937  59.68789198  30.44794274
  58.48197374  27.09225654  36.3108366   50.12429806  28.79947192
  61.64339521  24.71827339  38.01745247  32.5903264   52.25184359
  32.61741811  24.80673102  40.63305036  58.56383007  63.57944476
  19.19742083  48.32957599  34.35166748  33.2528146   42.05710012
  31.9433006   27.79071266  30.54098137  22.20124288  55.69711638
  30.18448743  33.76990869  22.15430555  41.48638561  31.9651492
  53.00722358  47.58977447  39.54084305  45.43142602  53.51787314
  29.07558329  32.86637223  49.28649828  36.7271377   45.42882053
  32.63831643  44.23863436  31.02717305  69.21849473  42.47295211
  33.01026016  22.725262    55.19033206  44.00717354  82.23230626
  51.95450744  54.15991808  44.00916023  41.72587077  20.5897671
  65.43010781  21.34979396  39.58356494  79.19484256  34.24508523
  49.43398403  33.03252376  29.5796244   32.96504589  82.93324761
  62.18499108  27.44189517  28.04778703  40.51041668  24.58751329
  42.11111237  75.6766883   24.77924511  55.65098613  43.52348114
  48.26907487  28.8670011   56.01382104  35.42022128  42.03950194
  30.84964409  31.80102159  28.67173579  73.76161247  36.42886341
  37.61059962  46.79940203 118.69792627  58.04361758  59.99348633
  78.76968111  48.74301648  32.66500063  28.19366945  28.4055244
  40.05130511  39.65133886  24.37274604  27.78508984  55.24471799
  34.10321998  25.29598742  42.45251548  43.34435672  34.45379905
  32.17836553  41.47782517  40.33739309  54.53532414  30.3278263
  51.58438263  31.86991569  19.96684479  31.49607063  35.59866459
  39.84371312  67.90943483  40.38285445  55.37498209  43.18958602
  30.73253521  34.55566473  42.7870948   77.61216784  34.84161621
  40.28982619  23.4606595   20.02749459  33.65476109  20.87340508
  63.31970679  37.81579426  65.87253199  36.64907777  34.03924089
  40.94782763  48.85312975  47.35694552  29.3926292   29.29955681
  99.43435483  42.13899477  33.62457129  62.45566597  42.02178545
  40.61502845  78.74290225  50.38887488  46.72684651  29.82101899
  62.15155159  24.93432179  35.2199715   45.86362295  64.06845906
  54.24911421  31.27824998  36.82802393  41.98936464 106.55837868
  27.1837523   81.56979691  45.78965371  67.59099426  35.13286705
  34.81025844  43.36671293  47.71365673  32.28804689  60.32183701
  38.49465961  31.26480453  61.34942954  48.07038761  20.05128728
  35.02696352  32.47208858  32.81568496  35.18735795  57.15104162
  43.7678491   18.22138222  18.95344782  61.57615044  57.50357854
  78.60433132  64.14056189  28.69979656  41.48731308  64.85606801
  37.10805106  46.89765785  40.1433068   59.79497602  57.66886774
  35.15668632  49.85999868  60.17344051  33.38043527  35.43385573
  86.93460274  21.0615096   65.30658168  52.03104346  36.71214512
  47.99466959  34.49729489  34.87098921  51.41078455  37.23305729
  70.86806655  41.06890593  21.95054981  98.13879268  34.78678403
  24.23047513  42.06765469  30.81352827  51.92564098  44.87499697
  63.38356107  33.09338472  20.67239652  31.78477203  35.16832145
  34.31450005  25.2814549   29.8471298   50.87990777  59.83915893
  20.91025977  44.25336644  63.2820155   24.09414295  33.11700987
  30.78527833  55.70854006  61.74896078  38.8611551   26.00357779
  38.55453088  37.21184395  23.07265839  35.92818995  26.33983675
  65.34467011  34.65534717  24.08990764  42.90601334  33.87922452
  32.57937974  39.32319036  31.64866791  26.69730497  36.16776154
  49.66436084  47.72038975  35.40154744  60.81013686  44.502381
  64.66495062  35.01844797  53.73257738  36.39448434  45.90978157
  62.79185144  30.68434858  56.51051395  35.43224535  88.08650368
  39.23733124 119.74356968  60.99885757  26.75630747  22.48727449
  39.36221886  29.34855737  57.71417707  43.01528989  41.29624274
  27.45880578  75.25633787  84.39982187  44.29272378]
Test abnormal scores: [65.46983911 67.50278521 48.84822916 ... 31.94852484 39.94286628
 59.64827259]
