Logging output to: /home/guest/Thesis/MotionCLIP_experiment/results/finetune/allSplits/fullContras/NTU61-120/anomaly_results_random3.txt
Loaded embeddings:
Z_train_normal: (3022, 512)
Z_test_normal: (756, 512)
Z_test_abnormal: (52937, 512)
Normal classes in training: [ 4 14 15 43]
class 4: n=759
class 14: n=756
class 15: n=766
class 43: n=741

AUROC : 0.8622
PR-AUC: 0.9973
Threshold (95.0th percentile of train-normal scores): 26.1768

Confusion Matrix:
[[  134   622]
 [  696 52241]]

Classification Report:
              precision    recall  f1-score   support

      normal       0.16      0.18      0.17       756
    abnormal       0.99      0.99      0.99     52937

    accuracy                           0.98     53693
   macro avg       0.57      0.58      0.58     53693
weighted avg       0.98      0.98      0.98     53693

Train normal scores:  [23.72052059 22.7994632  25.41402628 ... 23.54901996 23.10160568
 21.38348775]
Test normal scores:   [ 21.40955982  49.32310477  46.76492593  29.95444989  42.65127085
  34.83576712  23.76865397  36.25551614  43.09373925  38.67453305
  21.85115734  81.59927979  22.27550307  54.543244    58.53279327
  35.21654643  35.45165852  30.29700908  32.73263375  23.50875464
  29.8509028   32.93209586  35.33593679  34.3806246   76.45152133
  61.42027827  27.98074588  41.30521863  49.75720163  28.35743723
  29.25794857  36.08954311 142.73986795  50.43309227  35.71161731
  27.9925714   45.21611549  23.70896045  36.21272855  76.65216257
  37.49456447  46.35075921  30.11412545  24.90047993  29.82195165
  51.90283698  42.96092547  38.52172273  44.97057099  28.51468958
  26.20283036  27.14349072  78.23811205  37.66420975  34.03798009
  26.03421515  34.99481807  30.74690173  43.5051525   41.35747661
 100.3526769   32.79573222  31.22022242  28.71582878  33.21012301
  21.4540852   54.68888903  35.04508137  38.51457953  30.8702757
  47.75318874  36.01800953  25.90741511  32.60742454  68.02196343
  94.05932473  27.00619473  29.92057479  33.70260818  26.86208814
  45.63338342  36.91295006  36.01417037  59.9195631   42.13278881
  62.83543446  44.79188188  43.33820325  46.20736023  32.99970727
  49.38803437  57.01587484  49.54422288  35.58032938  39.12400515
  31.61296558  50.26645992  26.9765769   66.62460871  51.10636387
  34.56473492  47.07349632  20.03981953  21.16655595  33.89386968
  66.58918257  49.76934458  31.39116273  45.25473277  48.75101729
  44.09583244  64.35839971  71.49430084  40.9119991   41.96926896
  28.91552837  28.20991575  26.10157879  60.27874697  28.2745748
  24.98982069  51.24958502  24.64701049  41.99951291  57.62198831
  32.81413069  37.8213009   53.61595706  65.21127037  25.3493675
  58.85605193  22.26352499  24.19602753  36.80078705  21.09652204
  26.44368072  44.14572071  38.79415566  34.46852009  35.95209309
  40.27569958  36.6797011   29.01059438  56.28518452  72.07999373
  25.17192625  51.29384875  23.32159539  69.89066508  27.32327202
  44.24299674  58.29434342  43.65269896  31.75485908  53.85862514
  23.36936263  49.05558657  44.41604766  34.53175578  63.44943607
  28.44828598  32.97039785  33.48873667  35.2378759   38.47093315
  26.61454941  36.11986959  38.73573084  23.61925438  62.91893403
  31.89444808  50.37570499  34.63593194  30.95447392  28.8099048
  36.13091819  21.38958492  48.21909886  25.20033225  60.55229137
  29.41654073  46.83115635  43.98637799  33.72384929  38.10196003
  31.22204529  25.51814162  32.74449785  39.79608343  58.54337433
  44.70588128  63.50238384  34.80695785  38.43298545  32.78684793
  29.94712314  33.35698357  36.9615102   25.88962241  84.79858327
  28.72679616  60.69731581  36.95654977  35.34156897  21.64181836
  38.06973144  71.41182541  36.33790025  25.14776836  52.28789681
  40.55024465  30.797591    32.32108592  57.94175721  34.79868915
  27.80908943  30.29829463  44.93567729  34.08935801  20.5328145
  38.12154489  26.30114463  44.81790393  49.00173349  67.19705002
  19.40225764  49.4936744   26.24497066  25.6574822   30.30786458
  18.819949    39.60773674  65.69052867  77.6135892   40.59155822
  30.04667614  26.07993442  36.36736332  62.14047373  27.95399206
  39.1008993   57.21408436  18.63601465  51.61709544  48.60914593
  23.52933874  37.00599653  53.09234649  42.74534698  45.63007142
  26.98956491  32.96325575  42.72654117  19.86447957  36.75866061
  29.24177022  48.56606383  32.89517821  35.86463436  64.01645059
  37.25085272  24.88679254  37.49694861  34.58025829  22.01809036
  30.05950535  50.59666677  33.38294054  22.15156741  28.20565394
  23.65408048  70.18815606  26.55440397  34.21561414  49.31926518
  32.8094495   42.17715598  35.49516655  33.64028749  52.88696396
  36.2646475   46.72127553  35.0648533   23.92578622  37.91160463
  52.95753154  24.46498345  20.15064196  31.57940161  91.19663479
  27.63714414  45.24812436  32.79309585  25.7252995   45.40196129
  45.97354903  55.10966812  35.68762445  46.12309085  33.84397342
  30.34855368  16.85541928  45.98633321  37.63837703  24.64874217
  36.5387627   53.34957966  21.91420956  23.89841101  26.57354366
  16.45054543  54.03657012  40.09278349  72.18597579  34.73511127
  27.85617253  71.4328076   35.72342563  88.09159842  37.27852778
  43.15592526  39.19497523  35.35291194  38.64486492  59.60237823
 125.47219503  33.10539961  33.40650567  33.85548328  41.96339957
  52.06415189  26.91779926  31.44951552  37.28675154  32.86923604
  36.89851574  40.8389231   38.14275416  20.75154162  32.83478231
  73.17975099  64.05771206  37.66404035  44.465582    46.27990893
  42.04015198  29.01180077 127.41176421  16.33946434  39.32582098
  54.29973856  33.5763215   41.88042762  42.39538277  20.72969866
  36.81736142  51.95683538  25.33290495  41.55807621  33.67090247
  50.54140516  26.03435364  24.71163567  30.22159361  39.94337521
  52.37596337  56.98645816  83.33534625  29.85032777  35.04463088
  19.40081579  31.74991765  36.81829923  59.11323577  31.31689631
  45.35186324  37.51478829  19.64241267  41.37791974  24.376402
  28.90005774  67.68469585  31.71859274  17.51255773  49.58213837
  59.78522509  46.83564179  22.73280606  42.1647055   17.17941734
  47.28181907  50.42941664  21.94075478  43.08653225  66.23051255
  35.33154761  21.04873477  48.68207882  25.4433213   52.54303729
  28.16175704  33.80288517  48.39938174  19.23630774  95.72735754
  66.43748582  41.63500466  39.85206229  19.14915325  62.90702244
  37.2182076  111.70829671  62.81103148  26.89063803  20.3954575
  45.68085362  46.57109759  29.05544226  30.75848148  35.10435211
  35.059018    32.37215068  21.07420838  57.23171126  73.24639806
  62.8463562   24.06644309  63.76834996  39.28784403  20.65482168
  27.07461367  25.20707199  89.41030476  32.51119353  43.87797033
  25.32317411  34.71511016  34.33096816  23.88400746  50.98449842
  84.25749531  28.62433955  59.44943621  91.7939152   42.31766817
  26.07007077  39.35913294  27.68698239  62.82064157  30.8539739
  30.49766254  35.74996552  21.75300904  56.18562037  59.25322692
  50.13517571  28.0839829   51.58570641  17.26661456  39.35881777
  41.03989539  71.59735123  59.73149607  43.01776721  29.32400552
  56.21884874  36.34256133  35.58255861  77.24796006  35.61682866
  34.19722042  29.73140613  35.26049382  52.3569893   26.62272436
  46.35265761  29.74428312  35.37029478  41.15722183  28.6757962
  45.46323909  28.07624096  50.84075678  28.14627477  21.51965004
  26.88543774  23.94239133  31.55993051  27.21025099  41.51839689
  48.86671161  24.55187853  44.34088722  30.4813536   41.29822787
  26.04858086  73.0451501   50.94674086  36.67803363  44.29017537
  61.03277208  38.90146155  22.0746583   47.83058889  34.42637257
  32.13833867  36.17315794  48.66408665  39.99730515  23.38466023
  45.93833284  23.92423852  25.26405771  35.58474404  21.15359293
  31.14430282  53.31973681  30.58727854  80.33422956  28.23505989
  20.67446681  38.95989606  31.22051349  56.84176159  56.52502109
  90.22664175  19.78661178  34.76604135  24.72324929  50.9704234
  40.34217953  65.99478625  24.05498935  37.61754814  98.33044751
  36.4326286   29.47706936  39.67769848  63.31859133  82.76450404
  28.70642179  48.41679312  26.05849248  50.60369375  23.10140704
  18.50916517  25.46162023  22.74284631  38.00034764  55.98615261
  34.44211083  35.54272582  27.24240315  29.46736713  28.62416443
 146.40100062  32.75746742  34.03420435  23.19989973  34.66256911
  23.01839224  51.33805958  45.36511199  42.41572826  37.206866
  62.1683864   32.37485081  45.33932479  37.23159105  33.18649298
  50.84863738  27.7050213   21.0067196   31.51148729  32.02431626
  28.32885749  27.29187471  45.77766185  21.75967787  20.81226869
  31.33636549  47.41754124  19.0565019   58.72151633  46.19103736
  62.21392643  47.63896778  82.87585322  91.56846926  61.02028196
  40.62337504  25.76938836  54.44095944  56.24169124  47.20114502
  25.28102974  32.51102377 177.80532891  29.11747561  26.08906563
  51.97470155  26.54221678  30.9416202   62.12101387  28.68681384
  19.24073354  28.74403757  26.13990168  46.04991014  54.23821641
  34.96609145  51.85071695  33.34062105  55.12601315  46.69896308
  25.79144039  21.36319572  53.80823637  45.03659932  37.07555308
  36.54775838  37.51068305  22.42711406  37.59240352  50.07382068
  31.19290078  55.91734649  39.81442173  32.71383829  61.60595077
  30.45109639  26.17925535  46.43890468  33.95701476  32.90710491
  36.48280902  33.93897025  24.41220236  34.93652985  24.71023751
  26.97028158  34.17949409  35.6333807   39.42786446  27.03284934
  99.64728184  26.16358479  26.00800646  39.22493654  41.27618953
  52.09931405  39.69177515  39.00745144  27.99563336  57.95951608
  31.65061022  43.05709788  22.86057774  26.10786783  31.34860971
  35.2560056   34.67674586  21.93290718  70.66595077  32.95979619
  28.08154201  22.23312828  27.36300874  27.94059795  18.60975714
  32.08273265  21.47430389  39.10061507  64.20890935  39.28196028
  50.50155418  27.78628962  49.68216858  25.31552719  32.72588857
  63.88563857  20.67406601  50.33654232  37.81043387  28.07173283
  30.49469749  47.19649674  40.77657565  37.38397054  42.20139551
  32.65951636  56.57348898  44.32354906  21.18574955  21.62662819
  32.56754385  46.11839179  24.46106019  36.33269928  32.35698989
  32.00616178  75.16498362  35.36943622  60.72030171  29.67902222
  88.37449177  22.78244279  29.13900517  35.36439021  20.84051409
  44.19514805  31.50215487  86.44702401  90.24687705  30.31656871
  26.93915643  21.15670385  19.83721419  27.97019554  37.19866951
  18.06271975  33.33151758  42.25542856  38.16367381  47.12349242
  25.58332281  43.0712496   49.42477543  27.92129055  40.05349998
  33.0123207   40.12202448  66.65954468  36.1141566   23.19133289
  46.75468395  35.16722778  28.56430304  39.20564074  56.28426763
  71.79837072  20.69312022  59.31515287  52.32100232  19.99978041
  31.44448235  37.60747333  53.17564859  29.50143951  25.86667551
  31.78013323  34.11403233  32.5396084   34.29922893  30.52054108
  26.79767861]
Test abnormal scores: [53.55798954 76.74425825 86.36980544 ... 86.80549592 77.94229854
 86.29572424]
