Logging output to: /scratch/mgirishnair/MotionCLIP_experiment/results/multimodal/classwiseGaussian/contrastiveSplit/anomaly_results_random6.txt
Loaded embeddings:
Z_train_normal: (2716, 512)
Z_test_normal: (754, 512)
Z_test_abnormal: (52944, 512)
Normal classes in training: [ 3 20 22 25]
class 3: n=677
class 20: n=679
class 22: n=679
class 25: n=681

AUROC : 0.7495
PR-AUC: 0.9941
Threshold (95.0th percentile of train-normal scores): 24.5557

Confusion Matrix:
[[  265   489]
 [ 4063 48881]]

Classification Report:
              precision    recall  f1-score   support

      normal       0.06      0.35      0.10       754
    abnormal       0.99      0.92      0.96     52944

    accuracy                           0.92     53698
   macro avg       0.53      0.64      0.53     53698
weighted avg       0.98      0.92      0.94     53698

Train normal scores:  [13.80842042 19.07862591 19.53281782 ... 14.57536725 12.2737412
 23.6471324 ]
Test normal scores:   [ 52.5790064   29.4702234   44.56423894  30.33952521  19.60667572
  44.2215665   36.42837635  30.7357188   69.28948417  14.69652425
  25.41005949  15.01473955  20.30907846  37.62033467  23.43851397
  33.94481668  25.03566354  26.50581714  61.42279641  49.20296002
  48.29904939  23.68072157  28.44706894  45.07113191  49.67682711
  12.16259501  51.76630889  29.39328027  16.63976225  49.1261687
  19.51238762  42.16874695  30.86855777  30.44754909  20.65160525
  39.05781636  21.85349148  30.15750389  57.58973709  21.51274001
  37.51865202  24.34179904  33.84994817  22.60864324  16.97197489
  39.18192234  22.5460898   36.32718825  19.62604944  50.35991731
  33.65569974  16.59383985  23.61950257  34.1127456   35.18485672
  22.86312734  15.63841761  19.62318047  46.97615745  30.10587517
  36.69821265  40.54454659  23.16372881  25.67803937  11.38035339
  25.74095563  18.17518588  53.31642987  44.14892394  19.88101671
 108.69706656  27.95829734  38.47681029  24.61784765  31.46120549
  44.22545122  63.26145232  10.57157431  20.13275779  32.29932039
  46.85823671  36.19714314  29.98284459  34.10344013  22.41576749
  18.00705853  27.86345178  13.14660454  22.84744683  47.13573281
  69.97352614  25.03670159  20.12787617  32.33604739  55.91235481
  37.21902149  64.14666116  25.79325197  41.53077057  18.55556559
  27.65757023  25.17175388  24.36705669  28.07340354  19.0573188
  34.52334516  16.67803944  21.66127815  30.37116878  21.19843738
  18.85002022  25.59958176  32.81255006  60.49400484  35.72369746
  20.63756997  57.27912877  16.10451269  53.45817285  32.9354468
  20.37219772  31.67178168  17.45496999  16.50346905  41.5452996
  33.57963873  24.82126999  24.88628111  14.22172469  28.08078173
  23.71337004  45.86765759  24.80859478  25.06544654  19.49117858
  65.0429426   29.0111683   41.58023322  46.04191097  21.25429219
  22.61906004  18.90793219  13.10907141  66.31236429  57.16737973
  55.17836489  47.84774464  40.23844035  24.99421854  20.07114945
  44.63244051  17.92205019  41.37921507  40.28943146  30.23029528
  29.04956609  28.90702248  15.29479137  25.167654    25.78802193
  25.81287634  31.52158824  18.32637393  51.06360838  16.13685005
  34.8481254   16.31172554  44.08337232  21.52321844  55.98207237
  39.42159486  34.20876142  26.14286743  29.84195636  16.64823592
  17.24765103  20.22228663  17.14059829  33.67627427  34.35504835
  22.00328804  17.33985787  14.86242872  26.12396584  20.74045523
  19.4269313   17.31656824  12.11773548  32.71201721  25.99769416
  15.19462259  58.72336136  29.16155769  34.53271729  21.79721523
  23.06677041  20.43248015  36.72958257  16.87339751  50.43148913
  64.5939662   29.40381062  59.48551106  41.44676464  41.2396424
  19.52085242  34.83347358  46.79474483  23.66772393  37.78432076
  22.50199807  47.91914733  63.54934352  39.30121113  27.22747608
  41.64456599  24.88473094  20.10691076  21.85417716  42.11905345
  58.94041735  21.61823882  22.14123191  61.3921252   25.86159833
  14.5339643   20.39683837  28.85340535  13.68078625  34.16830084
  33.58228432  44.15282537  33.31089332  32.09536149  43.96090438
  23.37219095  37.17926344  49.28738053  30.2650899   41.0131026
  55.85447838  25.0048012   73.96120163  19.03329523  61.87033502
  84.16847676  18.72240696  36.38485095  75.22501794  20.37250478
  12.10247405  29.21344009  20.16416996  30.38866707  33.98449312
  28.80714782  16.50911083  29.73576964  31.28962994  52.15396774
  41.20706057  28.38169804  14.05144004  15.38904075  26.10901159
  31.46357497  25.64115322  35.62382725  29.52927486  30.53038069
  41.26566603  46.96843493  26.02526828  65.53576704  19.80596749
  35.11117322  24.70471489  20.68361979  15.62453957  47.73055999
  15.36236785  17.80489187  17.58025647  21.88470092  14.55504493
  52.05542506  41.55992736  42.16949134  34.5135795   64.23336542
  45.37244817  32.8491286   57.59188953  65.59634298  28.87507161
  49.41030875  34.45967501  41.66688962  67.61243034  31.04504037
  39.25638121  42.86693791  48.44886172  63.3060942   31.99347964
  48.81157907  10.85930318  17.37295657  67.7078635   50.14400592
  20.50809675  21.01068845  19.75125289  28.51090806  29.72451895
  60.62013641  48.1606908   23.33811495  22.74125568  20.08746822
  28.60700851  24.97715226  45.6379597   21.32037612  18.64502391
  15.26566903  32.2515047   13.98723537  28.43177315  19.10228687
  14.21465581  29.34701621  24.62588884  12.462383    40.71983402
  16.88483187  34.20650385  25.58926276  49.43942044  35.88816123
  37.00327699  28.31024743  28.30336565  17.59642677  17.64480179
  68.82411075  14.96271384  53.56273241  15.29261042  57.41162534
  25.42390647  17.91313719  28.4013087   41.15176829  16.34231865
  20.51134101  22.96904237  22.41989083  58.6226035   13.25068183
  21.13450002  20.42329213  35.25289179  41.46585368  65.45612089
  64.17687407  26.78930943  19.72513939  55.99773564  29.13976403
  21.85075735  58.88229004  25.16910699  18.49864498  19.23258297
  39.69204005  29.77595717  21.8325334   17.7228483   19.18398762
  55.83681862  16.30417508  37.51795914  46.74717735  40.47701294
  24.27825889  52.80457108  27.7185297   19.24526608  36.07611381
  14.57167205  18.20290374  20.83218729  21.62886688  30.55906633
  21.92498252  40.24139263  24.81016606  40.29680119  33.5781384
  47.76463096  22.93015823  20.64109111  89.30924912  34.44006297
  18.77115283  14.41304937  17.8527199   43.97865288  17.38977987
  15.49096891  21.87271038  25.31353313  17.81074862  42.05192475
  12.80465668  45.75491053  26.20206109  14.96289919  22.816311
  42.38534876  20.75819329  32.00408398  46.89869344  37.75153679
  31.67997739  46.57376488  41.51253348  13.71234346  26.20855953
  29.84024771  33.57379917  43.09075831  30.94825462  20.42455356
  23.04073278  27.53363776  32.73991994  22.26180996  41.9195537
  38.51350245  57.84990436  16.76837276  38.23132305  16.9292656
  24.36287494  39.42804075  47.41858858  14.05320268  24.79800346
  18.62601188  46.51637054  23.32947554  18.42560154  32.23517687
  27.35477049  11.00250377  27.81348168  29.49183351  41.41073663
  77.31783837  76.42169055  85.01597082  36.22897852  53.12532421
  18.05182361  40.15353875  30.32363326  33.32468135  58.50303052
  33.9605783   16.45352686  21.11947572  73.49234154  56.19650004
  29.21314904  28.38725344  49.94699236  31.6804503   57.46078257
  21.25533173  63.41667086  37.65030872  14.42415608  25.0774253
  25.75710589  13.10408241  43.80024493  29.65601083  33.97239343
  51.27613679  35.00612956  39.18997952  44.0440604   27.83453976
  32.36105183  83.84822131  46.67641981  25.7246881   43.68196638
  48.42070436  13.37923724  21.01844253  11.74653953  50.39607917
  27.90156402  20.03177405  37.47100645  50.03408992  53.66945377
  29.89558013  25.13728057  44.05262389  25.7145963   25.72496946
  41.78429249  17.32347793  43.66872311  21.62344806  59.13635417
  20.06893298  22.88009697  27.40444113  31.43654477  51.17327824
  55.75665369  23.79131303  40.63842937  28.82780354  21.7236325
  28.55749594  26.34814794  26.47110042  33.62942065  41.27016712
  21.57508809  44.30624958  54.0640131   22.97350564  64.41744893
  24.80435982  25.15002037  20.51474802  27.2534664   27.92766327
  35.8493319   48.76872667  45.70908344  33.3660954   49.45269873
  29.3851844   46.99010021  15.85693367  13.45827132  37.7431742
  17.34125619  23.07987188  24.83436934  17.41637439  15.71967772
  15.03669659  32.88824656  20.57218417  25.93231907  59.92977591
  25.86131664  13.06306397  22.41514744  21.02314573  21.71039594
  41.83933245  35.9245844   42.14535417  58.99456968  33.61026637
  20.21288011  11.21397857  36.40558143  15.88844688  28.33023684
  16.7376927   37.33300898  34.17193366  86.3967871   25.91449581
  59.18993747  26.33898985  24.30033857  70.43189181  16.41192088
  29.67711336  50.69395648  33.79647776  44.92831817  40.5346887
  19.61960763  21.42678385  19.27393869  21.9978814   44.27114283
  29.21319937  18.47152642  26.57777688  19.05118451  31.34165996
  27.97173832  30.94945419  22.17695378  55.48352439  12.41358624
  53.78761406  20.35209122  19.79777854  27.6629498   33.00266575
  54.57632035  11.12964358  40.48604591  52.0913077   34.35324325
  18.68000126  27.10538567  40.57625389  22.98703902  38.01316404
  31.60888554  51.61155704  33.00231368  51.24038306  25.47327356
  19.50103736  21.92106484  19.42827807  19.67237421  28.27198134
  20.165681    33.44973295  38.59984869  18.56568473  21.95448584
  51.21196219  29.40270962  43.63940287  56.72122752  14.62449201
  63.69984876  81.50892029  12.32493047  48.68864681  33.84016388
  40.45223923  34.51337453  34.93366118  24.34010202  32.79871986
  19.71991035  29.89095561  19.37338408  26.64984347  28.73185311
  56.99276284  54.84102     41.88291165  39.98973588  22.07181097
  51.99393529  13.3670328   64.66975329  20.0028108   24.91599064
  24.96918435  32.4111941   13.94698519  43.58259156  43.43427267
  16.88890979  36.11259268  19.68190668  23.07054246  27.49479844
 123.29364974  21.4895991   28.27473231  67.79264247  42.14292675
  58.66337497  16.31258585  46.50359905  18.63990002  15.58493451
  23.19533964  19.31049071  32.79058029  35.92282252  64.70370878
  39.37660421  22.53773824  44.61709627  67.33279207  17.66457306
  18.96140431  26.27439922  21.56893431  39.77851709  19.86707773
  16.16611008  22.20485882  49.09881404  18.46550358  29.08615236
  17.92155042  47.12414624  19.64428705  52.46166848  46.92300377
  18.04664752  38.49873314  37.29306665  21.41800685  25.10219757
  26.4950275   45.14233717  40.86884666  33.55327603  26.34067486
  36.64782403  40.08726268  36.44403091  41.59732658  17.05533842
  20.3341292   36.07139477  17.67632138  31.49411545  43.00051999
  34.58188241  29.29655169  43.18992226  19.91232144  54.08142735
  25.58162511  92.10040413  19.93013333  41.06032016  89.75866167
  29.24403265  40.62542764  30.51341112  59.00700887  38.3289076
  25.58569546  18.02549612  16.52448929  18.02694405]
Test abnormal scores: [34.67841523 14.74790851 45.75101152 ... 71.2833373  47.52056244
 34.64439728]
