Logging output to: /scratch/mgirishnair/MotionCLIP_experiment/results/multimodal/classwiseGaussian/contrastiveSplit/anomaly_results_random5.txt
Loaded embeddings:
Z_train_normal: (2726, 512)
Z_test_normal: (759, 512)
Z_test_abnormal: (52926, 512)
Normal classes in training: [30 34 35 53]
class 30: n=680
class 34: n=682
class 35: n=682
class 53: n=682

AUROC : 0.7144
PR-AUC: 0.9927
Threshold (95.0th percentile of train-normal scores): 24.5413

Confusion Matrix:
[[  242   517]
 [ 3302 49624]]

Classification Report:
              precision    recall  f1-score   support

      normal       0.07      0.32      0.11       759
    abnormal       0.99      0.94      0.96     52926

    accuracy                           0.93     53685
   macro avg       0.53      0.63      0.54     53685
weighted avg       0.98      0.93      0.95     53685

Train normal scores:  [14.15837184 24.72566046 22.69260783 ... 15.978178   22.14871498
 23.3705432 ]
Test normal scores:   [ 25.64896989  64.65619353  38.52386309  21.32923573  19.35183379
  53.50952441  47.91430557  28.11862735  47.38931521  63.83764699
  26.47522079  27.65906206  33.2571291   57.10493482  91.98649474
  28.71099426  28.69009922  27.88837809  55.15759856  45.58289889
  56.08184486  21.3867423   96.20625405  24.44582948  44.12116221
  50.01122183  23.11629865  27.57727143  22.13354468  56.50541959
  35.64851595  24.76551839  17.70440373  45.13216886  51.60860033
  43.3165133   23.5368908   23.76447569  18.2169685   65.17513875
  53.60011627  31.00542747  25.46461627  21.15001938  57.77718319
  43.68450626  23.7806761   47.64828702  38.43211858  78.3462238
  15.37828112  64.16361287  52.94056896  34.13341048  23.02917108
  18.11281501  21.96880735  80.18182211  15.14603377  32.50613373
  44.63172531  58.34927564  23.04315549  12.79442519  20.46451579
  28.81299845  37.72837272  18.8225436   17.34547273  47.28562001
  45.80487233  38.79480713  46.09833226  18.22629729  11.92306077
  30.86887691  21.97776651  19.18978086  39.48131374  56.44578384
  69.11391223  43.13475211  24.40713001  45.3462711   66.8306251
  38.41277011  69.24857824  38.41872631  17.93418876  18.11523648
  38.05361092  54.74664809  50.79123055  78.14250845  23.54848018
  57.41265504  15.23709238  59.50752523  62.31908801  40.74719199
  20.06215038  21.29506099  36.33945469  21.63586696  46.13649084
  43.84064196  34.17587815  34.35027636  17.92921084  53.65553396
  15.53559488  33.65142641  69.135904    24.13196276  60.62445671
  58.69894553  12.39147412  43.12502174  50.43456475  37.17755721
  30.77028125  67.77695718  36.25867479  25.78377878  62.81358772
  30.42592536  46.24120085  64.60794866  47.89617809  21.76580674
  33.95360311  25.54073774  33.13472287  43.01337105  43.02699984
  24.60557021  35.21775526  28.92714596  18.67337442  69.10990334
  35.92342352  17.15535539  52.24428545  46.37771063  44.17070464
  25.66101426  30.02521961  34.7169126   20.73572917  40.76259408
  48.72973391  22.97709123  39.61021484  36.20545313  39.08100844
  18.75494689  12.46648467  20.24978792  49.86501282  24.1695476
  34.60607162  28.59927259  26.13406421  48.86098815  29.56159754
  60.41276917  20.33423679  24.61581922  12.60567964  30.52580423
  39.35412964  16.40395696  29.12768849  46.57508308  54.435793
  31.23325544  60.02073746  53.36712886  62.07221782  19.63920635
  30.36462454  22.6028241   37.91397043  36.52594371  31.54367317
  12.92342531  20.72507595  20.73119943  26.32477508  17.66399037
  44.9365984   27.73637907  39.29978948  38.23594507  61.09872263
  74.28321959  30.89162583  69.57369704  43.01294593  31.90695753
  24.97323252  25.88306535  31.12212849  20.53887423  42.56442903
  20.26810656  32.05194216  60.48858968  14.21531537  35.17662767
  20.65881685  19.12229515  59.62197603  30.15505113  24.7272014
  37.13338859  23.57072861  19.25712946  32.62784155  18.99225974
  68.09092294  35.58519137  67.29641097  32.49601954  22.56496577
  27.90023958  43.46467047  26.13941489  29.56643418  31.16564984
  60.53891867  49.50924102  24.8161955   62.40712244  20.67853277
  36.72888077  49.82133332  46.61898738  21.04963234  34.81776462
  20.14656909  12.9003254   28.7107714   21.73964944  25.58036869
  29.73674671  16.5203      44.03855843  28.08147728  42.68995466
  20.02151931  36.15311563  36.47874701  28.02367826  15.09658562
  15.82018153  14.89310588  44.98134394  43.10794106  45.58280441
  87.13499412  23.82521043  17.55833808  49.02691597  35.20614519
  39.83504966  37.75677665  52.10748094  48.20372447  31.18729597
  37.624048    34.27706463  55.40673874  26.45103202  35.11828832
  22.76223093  19.88256659  12.7770695   27.11429691  20.46222392
  22.47016006  33.68014968  27.08356778  37.97869993  31.64288195
  19.90691767  27.96495884  21.83170389  25.85918499  21.80994729
  60.64988143  18.72637081  44.74696954  35.84185106  44.89630234
  34.23402999  24.4316091   21.71956831  54.52668454  48.31609426
  42.10464681  17.96900193  19.65018689  31.84064353  57.68918931
  31.8219211   13.74357685  19.14764349  21.42950057  28.11915245
  34.6195568   75.99326104  54.7193982   43.93222895  16.49263579
  37.51910167  29.37772455  58.25708534  33.08163445  17.83567812
  33.57683173  20.80871436  12.3310437   20.44529624  24.23980881
  51.70351429  41.88184637  49.54802329  49.56662032  62.75403149
  77.28583165  13.18502004  19.16678096  26.68784329  37.49788937
  55.9712311   16.35266975  17.65223284  59.2401507   14.65819012
  29.00960892  82.61910965  39.25904948  58.39489527  15.87230559
  72.84085306  26.75881217  19.35156984  31.98209931  74.63600348
  32.33340919  22.41834944  47.46781434  20.7599577   62.64411315
  42.31668043  16.23069037  25.18937399  31.57765265  29.04210081
  17.11393538  30.88400617  43.24905765  22.87813043  42.12000181
  21.95355336  55.01236023  22.26932698  29.16231929  35.17677936
  45.57848325  27.35103285  49.87926761  33.8554514   21.58307265
  22.88245368  44.65097542  16.73590828  51.99224473  32.43567415
  37.39947197  21.49842042  23.82680595  45.23487098  47.55624482
  50.72422795  48.30287228  60.08420582  17.41959214  16.00986562
  50.05517244  25.30644388  57.05773725  31.6823022   20.44968452
  25.27004894  30.48799942  32.08412925  43.82288174  31.19118374
  28.79814567  28.93523294  30.0755741   31.8876851   50.8078442
  24.55997429  20.90315017  22.06869526  46.33114587  20.78808409
  18.36041377  17.96757389 111.82713702  23.75835176  23.77880699
  36.43789169  34.46889045  27.27194257  40.26421502  71.41952946
  10.00446837  23.90996648  27.95947147  38.86539077  30.1478979
  25.27277246  25.96097441  30.06861051  64.79050106  65.36272846
  22.29490441  30.27342525  49.29180281  63.00362583  63.80446256
  19.95498516  29.84595269  32.92404382  31.65746598  25.29850066
  45.1236449   18.88141827  34.65131103  34.63991846  42.51512227
  20.15274323  32.96489468  42.56937487  21.65478974  22.6273756
  11.35727046  62.74879651  69.90926595  53.30986779  12.86263247
  32.18088342  60.61720389  16.89097501  28.08101304  36.23323554
  19.05687935  66.89369424  19.41799992  32.90771377  40.11357452
  33.99657631  17.61893127  80.46238918  17.45759045  24.97019156
  20.86966462  19.85217147  35.63834079  56.68378953  64.25575479
  41.55753758  60.1049299   35.49873827  25.35219406  52.13623193
  40.02344717  28.04249417  36.77425793  53.52075147  78.66533125
  19.65888774  45.47159883  20.89004612  37.34186335  20.71266978
  20.95982673  29.9356124   33.29188316  32.14066229  14.55840346
  31.61977007  17.2566058   35.56498883  20.61168161  21.20163117
  22.55990022  21.76429921  21.16920992  31.6009848   69.87033199
  25.38568944  16.68142471  60.64009084  60.89126615  23.564792
  17.71692813  22.88333013  25.01042762  29.56155191  24.14282094
  47.38122827  23.57395981  28.67929248  17.50005976  58.53264259
  20.43790342  40.66122056  30.09562554  52.60917108  38.95517316
  24.83706863  15.95617245  61.04821626  38.16604725  34.54726929
  27.3675174   29.71611353  17.95293503  25.03159964  19.333718
  31.45431778  28.7350526   31.03921009  13.40895729  13.29170581
  19.38776069  71.5942523   58.84151527  39.3045311   10.0754863
  60.67824033  12.73795872  26.06656681  39.64837371  41.47219573
  13.80700651  39.65008642  68.46601057  13.16319031  13.40340641
  54.05868361  23.73042524  22.60029191  37.04439835  74.89768126
  17.40694809  23.29609778  33.52803501  68.48547446  37.13866223
  34.843844    20.14345895 105.00408785  26.56459014  34.89355929
  10.83448098  31.88751059  53.30120599  28.48406541  52.01524306
  34.78285825  22.94692909  33.98445949  22.25004935  41.0877503
  28.57784069  42.01477635  27.01860209  24.78636154  28.50842117
  47.83355477  32.92690833  24.35656762  20.71795185  34.00922081
  34.22818098  17.95841484  22.60366446  63.09962317  25.38110238
  33.0613166   23.45304148  15.69849983  45.56375996  85.33570283
  43.6375295   25.60176379  50.52272167  52.01962135  40.12752963
  31.35934335  29.3393532   48.17836175  22.22463111  40.3941441
  19.97466821  21.32363426  28.93111517  46.31022545  28.82655722
  21.49820201  20.96773594  74.31976413  25.61022687  12.92108126
  17.52678332  19.89741801  23.81035598  36.90020534  40.58031409
  13.33052983  33.99712406  14.84261922  54.55170597  20.30607243
  28.49708925  53.831185    16.84371273  23.7190956   36.6320109
  28.96226136  50.58075646  25.30291569  43.82067838  34.98537218
  20.28336559  74.24449802  43.37348215  26.7532599   47.17644667
  61.63760749  20.01379389  29.54923062  43.94160931  49.61390659
  33.59026292  32.31892018  50.35993488  33.32292638  18.78666151
  25.38968438  31.79831417  18.4726423   20.74488071  44.74574518
  44.31883561  34.39966121  20.18397794  39.2626735   19.52465051
  53.92024076  13.1222768   39.69944405  61.38893481  19.33553724
  36.77168178  22.30432266  28.35409909  16.17668024  23.10417124
  22.32761024  43.02162482  37.38000744  29.98780689  53.36880545
  16.84893804  11.83308478  14.7051598   41.75503452  38.25396475
  13.77700466  32.12332171  49.67922339  18.1603353   16.99403453
  49.67139629  65.84323657  24.43202154  24.42775832  54.44232341
  24.38863019  36.3726612   41.40842778  25.55347297  39.71236242
  42.95678621  51.05225577  54.30394711  54.74281497  47.71871356
  31.0834773   44.84899173  28.60374457  36.15053408  39.39672653
  20.26108955  34.14237593  38.11774434  17.23149287  20.40673521
  51.19243357  50.13203777  25.5469596   41.97903353  20.75188343
  52.00918554  38.85414193  37.41343342  44.01380355  25.62397406
  21.70969047  51.44142893  22.25915218  14.84547987  44.54319101
  25.88483553  25.4919984   39.47087999  17.42030059  22.83147695
  32.44939212  24.45728257  22.35925248  23.48873901  64.99180936
  40.39845289  45.68074419  30.83329826  54.7605803   13.78551253
  37.8682633   23.58364208  40.50652778  22.90484627  20.43476936
  20.66642947  59.24483958  36.55018714  30.5016807   53.89540642
  25.70177929  31.22766238  25.25177826  29.55183421]
Test abnormal scores: [68.77291543 12.20814742 34.36999256 ... 86.52148842 58.54592525
 27.12917412]
