Logging output to: /scratch/mgirishnair/MotionCLIP_experiment/results/multimodal/classwiseGaussian/contrastiveSplit/anomaly_results_random9.txt
Loaded embeddings:
Z_train_normal: (2724, 512)
Z_test_normal: (756, 512)
Z_test_abnormal: (52932, 512)
Normal classes in training: [19 35 44 51]
class 19: n=679
class 35: n=682
class 44: n=682
class 51: n=681

AUROC : 0.6843
PR-AUC: 0.9924
Threshold (95.0th percentile of train-normal scores): 24.2217

Confusion Matrix:
[[  199   557]
 [ 5666 47266]]

Classification Report:
              precision    recall  f1-score   support

      normal       0.03      0.26      0.06       756
    abnormal       0.99      0.89      0.94     52932

    accuracy                           0.88     53688
   macro avg       0.51      0.58      0.50     53688
weighted avg       0.97      0.88      0.93     53688

Train normal scores:  [16.24613183 22.89687226 18.69942926 ... 20.66046519 24.06924393
 23.76620798]
Test normal scores:   [ 15.07915153  47.01525198  30.28510529  42.38433419  47.48611667
  51.46113798  28.41603667  38.02186561  27.65702493  22.16763901
  53.14100873  24.98745887  55.03754685  45.17094841  24.46111267
  28.66128893  25.42610006  82.77016929  30.7612309   39.57540154
  22.35703627  34.32411105  39.35842085  30.13495763  41.83380763
  33.39646336  46.69525109  15.81974312  31.37971767  35.59453244
  31.62740204  35.94321465  46.25510933  40.15658951  21.24039447
  58.89154909  30.24077366  15.15209156  33.8255133   39.25602932
  42.03082289  27.49581666  22.05148895  16.45775818  15.59961841
  39.9928589   30.49827753  48.03398199  34.48052301  25.90790476
  36.25908073  88.13499402  21.63971378  41.48220556  36.00744996
  35.51087558  54.26513816  45.78913515  42.19702968  33.54871776
  28.0478709   39.39232486  28.89379805  38.45825372  60.02962537
  23.77485504  19.19741463  26.5810844   40.17394817  24.18959253
  24.84703357  42.40633523  30.08633664  68.2768272   30.73819812
  24.95684762  38.26591821  22.69523513  44.36488041  30.5371925
  23.0009465   51.18122042  16.71474253  30.24674269  17.1215711
  47.80302604  31.61553902  23.98028031  24.9712209   24.39898302
  36.07399367  28.83948357  28.68764556  52.74268876  22.7598498
  37.67987601  30.10064958  32.71142549  34.03192587  36.85241439
  54.07135816  86.70519559  14.72194729  23.02463371  24.89359196
  25.24058523  13.76239308  54.80871436  35.92330806  32.77440463
  36.08419913  31.85630187  39.37142614  31.52806069  32.63111049
  41.46381444  20.36023314  48.0421181   39.59591109  25.90032764
  47.42344388  41.39929844  38.51851321  24.2968474   60.59920594
  51.3226816   24.6483514   40.3876693   27.54906189  29.55464766
  47.3273857   33.49631488  40.21782595  75.81054218  29.34560373
  40.03876082  31.57220505  49.04315108  14.74362018  25.1473151
  25.50053359  21.9490491   17.24249802  21.56122068  32.06381033
  41.44585356  13.05123025  24.29024288  47.27737071  35.15351239
  37.49211623  76.4158887   67.18296424  25.48496189  32.15580388
  28.4902314   33.80110531  33.11158682  33.11292802  22.80819564
  50.40470388  53.50672764  94.70606359  20.34031406  35.75190306
  26.03917363  33.19258928  31.28558394  41.5511306   47.08232004
  23.7462804   27.3145213   28.23748329  23.04221208  14.4024328
  30.85432886  28.0232177   51.48742971  50.32057955  63.26603762
  33.61412251  26.37718486  25.13151551  23.86070058  19.50792786
  17.78221498  24.05571169  16.11675205  26.80322665  31.53003996
  48.84588511  27.44624045  30.70292238  35.23114587  11.03662986
  22.79242913  51.51276422  38.22729517  20.5948877   21.5344271
  15.548082    20.29821233  31.93078101  23.66071655  15.80755121
  25.77953067  54.82621449  25.81049445  62.14078797  33.20334141
  41.5242104   32.29805396  35.89030624  51.80233501  33.30441799
  34.5110738   29.91885159  46.86053257  18.719768    27.89416093
  16.07051972  23.17308023  32.46510366  73.06089509  50.34877237
  62.51191634  27.75246359  30.8462016   27.66650437  33.27150361
  27.64466535  11.68848561  33.54926821  16.67931104  88.18330799
  37.48884261  58.10091017  27.78242287  61.45436125  15.47818852
  24.7365075   34.5514481   62.51332211  34.12265494  68.59937815
  24.30797298  20.48887892  22.902528    26.0895696   42.99320061
  31.40169967  18.30802016  22.11201179  23.05261431  45.11393034
  29.45815916  38.05926581  31.52099784  35.26668239  23.56043132
  60.96312836  28.82752458  36.02499262  29.31827057  56.80540974
  41.60453069  33.63026488  23.86600933  33.64245755  26.41640204
  29.37774006  36.09686694  34.91610455  23.3490002   43.89551751
  36.04460631  20.85007532  29.02558868  29.43349516  32.49119225
  73.23950962  39.4495592   18.23441854  52.39711943  41.90323594
  77.77910193  22.63203856  34.57820051  27.27808344  19.32711145
  43.92178386  42.5916293   28.53751617  23.08352942  21.40748339
  28.01672619  77.20328893  34.98943871   9.89062159  31.36407048
  17.74587484  23.09566852  28.57699882  25.4409436   24.99544842
  31.67813806  53.13951504  37.66978557  56.23388453  28.86176312
  17.45814978  16.51451613  41.67137135  64.10564478  20.45316682
  49.18783011  36.52238347  18.33877418  18.04120592  40.07913064
  61.685086    19.22652405  20.12943581  53.01851373  19.99642741
  53.2379691   28.5650242   10.80325098  31.41324424  37.20723837
  20.40002759  25.50631631  26.90733423  47.20011677  64.30312576
  38.2219348   36.27464303  19.66242122  36.64078985  39.8592454
  44.43631937  26.43987612  46.83861895  25.79205637  25.63657937
  27.06581185  44.01954368  64.44344388  28.30776095  53.0311984
  37.49365067  26.13841642  25.68495818  21.52686535  22.44536087
  28.93779559  32.02058104  31.41951292  30.46875899  23.02504274
  20.67521507  27.35671783  42.46872748  33.66011797  17.59280156
  30.20769063  14.04356646  30.93733002  19.17128002  37.46773954
  23.83071148  38.37265592  14.37462267  47.51890628  39.80205173
  32.39232688  47.81118788  28.92241171  30.82316328  43.10012512
  28.19905166  43.17397238  30.90894556  17.94244601  25.36245579
  21.61232174  12.7977858   61.10970135  35.28258296  22.59283756
  20.64648956  18.45175067  28.61628006  48.11256994  44.8497349
  32.73044226  47.38410457  49.36250626  64.87573638  19.60329158
  22.59766843  35.84722099  22.6236968   26.09981562  24.32783036
  31.51701893  38.07797532  14.69612862  25.79223805  48.40102408
  58.41616737  22.83708932  34.85378487  31.95437899  18.48398908
  23.69180693  30.86657603  37.10764261  12.84553515  29.65307832
  38.01671817  47.57929339  31.49295523  40.06438875  28.77350207
  18.03992507  70.25471763  31.72914858  60.49654348  18.06313085
  24.7580617   30.21722089  17.7457992   31.09336015  37.52428476
  16.34869307  43.5108404   26.77517736  50.59362359  37.45409729
  19.80147306  42.6855529   28.44380461  59.850449    18.88077402
  14.43844609  22.13706662  46.69134126  38.05143513  65.55575589
  32.10052756  25.45497226  27.40404675  45.66652759  43.61758614
  37.8915012   56.10025568  28.3725715   38.20022211  33.99949505
  76.27580292  32.43661514  49.00010522  30.06216556  42.08661664
  24.54613447  10.50421444  56.62372139  45.46546936  50.63152447
  25.90656648  27.36798121  34.55047457  63.85152496  53.78539612
  51.03779443  18.75270086  41.40156841  24.87042088  20.59781011
  28.52016643  41.60409227  49.81050578  16.67503722  27.48641444
  66.52219248  38.39156605  41.05936543  38.97296925  26.3567865
  36.06984407  30.1675393   27.77807926  96.03244663  47.84289684
  27.75272928  36.81635618  55.10233852  34.53829056  23.71673948
 106.51758645  15.31186716  25.15133456  38.78930999  24.89143741
  49.66149155  29.38113199  18.77013722  31.47953609  15.4719308
  28.91151988  21.51170468  17.57382399  32.37175146  20.9068454
  29.51352576  44.42683057  34.3971249   89.02519675  19.13328561
  38.24057631  24.06713216  49.05990199  18.70009548  40.19371784
  17.60033044  40.44271098  19.23775493  40.63879377  22.73217065
  31.08716314  41.65772551  39.56735246  56.51701231  31.72203268
  34.65913008  30.27357756  41.89441939  17.612281    50.99672943
  22.42565379  18.76113316  17.23411282  56.56261255  37.97319445
  22.05144952  27.25573016  31.76903246  16.29519085  48.84846128
  27.61670683  32.52410234  26.81200527  25.68414634  41.11233954
  32.8034334   23.64683123  20.35733827  25.43850549  27.46509937
  17.54113821  22.22523252  27.1451769   47.70675654  34.22392847
  48.0294046   39.98548989  22.01335434  82.86805084  21.05850134
  26.97247918  36.4710956   27.2860833   29.03365404  33.11847672
  41.77819738  24.18888343  15.42260082  44.49968346  21.07562732
  24.29535949  23.46962001  43.79360265  44.43168266  33.86437149
  26.33302233  29.06262562  28.11527196  40.5061278   41.17180923
  21.93949546  42.66738386  39.12133482  42.90143051  20.65530043
  47.58992447  19.91736727  26.13585685  54.4393677   82.09506365
  24.74432155  62.2214005   20.42349004  36.95021381  27.04514749
  20.57031345  37.2563629   26.34752862  28.73696029  28.39286785
  38.38535348  20.19499105  53.54228796  14.72353155  24.26011214
  23.63169282  25.78862013  54.11978656  34.93770968  26.60769732
  49.31372795  15.28212911  30.60981073  31.26123814  58.84971647
  27.53053563  22.43547823  36.4258827   36.12158865  37.42596075
  32.60176635  17.21044148  25.98562369  27.0258206   19.60103148
  30.14255242  20.86687101  22.88777364  36.31711658  22.38385063
  19.69467299  20.72426153  17.86521919  32.95883896  18.89921956
  39.98342665  15.21355435  13.62845183  30.5395061   32.24720263
  49.00166783  27.02907426  28.93612285  27.46811457  12.15920984
  63.78821615  23.90261011  26.37284589  17.52648999  17.64681097
  30.83431673  30.89476839  18.78532044  15.60541038  45.07257013
  42.11111708  30.38935323  39.12501427  70.98123665  19.7554259
  67.78613979  55.67841402  32.82036448  27.12963577  22.26283027
  42.74491448  16.26494907  50.75625948  28.48346642  72.95693399
  23.30439623  21.78428725  17.24975965  23.54200259  53.1215873
  34.63462977  21.47263683  17.46448481  27.23197906  18.75766342
  49.43489692  25.0638255   36.53577217  34.00160855  20.5254216
  35.02506572  15.51880845  27.06663104  57.94067203  20.64125882
  23.20905627  30.2605355   29.25532816  32.24303812  23.63926106
  22.04523859  29.04724209  39.95703787  29.51331577  42.31477565
  34.8801642   51.16871278  32.94680764  29.88531906  31.27569451
  30.77127412  38.31843345  30.08785181  17.53173636  54.9765987
  50.94835444  41.75929802  44.87110594  24.70583654  17.80602768
  25.45010488  19.67640233  34.9729824   45.2421465   21.68588458
  30.53147264  41.67966895  20.38812018  32.17478565  34.49033585
  70.79952292  36.22032154  28.04391901  46.52413596  23.79187666
  40.80955066  42.05592363  22.84548521  35.54107086  19.09496264
  16.45012789  71.74053113  29.01210954  37.29692719  26.64919269
  23.65194033  18.42187235  24.37743888  24.10719268  53.42265527
  31.02668168]
Test abnormal scores: [ 42.15906582  19.39533458  27.72883131 ... 101.78302681  47.48031773
  26.50036669]
