Logging output to: /home/guest/Thesis/MotionCLIP_experiment/results/finetune/lessNeg/anomaly_results_random9.txt
Loaded embeddings:
Z_train_normal: (2724, 512)
Z_test_normal: (756, 512)
Z_test_abnormal: (52932, 512)
Normal classes in training: [19 35 44 51]
class 19: n=679
class 35: n=682
class 44: n=682
class 51: n=681

AUROC : 0.7053
PR-AUC: 0.9930
Threshold (95.0th percentile of train-normal scores): 24.8326

Confusion Matrix:
[[  225   531]
 [ 6166 46766]]

Classification Report:
              precision    recall  f1-score   support

      normal       0.04      0.30      0.06       756
    abnormal       0.99      0.88      0.93     52932

    accuracy                           0.88     53688
   macro avg       0.51      0.59      0.50     53688
weighted avg       0.98      0.88      0.92     53688

Train normal scores:  [17.23014667 23.4578513  19.57139889 ... 18.70708709 24.14398757
 24.49606468]
Test normal scores:   [ 15.23307636  62.0346852   28.43232055  40.26890877  53.1292507
  49.64459565  31.39848768  39.30158119  27.4079703   18.0890698
  88.61249171  24.76621701  53.04518311  32.85932831  26.3688556
  28.27588981  22.48289789  90.26967189  30.8072167   43.88307203
  22.94974609  28.38398721  41.29682569  23.67381147  50.99104695
  40.4237133   62.61410398  17.06980126  31.83996761  43.48785143
  34.48632239  41.82626314  45.1565241   40.92078688  18.38714236
  64.25826367  35.96226815  13.90576941  35.91769171  40.80425884
  48.18803625  32.60064271  30.04091305  14.24221763  15.91739145
  38.21690387  28.09444471  75.59176354  30.4459412   23.97555074
  40.14748226  82.68619216  19.96805033  53.99996214  43.45734219
  33.88026514  67.01567493  77.46987349  53.01319374  31.36810523
  30.39401137  47.48633745  26.85009625  36.95840956 105.53016451
  23.08133817  20.33657225  22.41494836  37.02826716  19.64215987
  27.69833107  42.15876828  29.4166039  105.14657568  34.7623019
  23.67131091  36.99605025  21.66312942  67.06361568  40.41173282
  18.90396764  60.5212248   17.47370822  28.18795808  17.21416158
  52.03482243  41.20196518  28.71306235  21.22646481  22.90633605
  36.38388818  25.51356734  27.10353161  71.72596218  20.40047568
  45.80826626  28.20886247  71.00200689  40.19231748  38.00687284
  79.38966545 116.80444409  12.07924223  24.45659788  22.85182449
  26.78612248  13.47831728  63.66539749  45.41820851  31.52450819
  39.98830951  30.95642169  44.48797501  31.53911975  31.63448303
  56.74578853  17.58179983  50.7872378   41.5232758   22.99339436
  38.36932898  68.66821816  43.60626038  30.43449729  59.28500466
  54.99373242  23.63999937  37.03946344  24.78740943  30.15548183
  51.19740021  31.35559814  41.66749495 102.80440059  37.51973221
  45.2668363   29.86816188  55.06407023  14.90087476  19.37624604
  22.99833805  23.42870531  17.72803342  20.07329332  27.09195283
  38.06995742  13.99908303  26.17668757  55.4779999   46.83412053
  38.42303394  92.39234061  95.10034303  23.7664305   36.78419133
  29.76392444  35.25292922  35.86863105  31.0488737   21.56750173
  51.43074322  54.88124832 118.62265413  19.93154577  44.09909777
  23.29447429  43.00541785  32.35356296  38.61898262  47.26578207
  23.69310808  26.75270471  24.60748714  25.96078431  14.39966766
  36.72266096  31.41617194  49.89409655  56.0414579   40.14634308
  35.47825393  22.77339912  26.16954882  22.03814246  19.07662092
  16.00176381  23.08295839  15.05537532  27.57020066  38.70419671
  28.69680703  29.28378438  29.54871115  43.40021465  12.11493731
  23.33847911  54.59923249  31.55728738  20.92318007  18.86735346
  13.2635706   19.37478926  33.7995213   23.79286574  15.15118252
  32.09822879  70.04471579  26.31437187  67.20139883  40.34995483
  47.24715179  28.71223805  25.92212183  56.97290949  39.04680989
  32.65809448  35.94155645  52.96772411  17.37295722  27.80308491
  13.41753978  25.32971578  29.88467451 123.2993902   35.86399122
  58.35617033  28.99631775  50.7543257   30.91586811  26.76081142
  24.421099    12.95544511  33.63962683  15.50757865  96.45473265
  29.50427735  61.49316443  31.99038833  48.72410004  17.63454943
  29.68914868  34.79418436  58.89987852  36.73597643  56.93050601
  21.96063575  22.56833938  23.18427343  28.33880953  51.9519149
  26.34408561  16.12441222  24.33814671  24.99479402  51.77749679
  27.68575117  50.98112766  38.1062751   39.59703109  26.7727778
  64.73992696  29.94751543  41.5374368   37.69326567  73.24096757
  48.72402352  30.6229771   31.12274576  37.56589259  23.43261883
  30.32613371  29.18884285  36.31658089  22.50736817  45.03484929
  31.82576964  19.53283043  32.68999931  26.17968622  37.56752113
  73.9647885   48.75389331  17.8279396   66.22336138  45.49954874
 121.10047929  20.926688    29.674761    26.21590739  24.01824649
  39.4749713   43.34355217  36.03375335  20.84670495  17.69382753
  29.25871456  75.52800079  38.38096254   9.68216289  38.87296433
  20.70636877  21.39049907  27.36639492  23.31434215  28.09776555
  33.30485589  53.54331441  32.23535304  51.33863917  32.05421693
  16.50278054  18.14842128  43.14464539  86.30637171  20.79194093
  51.34384166  47.93610461  26.61499295  15.88593863  36.92819713
  59.92487578  18.52469145  18.28495278  41.42743378  20.6716734
  51.78569308  25.75462124  11.68264567  36.77065949  42.68810567
  19.16879686  23.61502601  28.69214145  43.0129623   87.29392749
  54.85992355  38.21327887  17.85350619  47.77945973  52.08868662
  62.06085754  25.23482877  70.0554681   23.33256962  29.58020191
  29.40596837  56.13447867  99.40597828  23.63912677  81.68272565
  41.39339706  21.72306565  25.20995257  24.6827107   22.11624179
  31.98689083  39.15826962  37.25642375  29.92768164  19.48658321
  22.05149474  26.73699046  40.66272244  43.6139786   16.70226827
  38.66950673  14.84090591  38.2284374   16.7891239   36.16530572
  25.65604632  51.38136336  15.9655834   56.51312459  42.00416374
  29.33061176  33.71366339  26.24749354  41.29402755  37.55754544
  29.2991955   59.89728148  29.39792469  18.35015968  31.76475152
  24.64007511  12.64463028  68.38455288  41.44928328  23.54868746
  21.09725163  16.34931317  32.63752396  47.51899845  37.00249746
  24.98920105  40.62451178  69.79357936  68.85733807  20.89005041
  22.93779487  40.9023302   24.8115016   28.51982127  23.62875815
  23.90308927  48.11991038  14.42643992  21.97445039  43.50702778
  76.5240056   18.78102645  37.04479359  42.8976575   18.03499305
  24.16159602  38.14264259  39.13682798  12.13114754  25.89498719
  49.00277986  47.19995855  34.18920082  37.03210988  27.34321335
  16.50099272  72.38927546  25.55382313  64.45313484  18.10535846
  22.52149449  23.710619    17.60601392  34.96392034  44.18783727
  18.1550511   45.53257904  26.0007045   47.85900786  46.24846205
  17.67183397  37.58055712  34.31037545  82.55312037  18.54191068
  13.51565319  25.29491085  47.69220591  43.24784586  73.02580194
  37.36223054  24.37187208  24.7415398   70.01174199  36.42314014
  38.27262841  71.38287422  27.20434746  33.83818083  33.25347963
 102.29163274  30.76957674  81.27707116  28.15236119  49.64431495
  28.13151523  10.42510813  84.69842179  35.77771934  45.68349783
  27.26270838  30.54653938  35.14058539  77.66286586  80.7722266
  49.98510922  25.61114833  32.4463772   46.82076331  22.14105958
  31.45848429  42.84040605  55.15006812  16.02345603  26.46422062
  90.11283082  37.80256604  32.13429417  39.25029186  24.24117793
  34.71340867  24.42388922  28.51004465 147.12134394  47.75302337
  26.22703283  27.97706886  58.25523956  29.29436245  17.67555332
  98.04877579  15.09306366  23.81381213  41.76615404  26.3005662
  59.2168119   29.2016143   17.21785499  38.77453227  15.11516027
  34.44738834  24.62764338  19.28174726  34.27316891  22.16206042
  31.61062012  42.80950592  29.37005443 104.82935261  19.73185989
  42.15920576  19.46350653  67.46104714  21.26479901  51.30247468
  14.79925062  38.28309834  15.7288104   51.21039018  21.05855495
  30.56495495  42.57772023  46.11416214  47.76096469  28.69367307
  30.52851682  32.55132617  36.68855171  16.07518118  51.74595569
  20.89499628  16.49230606  16.13024197  54.43847422  41.0095649
  19.0492714   28.28272956  38.30282091  14.21377154  41.2089764
  25.45036626  32.6163752   29.6806801   22.90624036  48.51548146
  34.40178438  23.3750766   18.67906631  27.68253593  27.07324131
  16.36520597  23.60506593  25.229732    39.35506364  40.54957129
  54.73172798  31.85195554  20.40518766  94.49619988  21.78008786
  28.72786229  35.10710318  32.85368917  27.2015782   35.50108206
  41.69262645  28.65091659  15.64854582  40.8702998   19.75907033
  22.21835118  24.02879273  41.60658552  43.18582864  30.69117404
  28.6584907   32.7175653   32.67171469  47.08609021  42.1846556
  23.14804391  67.32919574  43.3680144   44.87699395  19.83205614
  50.52248282  20.40983486  25.79889036  55.44559436  84.29853545
  25.1510341   63.35837016  21.13119733  34.15244121  24.66967421
  18.72715352  33.01168799  27.16717771  26.11695207  35.33796531
  32.68324238  21.91134921  59.00538827  14.59067375  31.05615293
  23.15778719  31.44960344  48.64281464  49.99023924  26.46266822
  77.38608413  15.55198074  31.37309624  32.32818088  64.57594354
  28.63046763  19.38466523  37.03363582  36.10617386  49.80983543
  33.41257578  16.37972358  29.29657006  25.51759213  23.26429729
  33.01321189  20.73371443  22.59001816  28.80621633  24.65171709
  22.62280879  25.2851178   15.55313088  34.11290169  18.76456074
  51.10821348  17.79257825  13.00271337  36.86079777  23.74792348
  41.99832977  22.22046829  29.0643726   25.69333247  14.45763166
 119.0183722   21.78376396  26.71421398  19.10131413  16.88900715
  27.21934923  27.60288176  16.11598036  15.14537862  61.94867736
  41.16736594  26.94705571  50.5428706   69.71346671  20.20731437
  78.05737145  49.03018321  35.46588618  27.71946804  20.07133723
  37.18494311  18.04553969  67.59838113  33.01997565  96.46925868
  22.72645712  20.18946386  22.46026829  27.80355288  55.69988311
  33.25073568  24.74651987  15.36977516  31.47855433  18.53339699
  67.48808709  26.76898792  42.54300955  35.10058286  19.398928
  37.62873997  14.88675113  27.72641252  56.74818809  17.30232963
  27.8130835   27.568309    26.99128225  28.46950115  27.46048581
  20.44829084  28.64149407  44.15207345  30.80278358  39.20386024
  34.20065835  56.32615868  48.93819559  31.94301815  39.0657022
  37.71134275  41.71009389  26.48990593  19.97759503  42.42993453
  50.44682335  46.70903094  42.75014248  25.76764212  18.02299612
  27.41408465  21.35249444  32.47981317  44.61241651  22.22547495
  28.59242987  53.85073455  19.61177567  32.67521401  35.91216743
  88.41844009  35.37157132  27.57679328  38.19778208  20.05289178
  35.23376204  57.91442977  21.31425207  31.605295    20.04454292
  15.52596337  98.81686883  23.13630259  43.0145606   29.24256407
  23.840821    18.39896861  25.19051436  23.24840423  53.63369728
  35.1312294 ]
Test abnormal scores: [ 56.46624707  16.93452817  28.26269929 ... 109.21629066  40.82208729
  25.93025942]
