Logging output to: /home/guest/Thesis/MotionCLIP_experiment/results/finetune/lessNeg/anomaly_results_office.txt
Loaded embeddings:
Z_train_normal: (2723, 512)
Z_test_normal: (757, 512)
Z_test_abnormal: (52931, 512)
Normal classes in training: [29 30 31 34]
class 29: n=679
class 30: n=680
class 31: n=682
class 34: n=682

AUROC : 0.7910
PR-AUC: 0.9954
Threshold (95.0th percentile of train-normal scores): 24.4650

Confusion Matrix:
[[  298   459]
 [ 3297 49634]]

Classification Report:
              precision    recall  f1-score   support

      normal       0.08      0.39      0.14       757
    abnormal       0.99      0.94      0.96     52931

    accuracy                           0.93     53688
   macro avg       0.54      0.67      0.55     53688
weighted avg       0.98      0.93      0.95     53688

Train normal scores:  [23.25074226 14.87823256 22.18287102 ... 18.67669561 16.24214454
 21.97633921]
Test normal scores:   [ 67.49658957  21.43830322  18.97958542  30.14784652  24.86708325
  68.82375196  19.80713082  12.48134305  16.93990383  43.20087065
   9.84763718  33.76242046  47.94361979  40.20750029  38.12164934
  16.86162688  40.22310663  14.70125621  14.35267651  78.14759523
  17.96016353  28.17260383  85.57189512  91.75798557  20.6996834
  55.96329381  21.95259016  16.43511191  12.2483837   18.320519
  12.51230059  31.47064442  28.21849084  22.24149102  14.95831372
  23.34864307  20.35687309  21.17302005  75.94439077  13.05934273
  15.6086132   20.16403315  15.74436533  15.32845485  37.35243482
  16.41833425  40.05575177  16.81965498  19.10662712  90.72496694
  21.0262363   42.43553889  19.78445482  23.17368526  46.98883392
  17.74452254  19.17072186  23.41539658  37.59509233  22.61248087
  48.99505876  28.33020539  56.47637224  49.35567169  39.48078186
  18.90734135  38.10268296  27.38268682  24.54803632  10.06239018
  41.08333925  17.58220984  11.43777992  19.92272367  33.67299868
  20.37520923  41.10554544  17.70804308  12.46205697  26.50617516
  31.86500248  35.83630761  27.00384285  33.38721936  21.97687068
  38.14042846  30.30609724  39.12055419  28.04497837  22.79418752
  35.58853216  35.39587145  36.52153909  42.35287749  16.84784807
  49.03477347  32.3206656   22.11343743  20.68037575  18.76322735
  17.16499397  17.27342839  23.11872115  22.21457976  29.22963418
  22.07128532  18.60555926  64.84917339  28.86241171  24.54790311
  41.02983905  26.2775028   39.23412287  64.88053617  35.24607794
  24.73139136  17.23810222  15.28939526  20.88358008  37.80071916
  39.25649251  35.71996856  17.56309696  28.85681784  39.97195959
  59.86137835  29.63208058  10.772191    43.26949296  27.51880302
  36.15361037  29.39862903  16.86580603  21.82273556  55.82266882
  43.72268066  43.36500358  14.05439139  25.36924696  11.91281172
  16.70262243  25.30655538  46.75827828  18.41298079  35.84542585
  30.41294791  16.51203728  50.57110715  22.34676336  43.96284003
  16.44547053  14.6619469   53.76680316  15.40691752  47.50774337
  19.30347507  17.62919402  35.55434893  40.64300029  15.14328084
  28.54458894  28.25565564  77.07765443  32.96673322  32.37714948
  28.47813423  34.02124238  21.51869783  46.29425899  37.78577459
  48.062231    20.86125681  53.89214398  16.72795304  30.32547086
  32.52455881  38.28733611  20.75618573  38.76833184  22.45682898
  20.54885139  15.21750278  35.24303883   9.71171384  25.08503215
  32.73118454  38.64418442  41.86894176  51.4139645   28.98496988
  27.75589937  22.04482721  24.17140943  45.42412699  44.25901961
  22.28418483  31.14664684  17.09003892  24.32444605  42.70572371
  16.01559661  40.05724231  31.29188509  18.52797345  54.20936003
  35.49321988  20.81448644  11.21532149  29.68135619  13.13035683
  60.67731678  27.80608753  34.09573882  20.36208979  44.91953234
  31.39794213  33.00221312  18.98452105  37.47550324  18.0737633
  32.05794067  33.83996902  40.51977571  12.47478031  26.07972618
  60.21551009  31.36526584  21.54163151  30.04107527  33.53751223
  23.82946008  27.55593453  18.03236539  25.78202693  28.73610488
  24.11857965   9.73558452  27.40380256  15.54063141  18.36120942
  21.97309823  31.67740605  51.25482158  52.87976402  32.17803966
  21.75909941  26.0557371   57.59903688  12.0789523   46.14943555
  30.08903097  60.2461385   32.28401557  21.55089608  48.70937347
  17.27211056  23.98040071  49.25624896  33.4506896   22.48310315
  52.85840089  32.05864976  24.67401442  17.10219927  16.25266575
  23.74678645  27.73490088  35.42734483  28.61247201  21.31246913
  26.52347751  23.64213939  25.25754136  33.96303889  16.59672663
  58.9207505   32.60374697  33.27787962  15.6083548   15.38414059
  26.88618271  56.90990114  21.55966357  16.03426035  32.66808815
  56.96380932  31.55344433  36.88799998  24.41782525  48.66736938
  36.93717965  76.22839468  33.4618047   56.73403451   9.11461272
  21.77433705  33.02149376  41.20726776  36.2861378   29.63510499
  26.66187685  37.44216538  17.97848613  14.67685469  27.49171084
  28.59803104  11.93086772  35.31039345  27.46403595  42.76732178
  26.22979035  44.90221633  21.32895701  42.80404808  34.84354496
  45.77073875  65.97846718  20.8579803   15.5155384   28.46687488
  18.7795172   20.84876008  17.36148384  52.10385028  54.53097845
  32.15836435  10.17924997  47.12812146  34.05502885  47.82003526
  38.20781927  20.83576538  36.32730916  21.66770869  52.47331066
  22.11027581  34.32036169  16.66254154  46.8980705   32.86927948
  77.00293944  58.31061847  19.36030098  17.45636391  43.14001215
  48.18140877  50.84718983  27.39058805  14.66104319  18.45776231
  58.44530277  26.52890362  21.68161643  36.72625308  16.91806832
  19.0782284   33.77651864  14.71708394  17.45891305  10.40126806
  30.356032    16.74460446  50.51884322  25.02714018  19.06834631
  27.67853435  22.75905605  38.10398411  53.01605504  49.7399251
  43.84113533  55.82750483  50.25372789  47.05965084  39.26394637
  27.79748058  27.23430159  24.91971229  24.79187675  25.47877728
  18.41891787  57.74757868  36.37323049  42.29252907  21.84859169
  22.21078394  13.40540131  53.54116707  15.16232162  62.51222977
  56.17955235  56.16913996  55.7930163   20.25592219  57.28335654
  49.29941231  41.51937765  44.19491742  26.70666196  51.52989206
  16.76355316  16.46025194  23.17806163  19.95900965  32.74315767
  43.50687988  37.90634048  34.38615402  45.46280684  18.73717601
  27.86796131  21.96396479  10.63003827  10.95370053  19.13457192
  63.67412334  15.33078991  32.87825623  26.06559906  56.00241496
  46.27321932  17.59953877  44.2727661   26.64073975  26.7447211
  31.37593445  24.55169601  34.41597811  21.54627025  25.8829218
  34.51468043  21.62176603  72.66605732  14.72543591  41.39311593
  23.74093107  26.68586271  31.11897473  23.85419895  22.12653896
  22.77676605  17.81389149  14.54232957  34.43412704  19.87435326
  13.35129213  25.54882555  41.14274416  20.64840958  22.5924405
  39.41525737  10.63663746  31.43382949  12.8263694   24.63064687
  33.05344689  26.75538038  20.56886371  30.326458    28.13886731
  27.87314035  76.5937055   23.93212358  51.62630158  13.51637412
  19.48672052  16.39490845  14.2224798   17.5571494   23.71167898
  25.71387426  59.24796285  30.37223114  37.25528309  27.00608903
  13.24947553  20.61047315  24.01245857  61.13444167  29.62242671
  10.91993807  32.93597194  33.67301761  39.10787472  31.56303165
  19.70615355  16.37015819  24.40288583  72.29467619  12.1780296
  49.08820487  20.06776982  18.38151952  22.64494836  21.81480136
  15.81652695  21.63267699  25.1122244   37.61890293  16.50447553
  26.87003069  40.2088663   16.1597743   39.59410805  35.93888951
  45.14389397  39.56673983  27.22102556  30.75466826  24.32070345
  49.36831256  54.67143491  49.42132156  50.30141881  19.74468304
  30.26413628  35.39709593  30.95314941  37.49247531  21.36386027
  44.25166795  43.82205344  27.83036498  15.06398566   8.63239215
  24.73632831  26.72085628  40.92853271  63.8839234   18.15459842
  22.77848711  37.52296627  17.2362785   52.71964848  51.99708778
  14.33068414  31.6377296   33.44572943  25.60713567  24.81942476
  20.89696581  16.39094582  51.48604774  57.93653379  22.98530496
  27.17961073  47.65985503  66.82058707  25.6392312   28.9372195
  30.3221026   14.43299009  16.5777285   45.07956531  20.83157653
  26.21105402  40.10659765  57.84962826  18.10624057  20.4509996
  41.42573338  15.9867212   26.733653    30.62805401  15.57819636
  19.31186447  63.01890607  34.54024199  25.77412804  44.5507651
  34.78302235  19.77405706  23.82636852  18.21306922  20.79039622
  49.23485487  29.01738328  51.67315238  37.77122865  29.57750534
  25.53052656  32.99509296  16.65483952  42.67552327  42.14547863
  44.16389335  19.30153886  21.74115678  46.05650141  62.31864919
  74.30733477  39.92920725  37.29533699  17.13808121  16.73844808
  28.81314408  51.43197658  60.12589615  22.34724037  15.40445408
  19.43098084  30.71513113  39.12200993  58.71291849  48.94236087
  64.84345336  10.26483873  39.65081344  14.1845846   66.51798379
  61.18954553   7.9945052   32.49525872  16.76032694  24.34536413
  15.68369745  14.48335981  43.52746323  25.89041766  24.24366742
  38.78422011  24.27405649  16.00097551  51.5980861   61.02065309
  26.71337684  14.18419184  12.71868757  43.31597754  27.80808791
  33.39365306  39.18342109  24.19373456  21.85745852  16.54977367
  31.92619494  23.84917089  19.49914955  27.94705819  15.29648558
  50.17726278  38.51309     19.34356849  39.02627688  48.71868785
  46.60242573  18.718045    42.84125306  25.53198289  43.77308322
  30.6148656   37.51582433 102.3375875   25.57953512  34.19194779
  12.83569476  26.17398942  63.60669933  50.54387385  24.51544657
  35.07615929  12.96865502  21.12511126  20.37610306  55.16086302
  27.90173687  17.95620857  37.73646362  35.33871821  44.44396962
  42.95471276  25.06899937  44.94810962  28.94288358  21.60432667
  44.17509395  41.77834427  61.09612075  51.86194912  25.04612946
  24.31874731  27.99925979  15.99634325  18.77681803  54.51395252
  28.75072237  62.77707322  66.12439128  63.91037825  16.97249701
  25.57341477  28.35560375  25.45241111  13.31015467  39.99802637
  38.43338021  25.44551448  36.03152498  12.68480253  67.91668013
  22.09442308  11.03837924  15.0670464   34.00150443  27.12294205
  33.36559574  19.57178029  67.59343093  17.58333358  14.8518568
  36.4860704   24.50242709  16.69980309  26.55358678   9.31164277
  20.95981332  16.49268473  55.09713257  37.41381848  21.51146857
  17.36917855  44.87746773  10.63056997  52.6536844   30.72154906
  36.81891244  22.61369409  15.35202361  12.95082652  35.35436651
  27.90085883  34.18114013  19.58061017  29.6502406   20.7190068
  18.93701757  39.65643588  46.83109471  32.91575376  15.38076859
  31.57830897  44.32540682  40.55344652  39.47230599  17.00501149
  32.66498764  21.31337452  22.27682683  21.82030605  43.78173883
  16.51682065  57.83890101  58.98024715  28.35112487  14.19478311
  16.6801484   48.19754898]
Test abnormal scores: [51.06547624 38.07886605 49.07583503 ... 71.66918191 50.91127987
 44.6153739 ]
