Logging output to: /home/guest/Thesis/MotionCLIP_experiment/results/finetune/lessNeg/anomaly_results_random6.txt
Loaded embeddings:
Z_train_normal: (2716, 512)
Z_test_normal: (754, 512)
Z_test_abnormal: (52944, 512)
Normal classes in training: [ 3 20 22 25]
class 3: n=677
class 20: n=679
class 22: n=679
class 25: n=681

AUROC : 0.7499
PR-AUC: 0.9936
Threshold (95.0th percentile of train-normal scores): 25.2963

Confusion Matrix:
[[  272   482]
 [ 3804 49140]]

Classification Report:
              precision    recall  f1-score   support

      normal       0.07      0.36      0.11       754
    abnormal       0.99      0.93      0.96     52944

    accuracy                           0.92     53698
   macro avg       0.53      0.64      0.54     53698
weighted avg       0.98      0.92      0.95     53698

Train normal scores:  [14.05820613 18.54421166 20.85851494 ... 11.93060604 12.94512102
 23.35175476]
Test normal scores:   [ 52.25480334  29.40987651  41.10267901  35.5422249   16.90280279
  50.61728115  43.96580172  28.72250529  90.37289172  12.95391442
  31.38345367  14.91688151  26.88116821  45.04703614  23.46047124
  28.1583168   24.03267931  34.69068609  79.40834866  80.54628715
  68.88960486  20.74792685  32.13705538  66.42429756  48.58516634
   9.78357401  66.2259228   39.24002443  15.49813543  95.73119089
  34.54328561  56.96727226  28.93947168  33.66682777  21.85018302
  42.75904005  19.76215507  48.93333257  42.1143943   18.79097469
  59.28926483  35.11489375  34.76337663  21.10588254  19.24331333
  47.67966025  17.44160318  43.50692     16.16464     52.85235396
  36.04771669  15.07117935  24.08625062  43.42016451  29.919983
  27.70812576  13.57261878  18.85313691  60.92722358  31.19374524
  33.09678264  36.40033459  22.49717208  26.71110496  12.06877977
  30.28701045  16.30695485  69.50096861  66.53117658  18.74756095
 156.50255501  34.29000693  37.26029549  20.14658374  37.68778455
  52.87368589  80.24149286   9.09960211  17.00088878  35.35423342
  45.40708329  35.96369768  14.84206696  34.04528226  23.28735219
  19.22121072  28.00986846  12.47218448  21.53434696  43.46522447
  94.985244    34.47904586  22.51019039  44.59654304  48.75670566
  51.98976479  69.48287229  36.06148985  52.07950929  17.36829659
  30.39458176  23.49675944  24.9743751   32.10704099  16.33451276
  38.53776711  17.66476664  20.46331099  27.37977129  22.12297576
  20.16345925  23.89479186  33.76483863  55.72753602  34.51612999
  28.44281771  83.07509691  14.78336677  58.89092702  47.64408745
  22.28281674  37.38368147  12.97267857  16.97449585  40.97456192
  61.40868545  26.16415194  23.14283894  12.41195602  27.78331898
  30.63958139  63.96029974  38.34551866  21.15723833  24.88299841
  64.48866928  31.29322998  39.94321842  42.41203083  19.44309765
  22.2310467   23.97888297  12.95666014 100.09538245 125.74292419
  55.90796019  43.52660009  48.75489732  26.03035908  19.10841282
  48.02010793  17.37449415  31.7961281   35.03226004  36.64673799
  30.36141167  29.59187918  16.98208499  40.66546347  26.79248529
  24.81323861  32.22260874  21.4674904   95.04212624  15.93063961
  35.02769681  15.71823428  50.95249649  21.273521    90.3179113
  61.22567376  34.00677718  27.9118331   74.12120502  13.35189815
  15.29753724  25.43846303  16.61712006  36.80673985  48.37110907
  26.33967137  15.54778864  15.33281104  27.64101769  21.36223311
  19.03153696  16.42244064  13.05635356  32.69471656  29.97685341
  14.14393606  99.99992053  28.31202686  36.41751325  24.75726079
  22.85157393  20.55414521  40.90884541  18.13864492  49.30469068
  93.06567366  36.63097955  75.53824369  34.261853    41.41679417
  21.92527623  36.30251466  74.04082122  27.82041544  36.30887353
  22.24313541  60.59255272  62.86236104  47.73309954  33.99065014
  52.62100607  22.03370656  22.82644494  20.65275252  47.41096146
  74.09464564  24.9719643   18.19587462 112.21905956  29.1690811
  17.18990937  18.17485203  37.55453947  17.31995836  39.1956273
  68.12998023  64.83243846  30.14506854  43.60495779 150.19912716
  24.21478758  49.53323016  63.07330594  39.87921169  44.11981741
  98.51250045  22.2375052  105.973839    23.15014591  62.50092832
 117.40088432  17.14543247  50.89134715  57.56823838  19.28528432
  11.42853193  34.15855614  18.22738781  31.9222444   39.59769282
  24.78606076  15.70198336  32.01229463  31.19111092  60.81505295
  59.02208581  30.77182536  12.50140178  14.42498964  29.96430451
  34.35254609  40.46340293  50.19756079  39.39231324  34.03018611
  57.60990693  53.21287468  37.45613647  82.67636517  19.73008243
  24.33920796  22.24881519  15.96101278  12.96820443  56.24500275
  14.86179195  15.8600634   17.11363429  17.49640663  15.92971716
  41.95889333  48.47905471  40.88103172  64.60290132  95.40047268
  46.58454141  30.58769884  69.02533111  71.94927593  26.9110458
  59.27692592  34.6897076   28.8670798  135.46481006  24.56983949
  39.02402136 115.80379138  72.6973441   98.81511271  35.54228967
  45.53753082  10.31332835  16.40472425  78.9109451   53.53584389
  21.93135233  18.58275116  22.7461293   37.06268109  29.67484603
  99.34914895  39.8195256   22.56595189  24.2089686   20.62631272
  36.18357431  37.5957142   57.78021554  24.70995171  17.30288837
  15.15674765  36.23952277  13.15753586  28.49013032  17.6075169
  13.56122521  23.66994053  27.46795465  13.57203555  52.84688502
  12.82389494  35.74832442  39.22793314  56.01773161  62.25307463
  36.90544884  34.68823041  31.27156033  13.88400833  17.38045187
  89.35376828  14.20740955  97.51681237  14.91257631  53.37216254
  31.93612804  19.97346194  43.71295782  44.78999394  15.30650488
  22.54739728  20.44741952  19.38530307  83.04118732  13.75247538
  21.04906476  17.64209174  38.65516923  38.64586382  65.34839393
  96.3856591   63.09248763  16.83852484  60.4377989   33.91148094
  21.9027182   93.37829676  32.37612697  17.01990413  20.21614969
  60.67922808  34.12154694  24.277084    15.83036531  18.67746679
  93.5537918   18.20314345  39.28264248  47.2823492   48.20791943
  25.91873047  60.96482601  24.11938167  17.78407439  37.60263578
  13.43314999  18.32644137  22.13859573  27.01322436  51.08971339
  17.59854452  42.0360967   27.66095841  51.15458714  28.61236409
  48.68165282  27.36843429  20.74231152 124.98252563  31.10101754
  16.95881926  15.28882321  17.5277331   80.14298474  15.94898118
  14.21508016  24.08177852  24.28922206  19.2096351   51.21655905
  12.11801425  60.48256502  23.5383762   15.77974131  21.20568591
  71.00672063  28.61408865  44.11106776  65.17754018  74.19852162
  28.48346603  48.6461096   55.30196155  15.75741165  33.1058761
  22.06195452  31.80653501  59.34579496  39.20173428  24.98131133
  24.20968944  25.42095932  38.65824335  26.943804    55.98322255
  37.83792436  50.92742649  16.44160697  40.50872056  16.69564006
  22.12757949  50.66368366 103.22970406  13.6541173   34.82880902
  23.02901582  90.73197395  22.77694717  14.5135839   31.53672129
  31.88528384   9.27266649  34.46079426  27.58787233  53.01595474
  88.39290948 119.42234131 129.53840194  32.56551024  52.78413656
  20.05865571  45.36956409  36.62035364  33.59367023  57.60158064
  43.18532937  16.59208706  12.79209678  92.0500952   79.57510755
  46.97808356  35.58925359  89.78246555  34.20695437 137.37138089
  25.33266038 114.21272992  42.74632018  12.13901916  31.56347534
  27.82734136  11.51018392  41.83817345  29.89633589  36.36295258
  70.42842093  42.05884419  58.94486393  64.4224704   33.63999997
  38.11630938 120.73479926  56.01297653  25.11038351  59.85153043
  49.84652441  17.74654111  18.78450813  13.19178216  84.67919565
  29.3072854   27.25382178  38.77054474  50.8999462   62.14302629
  30.93555525  25.09928898  51.12839918  42.22094111  36.8082099
  68.62402345  18.1828866   45.84238175  21.91301497  67.23324877
  20.71112865  22.34298385  25.06839809  36.37457587  51.48141476
  44.75840219  19.58313042  55.91020868  24.6536644   22.11027054
  43.13467452  27.9198366   22.73483313  34.80762515  37.18987174
  20.25253999  63.19171309 115.2211069   20.30787947  96.44325958
  25.57488135  33.22559143  19.99145739  21.06487665  29.98532836
  51.4867481  104.71446906  54.8063328   44.99704311  44.01101451
  28.7442871   54.71904839  14.63918582  14.85089493  46.24217574
  16.13091045  22.51312854  27.26583258  15.49329262  16.78826496
  14.62960904  36.36366347  21.68963859  25.67699502 156.75313478
  31.62551819  10.89894286  15.10207293  25.56242595  29.59570886
  45.79342246  34.5769525   48.96657557  77.09986137  33.12016375
  19.72382022  11.51699525  56.09894599  15.4413047   30.6588457
  14.56101233  47.49998782  37.24567656 218.26321669  33.02008793
  63.23867546  27.91301359  27.70171828  76.66021021  13.71293666
  29.47483664  60.14364628  48.24354862  69.86155923  34.98366987
  20.67191659  15.50674713  17.74334309  26.88978659  57.8183095
  27.37693185  15.89253575  30.70299367  18.10100805  43.63728718
  31.70838216  41.87816631  24.17327785 122.94380048  12.96665258
  95.54316666  21.88119499  17.29063433  29.07328915  37.52046854
  99.27637877  10.89456196  48.11974036  50.97513863  44.22385367
  17.73847092  35.20748245  41.48681184  24.31434882  46.62416425
  37.999811   115.05504083  30.68700421  50.67904302  32.75397172
  16.68315601  19.2421071   22.12319097  24.54602646  32.0142989
  22.83879907  35.65193508  62.96418076  17.31983031  27.33303212
  84.62070261  38.62081538  55.82699383  65.71483032  14.88251285
  75.08212895  88.44920485  10.96619084  70.4344183   46.65382664
  39.81497246  38.19971121  46.42473243  30.8661025   34.69322572
  21.4211897   30.11232846  13.37070476  26.13053617  35.14138197
  80.53928054  51.45789234  55.39767643  44.43659431  21.84354884
  57.3458719   15.04887587  76.53446413  17.52400612  20.17519259
  27.19519312  29.8807787   14.08675579  54.62975208  54.98896688
  17.87617001  37.16860922  21.21090513  27.31390548  20.31933673
 145.30975905  19.08677331  24.99370839 109.48286378  47.43644205
  79.90276044  17.53737612  51.26460784  17.89610143  14.49975606
  22.67548323  23.15949911  37.12211792  41.45527513  72.40741213
  38.61114249  25.02320784  82.98854966 106.72729921  16.67951418
  17.02640494  24.09568108  24.20005439  76.05827769  22.67898555
  14.20047506  21.41903     57.68553574  20.11219431  35.95711978
  16.19835878  51.06434226  15.51909613  50.97486089  52.93629068
  21.87401428  40.36464752  38.18892967  19.73255808  20.63711037
  34.33543612  60.6848359   60.34588908  59.30382178  25.53556117
  44.79017676  38.28937238  41.1591386   54.82213441  17.44176665
  19.46680749  56.92574828  21.5591656   31.07712759  82.73420181
  27.41159619  33.70314154  36.67499631  25.12972917  85.54981678
  35.69914756 117.65744307  19.98491946  38.4244218  118.33406511
  37.47930832  39.02726939  34.05908739  84.92875461  60.61300742
  31.56478137  19.54273897  14.89848719  18.03356907]
Test abnormal scores: [ 33.71734369  14.60045675  52.83113639 ... 148.18932514  52.37952795
  37.03339228]
