Logging output to: /home/guest/Thesis/MotionCLIP_experiment/results/finetune/lessNeg/anomaly_results_random5.txt
Loaded embeddings:
Z_train_normal: (2726, 512)
Z_test_normal: (759, 512)
Z_test_abnormal: (52926, 512)
Normal classes in training: [30 34 35 53]
class 30: n=680
class 34: n=682
class 35: n=682
class 53: n=682

AUROC : 0.7309
PR-AUC: 0.9933
Threshold (95.0th percentile of train-normal scores): 24.6306

Confusion Matrix:
[[  290   469]
 [ 4645 48281]]

Classification Report:
              precision    recall  f1-score   support

      normal       0.06      0.38      0.10       759
    abnormal       0.99      0.91      0.95     52926

    accuracy                           0.90     53685
   macro avg       0.52      0.65      0.53     53685
weighted avg       0.98      0.90      0.94     53685

Train normal scores:  [14.04224022 24.96937812 23.7683795  ... 12.47076448 21.94886441
 23.18186658]
Test normal scores:   [ 18.37348381  74.44959461  30.39949692  24.6314258   18.48523455
  38.40819274  59.88491168  27.89995474  46.54912642  45.21134505
  24.53210623  24.09931221  26.51021637  54.18743765  66.13427082
  26.50881964  24.94354636  20.72092751  47.1413375   41.51697949
  99.05838723  17.11636766  91.39805881  23.27466876  49.70223901
  55.91350242  19.26320652  29.00785809  26.80793218  98.36866227
  44.38049046  22.7384433   16.52304241  41.63745745  52.90159039
  34.68071288  22.34637748  19.63775524  15.84114495  56.69972536
  46.82786745  29.88044339  22.76338724  19.50333901  72.15790902
  34.85286085  20.67755569  49.72722676  33.14733326  62.9102016
  17.55912075  49.31309996  35.13596288  31.99610559  20.89203027
  19.95689399  20.97286728  70.06624454  14.31961227  34.87137139
  41.82510335  77.84813601  22.37092961  10.90965267  24.25443288
  23.75709599  36.33801912  16.71516525  15.88704865  40.90278869
  53.26542865  42.8405157   47.8554772   16.86677263  12.32794034
  25.91503534  19.89162992  18.66358712  34.71998125  43.23149634
  96.22649081  44.49151761  19.65234938  46.53279704  45.80347845
  36.49948487  42.61265754  41.88538985  15.42209968  19.31928652
  45.3595925   44.57280479  64.08997809  65.58739775  23.10446991
  65.69310757  11.68035638  75.08955743  74.09807452  28.70505045
  19.3048364   22.10580887  29.66575023  17.94585404  42.57488434
  38.29455655  30.26544391  36.54882313  14.75882559  62.94445538
  13.85188659  25.68849813  92.93244011  22.40037325  56.63720494
  56.32546582  13.45933445  38.12159459  59.44977151  39.30462053
  22.97281816  57.77987865  44.19567061  27.7305301   70.62795714
  40.65139535  33.04394469  66.82609102  41.7749313   21.98823117
  30.49567971  21.53231054  29.53762216  52.69871984  36.84967346
  17.83468371  26.49281326  23.31765436  16.3090123   71.45510604
  44.79768703  15.63152435  41.4295274   45.33647162  54.1016063
  22.2021054   22.15750987  30.33134817  19.18899188  34.12073182
  40.17041546  25.2922358   28.495005    36.5498571   34.4607212
  17.56843003  11.89059857  20.03847413  38.70317972  21.99614479
  33.07370289  29.47775197  28.40625438  48.07603455  37.50712041
  82.87054246  20.10587034  21.63659316  12.57906493  23.35060244
  37.71580865  15.29660952  33.15144041  34.91865974  50.53751186
  27.12675156  76.73072894  41.25680412  60.49364291  17.78076052
  23.47731317  23.55402201  35.5887665   39.01345707  42.90138399
  11.13262445  17.3751445   22.53988246  23.96477896  15.6305106
  57.85525198  25.65953667  36.41103015  37.15299662  63.57542745
  76.55844768  34.74239174  59.6921311   52.50923401  35.36240441
  21.34153648  22.11689019  31.23027352  12.85898327  36.70107084
  17.09579857  25.26969414  55.37869124  15.03765332  26.06816539
  21.86948519  19.59696834  50.49797264  31.71366927  22.27054915
  30.36267161  21.57291219  16.88477014  30.4304131   16.15108525
  57.29767343  46.41213295  55.62878424  30.33385899  17.43266551
  25.17575986  29.82709884  26.8071487   26.59674089  27.83524228
  69.16873097  49.22639422  21.91552587  65.54979584  23.50915862
  49.88551672  55.39466874  34.24395355  18.62536826  28.36911756
  15.5329991   10.5161499   27.19874964  18.91429251  26.99969027
  38.44095118  14.47536747  58.42707634  26.23403218  61.37867838
  19.95198057  43.91829162  50.21508868  25.78254001  13.6940539
  15.75100939  13.07106782  44.45808288  32.97304883  54.93891595
  93.58391924  20.85923214  16.30131939  42.73926796  28.12933181
  42.8452276   37.01788314  64.09327454  50.32291653  21.4479106
  32.97427751  43.91668858  57.30385578  24.89293666  37.86593951
  21.99683637  18.71048477  13.63775153  26.9469221   28.40626937
  22.09492957  29.5177076   23.07432266  31.56080477  34.02460871
  20.5369793   30.23007556  20.81600541  22.84762149  20.89287137
  64.39884262  18.06087964  42.2004426   34.45194121  39.18924576
  34.52875554  23.33154704  20.72953583  53.22943844  69.83849382
  36.16460792  15.21881975  17.23946636  26.71289064  51.75171097
  29.34078875  13.20218075  15.7714548   18.12200954  27.36673195
  51.57960753  79.52389854  70.42118781  51.06778151  17.19012059
  32.39844116  26.84423091  58.86741117  34.80074694  15.74625035
  25.55944051  17.78389459  13.37142812  19.76093155  25.49403462
  58.04659323  36.49477166  56.2792088   57.15961866  84.87296167
  79.07005453  12.86900542  16.53261656  23.83575681  37.39161479
  49.93267451  14.14801749  13.93255499  51.0790803   16.11189107
  33.23503218  92.16878786  36.15054857  66.03155401  13.88542435
  73.77442781  24.81605079  16.52135395  28.82848772  51.58728028
  27.15567642  20.07375917  41.66792895  17.75620387  58.26790236
  36.27274087  11.91768186  24.14888226  28.38302847  29.83635654
  18.37558645  25.9596      30.35145857  18.49927765  34.05180483
  22.23157748  75.914365    20.2128685   30.58255204  35.37989308
  40.20216029  25.8593364   56.0396167   32.12631602  17.48344735
  17.59695076  49.88037674  19.17402029  68.83692458  29.85856735
  30.42386709  22.47979934  23.88206766  50.56770808  40.07392782
  39.80393744  50.87958642  69.62469449  16.74231376  14.54374758
  37.92973822  18.31230199  57.60987169  32.64529125  18.6992887
  20.70672051  20.46710614  27.76201134  50.4125113   30.8214581
  26.39731612  21.12765598  28.96215332  26.81733112  43.8944919
  23.56194751  16.41908882  17.5313307   49.35176168  25.31001881
  17.32718747  14.0090518   71.72556589  21.11221396  20.83245337
  32.18967169  35.99493717  24.47378811  41.41040591  59.21307015
   8.86181336  25.18197985  39.63319808  30.91293     23.31575217
  27.45903726  21.2088449   25.9654543   74.84723386  56.05784696
  21.84037106  27.19978458  59.34963767  59.22169078  45.61500364
  21.96981148  34.0867      34.50779965  30.96895635  26.8174361
  54.83467428  15.88755568  42.0799195   38.58188736  36.63159151
  22.99313786  31.71590881  42.9070136   19.85242943  21.52438015
   9.50304432  91.05211913  90.94403293  43.29734222  11.08535943
  29.10337502  67.45697846  19.36680138  22.10259513  31.25857999
  20.18116185  61.23748204  17.05368139  29.23364799  38.66269771
  28.83445686  17.96414118  61.41974087  18.4355045   24.11612267
  18.92515931  17.95352889  33.5027524   58.82394842  77.67320295
  43.94618873  56.2190404   32.19862     21.62173609  83.35140888
  43.80383242  23.03806014  30.28115439  69.51748237  67.79641265
  18.40709166  26.90828425  17.15048561  35.14881892  15.44385306
  22.57641204  26.38028126  38.60164812  25.57923581  13.26359905
  25.42050041  11.39679713  32.23951275  21.6709405   19.63379575
  22.00240327  19.61107347  19.56596989  31.3049117   63.33450904
  21.7317446   15.79929049  51.64250957  81.17096391  19.02615264
  19.25656304  21.57462065  21.49639482  23.85662576  19.3930736
  48.37529923  21.73398141  25.00407729  20.40450515  58.68504448
  17.51258907  30.23802936  37.25064639  50.77947418  37.80789903
  22.89134166  11.34739063  48.30005359  51.21446135  36.34802799
  24.17839084  26.05891812  17.38034642  26.26971501  17.43578836
  42.36194869  29.238421    27.00344495  11.17953828  15.09466716
  16.94712787  93.28241944  53.44948001  36.71034789   8.7253264
  73.13883757  12.76899467  19.83486241  32.91989113  40.42612329
  13.01102889  38.4738588   64.84864452  10.66209667  13.27179283
  66.78423577  20.41366046  19.4877252   30.44662741  69.42591515
  14.15108862  27.68674547  32.30833534  53.29309578  22.9066423
  33.13576012  15.20099952 110.80536964  23.43201307  33.81317649
   9.14507142  30.7203871   44.69925501  32.03468115  59.62104989
  31.02886258  19.93137142  33.99960349  18.24083139  41.07084777
  37.65453704  34.2804728   23.04024211  23.74907694  25.17984771
  60.5552183   22.91285861  21.06269788  16.18075142  32.14942141
  28.59937134  15.34544532  21.64049538  78.72086273  28.2832073
  29.07294411  20.11806823  14.48478099  36.45768976 105.87137213
  31.79010427  21.57294347  44.41739157  48.3728938   41.50055113
  28.40245994  33.45420995  34.82026544  15.00867021  49.81198677
  21.40450419  17.8479261   27.59141126  47.16805764  27.42638809
  17.75413486  18.71770508  63.29382251  36.09144836  13.30543741
  15.65129159  18.56126661  19.17885153  33.78554328  33.31269564
  13.4664077   32.86034612  15.71115055  49.60627242  18.17956074
  23.49084105  52.89494931  15.16644715  22.33277228  45.81161981
  29.2515672   39.42813121  23.55268222  40.4230839   31.28943197
  19.12069043  87.41640526  53.50989424  24.13534222  45.18074467
  65.90704469  17.46802402  27.87875119  48.24638781  52.85705638
  40.45900568  29.72282765  29.3551257   23.84479948  21.41534776
  27.06334382  31.841761    15.44435307  17.12832291  56.43875281
  38.07803993  33.22726201  20.97070455  44.49051393  16.08198464
  48.01822699  12.44005276  40.14678424  57.9259893   19.74673013
  38.42769402  26.72585896  32.81571574  16.26908361  27.27874111
  22.02566415  65.55731782  33.13670572  34.3268881   49.7300177
  15.93446825  11.35198186  16.15927341  45.68500688  34.87081051
  12.37013822  23.95716283  58.51760334  15.86250457  17.54389721
  42.08592969  71.66001899  23.75405578  25.41051757  46.37006925
  21.51967579  35.24889242  32.08316707  19.97033493  48.10666085
  37.6919054   54.89527012  72.37844198  76.64981978  48.61773487
  30.77654395  41.19854881  39.58149028  34.44113715  43.83102299
  23.67755246  28.57152642  42.47934253  14.88707584  21.74390782
  62.4047713   38.21583665  24.20915131  37.09219591  25.51038948
  53.84533201  31.69296721  49.39148724  62.80129402  27.00176468
  24.2567774   45.33386279  19.14788218  14.1932962   37.35061239
  21.58054143  24.84752283  40.10968094  14.5824945   20.54025242
  33.97054989  22.16065173  21.69011425  22.79835963  62.81398127
  50.20305108  35.41094526  23.35770401  59.92346944  12.00148558
  29.04858554  21.35759707  34.14023115  22.15838584  24.35580252
  16.27532662  88.91118952  31.90797671  30.93223193  74.39071153
  22.10705667  26.65537596  28.36445059  33.8302951 ]
Test abnormal scores: [66.01419698 10.97640033 45.99346626 ... 98.11715576 56.36893098
 23.86827894]
