Logging output to: /home/guest/Thesis/MotionCLIP_experiment/results/finetune/lessNeg/anomaly_results_dropping.txt
Loaded embeddings:
Z_train_normal: (2715, 512)
Z_test_normal: (754, 512)
Z_test_abnormal: (52944, 512)
Normal classes in training: [ 6  7  9 10]
class 6: n=679
class 7: n=682
class 9: n=675
class 10: n=679

AUROC : 0.7327
PR-AUC: 0.9936
Threshold (95.0th percentile of train-normal scores): 24.6131

Confusion Matrix:
[[  237   517]
 [ 4379 48565]]

Classification Report:
              precision    recall  f1-score   support

      normal       0.05      0.31      0.09       754
    abnormal       0.99      0.92      0.95     52944

    accuracy                           0.91     53698
   macro avg       0.52      0.62      0.52     53698
weighted avg       0.98      0.91      0.94     53698

Train normal scores:  [23.96236041 22.9409327  12.87317253 ... 12.49128379 21.2271701
 19.17167128]
Test normal scores:   [ 26.42841039  15.96336969  45.14439322  48.97677776  22.31352261
  24.17913347  55.01392995  16.02296147  30.83163516  19.93234294
  70.06178005  26.89107117  36.07715201  37.27106258  23.62062008
  34.85913395 102.38018572  16.4760595   27.662164    23.31795146
  36.9646429   46.11084545  90.53538955  58.18127654  22.02741386
  24.68928243  25.12594382  21.66292599  24.4953906   15.61679664
  29.29638288  42.61288181  46.41372288  77.10809977  16.93113796
  51.58532716  21.9772452   48.23598706  24.51849892  40.62780021
  44.30919964  31.7396137   21.56954283  30.29261633  83.5037455
  13.78420986  17.84751072  44.48971493  56.49717936  31.11978745
  37.90483551  68.86928589  60.40076183  27.6001189   33.64916227
  14.25109261  10.81157578  23.34492588  33.73156828  23.29555892
  24.2459867   26.54689255  10.92686726  86.13439988  40.93540225
  49.64335583  19.9257048   35.70224251  43.31665572  14.77813295
  63.06631511  56.36073738  26.82415073  23.17725364  29.94312115
  46.74652216  20.8316739   79.26963749  29.19785304  34.76626972
  20.97513295  23.79180588  14.4560015   12.29792307  32.07715806
  48.10333736  11.96001914  30.64922195  47.50524727  38.74220097
  24.00853747  23.63385766  53.99771356  75.98752158  34.99557786
  36.52722724  19.24029335  51.47580526  59.78443171  16.10146056
  27.00262065  21.76496494  28.76518092  29.05596083  20.63621255
  37.31163057  75.28008404  71.60949857  14.98311911  26.38891697
  79.46979779  48.68625618  14.69262768  44.09883855  91.32597707
  29.11653303  25.8366532   29.30696815  68.25489793  46.18682889
  30.76521804  37.35118487  17.48355896  13.2041      20.01994114
  18.74857852  17.76835826  56.71565304  26.23168233  44.16784445
  36.90674246  25.84458361  52.06340697  27.97875202  36.67977816
  31.76423176  25.25687587  24.53147437  35.63641385  36.74620153
  27.59797442  15.19740672  37.23542934  55.66115556 103.1883086
  27.74250199  29.3058731   19.9357326   19.78762588  49.4357903
  19.31530445  26.37956897  52.73323052  43.51142818  34.16874299
  18.01675243  13.84736097  18.9882083   54.67872899  34.35190452
  36.76898169  17.67355644  19.46228431  23.36316501  14.08973193
  36.16607598  94.14945913  53.96025499  17.67699093  61.51164055
  88.74194127  26.95945362  77.94757974  39.66733646  14.16311461
  11.10473981  13.63463344  40.47194974  33.67715918  16.0483644
  53.39217517  11.15614037  35.54244014  15.6087894   46.45689468
  14.4634194   25.4457749   45.86710271  22.61622984  29.51687242
  30.08089167  30.9110775   33.59421982  64.45289792  18.74506109
  37.05400126  91.21916686  30.50658546  19.44673399  20.75591562
  31.04447688  52.62402555  33.47881871  86.36041129   9.85150474
  71.35618992  17.76436264  49.2318566   41.46661221  55.50783265
  22.08543954  68.19284735  26.62755681  30.28386799  76.32420807
  66.95119164  27.75341051  17.58538282  62.68786815  56.73119702
  14.49072101  16.78144027  43.66219165  18.75608769  23.44756364
  34.24993438  13.41807483  33.32580881  32.3109777   15.55670761
  31.02241203  48.46234891  19.2827452   19.07656512  18.43866309
  44.63297938  16.99585373  26.20085441  33.10263934  41.48783358
  16.11835871  23.83063812  39.15830283  38.94112086  25.63343678
  17.2936944   61.75745854  44.51284267  19.17099801  18.79113078
  43.40522778  28.05934499  38.38548302  33.17435237  89.65154314
  27.19422882  19.93753946  61.03677265  25.61807879  45.72558163
  35.04404778  36.16237449  19.02906833  29.22773473  49.4404034
  23.74630025  14.976839    14.60443727  12.99829922  25.09887136
  52.83521278  34.49946089  25.06463878  17.77686861  15.68270751
  19.1225981   32.32683687  67.35908979  30.49191708  44.69984488
  43.31292155  42.09217596  27.55072423  82.49592741  49.6766164
  72.72019884  35.10968929  27.78678164  56.30224896  23.32352558
  66.69419428  16.32035378  12.69172487  37.37454434  34.13196067
  30.53185439  76.3743349   16.39989227  29.97189963  18.66487441
  32.79436839  30.07909275  30.75807907  32.5438196   20.53978041
 108.77285198  25.0244403   37.29987672  65.22713382  64.14715619
  46.33105971  32.20149235  21.10743668  22.68751233  35.31170023
  48.88471674  17.21856862  24.74983674  18.7252103   28.21225799
  64.04342105  13.23953441  32.62865312  51.01974418  54.73098013
  39.16866556  39.6225351   39.63854807  64.18032738  37.53293249
  18.87484513  28.15209337  22.52684055  33.29682015  55.11864
  45.4675818   36.0975636   26.16108216  17.29368863  16.92875257
  24.55107322  38.06285401  51.24081633  25.83184095  34.64003836
  30.08372775  28.04224659  84.57402578  19.66025665  56.36167608
  47.55399331  61.19857871  57.26087701  14.6321182   18.52519535
  33.03905928  36.03325551  19.95969235  29.89626805  20.01909339
  39.00609922  20.94759775  32.76137488  34.05969167  15.19555028
  21.79777348  19.2085369   20.72490566  14.69126701  44.55683937
  15.59057727  24.78962229  61.39285648  82.4003343   80.49865102
  71.46113107  28.82446271  27.08127589  53.0242546   37.21396835
  57.82458615  29.02051514  22.60737099  27.39573944  20.95834603
  79.75977706  42.27390509  44.63288736  98.053997    31.31214513
  66.80979656  60.81190044  19.11736904  62.1374867   50.81077113
  17.21423379  79.33732151  61.78890721  38.57526103  95.70783386
  25.20996149  77.26345179  26.14350655  48.66439087  16.33753012
  24.19988715  28.46000253  33.88424205 108.74817774  23.2415047
  62.9833659   39.65458019  15.2764188   81.76173122  25.71105663
  34.99564327  30.80593156  49.02507732  18.20994928  20.75410142
  26.43912023  31.50596456  45.84889117  28.23758764  18.62764916
  23.71433983  42.28645753  40.73641582  14.48323784  60.35083009
  17.96046658  14.92262603  24.91817456  85.37292093  42.15226899
  24.97177152  23.76589636  18.0090927   56.20986046  40.84656153
  21.3772176   21.66451197  31.00640764  39.00343645  14.23815197
  13.18881681  22.74635431  10.38337232  33.04149596  18.18232558
  44.02064933  59.51696602  32.71512725  41.61509944  43.08885945
  26.39655136  27.22713364  31.21967681  35.73018564  30.61814808
  26.78916617  15.2088801   20.45285113  13.27208991  15.72531652
  20.2109096   42.12423944  56.75721171  21.54896943  40.42004138
  18.27426355  48.46597093  49.49385584  23.83838076  22.28340755
  32.26613228  20.19950996  27.5829954   52.55410751  40.75564195
  24.29820151  30.39865721  30.92107798  40.67535326  38.67648509
  40.46088725  38.08767479  25.67135545  18.32384907  19.75065494
  26.03260466  47.43296664  41.22403481  18.98569812  53.5218832
  16.56258007  20.26182221  46.2748435   29.54931016  10.28694347
  58.16789373  33.48654963  37.86231246  35.26004373  79.0306227
  25.70292806  29.92049232  33.92051225  40.21936125 101.56746901
  28.17593523  23.71175063  44.69638205  34.9006904   13.70906465
  35.23786769  23.5293603   55.61763911  37.03592777  18.00226005
  47.85664298  61.35939499  10.57366219  32.03355942  95.10148629
  34.0717884   33.49771388  33.00485082  18.88982119  64.96356234
  51.5069347   20.74283389  20.56234886  15.22277098  31.62765996
  31.49820405  18.03941162  60.76190353  35.98801255  20.35437051
  39.65441438  35.01201055  38.5821936   38.0761759   19.5558259
  52.15313092  40.24388521  63.94386378  68.50236492  51.35369222
  75.63785216  72.35411452  28.9139542   45.57719862  15.50820732
  30.64097927  62.66150515  23.71447514  87.60593394  42.35978762
  12.26150174  36.31563732  83.77210083  66.22931867  39.08600826
  23.04901436  31.61938079  30.03992768  23.87739254   9.14951994
  17.85473608  34.24464249  12.23502157  32.40841498  19.77687912
  20.14228292  16.17504201  26.31607196  24.96866707  28.69467559
  67.10147948  30.70639737  29.68279294  36.32035657  41.45690295
  51.67671062  60.65880011  31.22750292  28.35790549  22.31602688
  82.33875756  38.64863052  28.62545148  24.72036808  38.15019033
  27.20250747  85.16667382  65.48253432  59.28017605  44.56497256
  30.95631261  23.33460124  92.78863443  39.52429527  74.23853121
  29.2811812   28.72094021  24.19603585  14.19574056  26.10756828
  25.9390346   26.6707534   27.6572194   21.99984987  25.43530865
  43.88003739  53.84492223  18.23708618  15.91766245  62.4095194
  19.20015357  55.67586997  33.83627147  71.39869358  37.18612374
  17.70342127  52.96031285  31.75813815  66.74239988  78.04716276
  35.55618018  40.26749836  26.28336123  26.54775471  23.52157911
  15.07052199  14.49052425  19.48098018  20.26791015  16.87227079
  19.33009993  38.42910902  26.75839115  43.25520613  33.97360985
  52.80292785  18.02550589  14.88990756  26.40357047  25.45146974
  28.4385983   25.45865217  17.83498001  49.71278184  50.61104765
  32.34910989  22.27248153  29.43330288  62.13043163  23.80469103
  25.78686728  45.53396352  52.429766    28.90071807  77.36588231
  43.08828294  13.0457201   14.70345691  25.67775074  38.08161911
  45.86984476  39.61684956  79.54589504  11.61792947  34.0377519
  29.66447702  14.46826518  10.97140497  16.75303556  44.70583893
  33.54369107  52.3684631   15.82243647  11.71078862  28.47993578
  49.31472346  28.00399081  36.21187748  31.38462537  26.16462302
  31.29481107  27.98781345  21.94389484  42.85151306  46.71137477
  24.1632615   83.87706156  35.55533969  49.66446305  56.89398394
  44.97567153  37.39812484  43.14464383  23.70183299  33.57754939
  50.57683296  72.95438068  17.47527364  56.79462159  40.60598818
  55.09210649  13.52800494  24.4138153   14.74184381 101.17344951
  47.24500765  12.40575461  36.42634078  20.145076   103.15790768
  15.86458384  14.54686441  24.02811048  49.39129983  36.15127302
  12.26236749  45.13897479  38.97413918  17.74381942  57.09099831
  47.98267318  31.08094092  31.13615487  20.76605324  27.41455386
  28.59635731  41.26672653  38.50577826  34.40051783  26.31509745
  36.08729442  17.10728174  46.67689522  41.51646068  96.10557946
  21.52595193  23.92814738  83.15435575  29.03082242  30.74827995
  43.32590497  36.72826399  76.70536719  28.54240283]
Test abnormal scores: [ 59.19728676  41.39052667  41.10131053 ... 118.07793195  43.26083806
  98.42232654]
