Logging output to: results/multimodal/classwiseGaussian/anomaly_results_multimodalClasswiseGauss_random4.txt
Loaded embeddings:
Z_train_normal: (3019, 512)
Z_test_normal: (756, 512)
Z_test_abnormal: (52940, 512)
Normal classes in training: [ 3 13 33 44]
class 3: n=752
class 13: n=752
class 33: n=758
class 44: n=757

AUROC : 0.7176
PR-AUC: 0.9924
Threshold (95.0th percentile of train-normal scores): 22.8942

Confusion Matrix:
[[  479   277]
 [15985 36955]]

Classification Report:
              precision    recall  f1-score   support

      normal       0.03      0.63      0.06       756
    abnormal       0.99      0.70      0.82     52940

    accuracy                           0.70     53696
   macro avg       0.51      0.67      0.44     53696
weighted avg       0.98      0.70      0.81     53696

Train normal scores:  [ 9.3975246  14.50879323 16.16710006 ... 17.25775988 21.10046328
 12.74015054]
Test normal scores:   [ 43.70247903  21.06060635  52.81634011  19.7216304   30.74064345
  16.22048609  28.61585507  35.2558689   33.32669904   8.64946643
  17.37233291  11.33678313  18.55495143  32.23979214  18.58176705
  16.93197994  23.87793051  23.42040995  30.63955366  32.35348972
  28.0553709   15.70070926  16.68385593  29.48750193  20.69871445
   8.48653309  22.23241288  56.00561264  11.0203447   35.46365729
  18.6626806   32.94334959  22.28801961  42.49671248  23.40678464
  51.74893609  22.72550897  39.90812463  33.20931384  28.1560005
  15.29598829  12.31837606  41.48974717  14.86514198  11.96543473
  18.08716299  16.78709126  16.37072304  15.47793762  20.16138829
  22.30253313  12.23949148  15.40518763  15.26594705  18.50822062
   8.70649033  17.86158024  32.89291347  29.4526673   21.9727438
  26.56191916  19.86410679  12.57845666  40.625272     7.9694396
  22.2503408   17.62828654  30.40546964  22.13805192  14.66923578
  40.30404079  13.03940372  14.31104354  16.3141308   40.73679025
  27.5399527   13.13989085   7.9362894   28.47024751  13.16332192
  28.57416921  21.94406671  38.60349696  15.46900671  17.32005329
  19.43481045   9.16723233  22.93364226  14.48582821  24.31118569
  33.35715337  35.82374983  30.84317624  22.87074971  30.747162
  13.46225528  35.06693378   8.3609139   25.47304959  30.26332527
  17.90683806  16.74801212  26.73382743  11.48197832  11.34334139
  12.84443181  19.31095536  20.03208305  12.55686763  17.51854163
  36.67454719  13.51106393  15.20199848  16.11248769  16.13303171
  20.18277849  25.11531413   9.99724924  17.50756051  21.23494238
  17.99097905  26.13993027  13.37608121  44.69860136  25.10133982
  27.21766349  23.02816795  13.94598369  10.07781782  19.56717566
  48.79723816  23.85734829  15.55151189  17.15130594  17.40974379
  18.5692933   32.71246951  18.86851383  27.21992367  25.12417542
  15.37800226   9.33364623  10.36786189  37.73495345  10.5409775
  32.62604246  17.13369074  13.79522589  17.74995332  14.33524519
  19.07986242  11.86991942  28.53886486  23.25865134  18.02764994
  19.43056364  44.03937713  18.56823177  19.04725934  13.45784445
  27.03167242  43.15471704  15.76075318  15.70722515  18.108723
  30.98023337  14.12266075  45.82612205  13.80891664  23.38327109
  28.63557133  31.19176499  11.20921191  15.29854717  31.80461694
   7.41969537   9.79683193  18.64705316  14.55899535  21.08425686
  13.91111536  18.18343243   9.89691011  20.08106302  10.38807393
  85.51900575   9.60378161  15.73257584  20.0435904   15.64694107
  11.29040891  15.71161837  13.77854694  24.9255642   22.59703232
  19.21769365  12.85029124  12.15754751  18.51570267  32.25189767
  34.94176051  29.01823196  39.89095004  26.73987759  16.90164506
  23.44197734  22.77039524  28.10842053  19.59768222  27.10875611
  19.03643473  13.46627106  13.7892309   24.80978864  19.78593409
  32.30842563  14.56859807  24.64412376  49.31913774  13.25438399
  10.24030783  15.38832055  18.08041109  25.57964057  27.43048455
   9.28665378  20.65385824  13.54675189  17.31805558  24.58301805
  24.93474028  29.41433855  21.91370107  12.31949106  15.03083088
  22.72576856  15.21609294  44.73135924  18.46625893  26.71413577
  11.02860894  16.37611958  32.94821454  16.99612728  33.99515738
  28.90431787  12.54090586  18.70921411  39.3021187   13.69854279
   8.10256484  25.28035827  24.90566188  24.58217708  16.85627493
  18.05112011  12.55857138  21.46580634  20.11445135  32.17256915
  26.5596684   26.99900201  10.00401206  11.1804906   25.23188201
  18.21929944  16.81814931  22.59844124  27.54767599  29.06682572
  31.37966479  17.65798438  11.81587645  24.68345504  15.57129061
  18.10848505  17.73265441  30.55680645  20.0168779   11.33208157
  11.38510784  20.16517879   9.73676899  11.93347518  20.88421698
  17.94331493  29.6714264   24.72122921  35.04151999  24.90649019
  31.29948305  29.43485428  37.95155588  35.46000529  15.87394681
  31.90616131  18.54694889  22.1018721   21.07132944  19.23390017
  23.0029224   21.83943029  26.94890336  43.5224808   20.57826749
  16.01189552   8.2724392   11.93517193  16.16588433  12.03974935
  18.87916488  13.22137179  17.55838638  18.38069821  15.30330516
  38.78134791  27.67687523  16.81782775  15.05834478   9.27791395
  29.37497622  29.91428205  75.42018805  12.92697341  17.46059682
   9.06883817  28.52424272   8.14375379  30.23111733  15.02539155
   9.3864016    8.84873322  31.34316945   9.05174452  25.21930765
  10.96451977  21.75684559  17.16072201  36.88761912  39.72240811
  22.76014829  33.34071364  10.35366169  18.73001833  28.34300081
  43.34459872  39.46451159  32.36089349  28.43546698  15.48029932
  18.69637091  24.25384032  14.50264814  40.23202106  13.7955876
  32.84020913  15.60804739  18.31799352   9.83045595  15.7590387
  38.14935839  13.36020724  23.03286051  19.52730598  22.10192402
  20.4876492   25.8632508   16.62523471  37.55426398  39.3300504
  73.57857947  32.13608066  11.13680385  10.38519973  13.25139365
  12.30465184  15.10809104  25.83346363  12.93897823  14.55866288
  22.84811825  20.74466491  38.50152317  25.62723714  12.85345209
  29.79540073  15.46158521  14.77060444  21.55792272  22.1640331
  15.98800398  29.94508908  14.60040497   9.99806299  25.69924517
  32.8646806   25.02697875  31.51794406  18.04700643  16.41484821
  17.63426558  27.89254286  16.98088031  14.55990247  18.65599927
  20.41362167  13.33616303  10.69227712  36.28133091  18.47341553
  27.19516439  11.10839419  16.28862195  15.81792403  12.74759686
  27.54306258   9.2332888   19.44507534  13.01514595  19.64101593
  23.47764964  16.2908456   16.53867996  17.69576344  36.41447522
  31.9266281   12.88359371  24.33694635   9.33653107  26.4571877
  18.34424888  39.52044317  21.06495893  28.5840865   27.31489459
  30.72944389  17.58560678  17.20625016  29.98808203  18.66949055
  21.20017891  74.70069809  25.44856314  11.61513613  15.7445562
  15.37567605  16.21990754  16.09777373  32.18704415  47.10707282
  22.22991798  12.47957948  28.77726307  14.30008897  11.29055322
  20.1997546   14.87304033   7.90808197  28.51960363  17.09467758
  10.54532886  32.37813329  11.65701741  14.91912035  10.70268091
  15.43780154  16.31277859  13.82221541  13.29579444  12.23211469
  28.83225665  13.92867614  17.919718    22.60594412  43.80295098
  37.26751493  28.63807659  18.50703466  30.71792814  47.76923418
  15.12989176  14.49406304  15.12547419  20.02870074  38.7119174
  13.06910661  13.64914128  38.42197848  21.8926588   12.05768585
  26.05300135  22.79324251  15.57625383  27.83330477  19.42178074
  13.22077375  28.69821489  31.83883164  25.52233167  17.11410378
  19.83378795  29.35478372  15.89971273  21.82865077  27.44602165
  43.58558364  19.44799342  16.78983701  17.65382037  20.82413382
  15.99510975  24.52903399  22.18333774  14.96637012  11.78034087
  28.87004884  33.16390736  60.91204224  22.40222818  13.5989709
  20.23483934  53.54152515  29.46579389  17.19226862  53.26683291
  33.00740728  29.52020866  16.39358138  12.19746126  30.08491823
  22.23401196  33.54332334  19.15792204  23.20129383  34.65905696
  22.45553896  23.85331612  22.53324531  11.46656678  35.51994476
  31.71784481  30.63704263  21.44563539  15.65892726  12.74454201
  17.19192953  27.52183195  19.33790028  13.57319086  17.4478249
   9.69663631  28.88657248  19.36024394  23.2587414   15.86440076
   9.574444    25.23081066  16.51939593  28.79987091  13.18859325
  15.70480633  18.77409892  11.25100696  15.61911097  36.32050316
   9.2195032   17.42995383  34.18727161   9.71732708  14.17025541
  20.43563042  56.36819405  26.36963978  20.92672224  16.55179846
  18.28432336  17.67454299  22.97261119   8.16028292  26.08057505
  12.55226866  19.52376042  12.36391812   9.86319952  19.92473822
   9.25241795  16.66756072  15.75398937  22.907131    26.75119765
  38.95327996   9.62186313  22.83963196  18.58657463  21.24435397
  24.81178471  19.11679548  12.43858637  23.6738275   26.71278593
  17.17888667  12.23268194  19.17853086   9.16384553  20.03741586
  13.23983377  11.93686257  16.56569801  19.94839148  18.56476164
  11.96742134  24.56509943  30.29434681  22.89721376  12.6983502
  20.04858254 100.81857535  12.42120889   7.84193382  32.51536643
  17.9268546   19.13104029  12.89741438  12.8899447   22.19881164
  25.69650919  21.32709399  28.79483044  22.14184933  20.94082102
  34.49890349  14.94475282  13.87680977  13.69159804  21.14146194
  35.93718004  42.30119653  23.62757651  17.451192    50.48835716
  41.63242652  10.71957466  41.24146998  15.06195148  23.51453956
  14.48965819  13.08484779  16.26530059  39.13882225   8.83692473
  20.12631553  21.12578927  11.63461578  19.46099929  18.69962665
  16.94529336  21.16162511  12.95925247  13.57016838   9.68557032
  19.6840466   23.30302412  33.87681591  34.08360445   9.38816386
  22.72785727  41.8120486   27.40601832  18.35143711  25.88869841
  27.11299872  11.8615148   27.68322818  31.06004456  10.08306746
  21.61022496  17.27065426  15.09979105  25.08320025  14.40679325
  25.95807003   9.11306024  77.91642759  23.79417768  11.69075162
  30.80093782  22.27799119  18.31370048  14.88430486  13.83538723
  11.89955774  11.15919911  22.49319931  18.19901981  12.38004951
  11.26728053  14.71865157  65.69068972  16.9764854   12.45068318
  33.51748339  25.86550639  12.72728051  15.75629091  26.93611008
  16.32575306  12.42292561  12.66183      9.79676731  31.00654616
  22.20090861  25.40645127  12.38436899  21.6418597   10.04172488
  13.61412611  12.42802227  11.42544357  19.97623995  20.76064354
  14.567195    14.79673172  25.33719158  17.06094643  31.04272782
  17.65240464  19.78543166  23.0129284   35.73862185  21.17592065
  29.26723923  36.32303608  14.35717657  17.14298498  19.33567172
  17.1717058   32.15765384  17.4159475   26.57917603  24.2610065
  13.8121287   27.15587562  25.57652536  17.08441614  12.92310337
  34.77836712  74.56892852  16.46772034  25.35894995  15.99378399
  24.52660534  16.63015711  16.9896743   32.84800198  10.60915048
  16.23500125]
Test abnormal scores: [29.83571073 15.66473738 19.47708436 ... 49.585638   29.83302141
 21.41806368]
