Logging output to: results/multimodal/classwiseGaussian/anomaly_results_multimodalClasswiseGauss_random7.txt
Loaded embeddings:
Z_train_normal: (3022, 512)
Z_test_normal: (757, 512)
Z_test_abnormal: (52936, 512)
Normal classes in training: [ 6 14 19 40]
class 6: n=755
class 14: n=756
class 19: n=753
class 40: n=758

AUROC : 0.6886
PR-AUC: 0.9918
Threshold (95.0th percentile of train-normal scores): 22.5040

Confusion Matrix:
[[  421   336]
 [15053 37883]]

Classification Report:
              precision    recall  f1-score   support

      normal       0.03      0.56      0.05       757
    abnormal       0.99      0.72      0.83     52936

    accuracy                           0.71     53693
   macro avg       0.51      0.64      0.44     53693
weighted avg       0.98      0.71      0.82     53693

Train normal scores:  [12.09506066 19.35954256 21.0445228  ... 19.26671283 16.86624939
 10.82212025]
Test normal scores:   [41.14681848 13.93229647 18.71784902 25.86244942 27.03001783 19.0445936
 25.36113125 25.92070122 17.05330998 52.0041251  34.72125853 22.49284747
 13.80851632 21.28669472 12.67452834 20.95160141 24.1418516  13.6815178
 30.53690017 19.28317088 20.44413509 16.25661456 18.51366145 16.14865006
 32.2296697  14.88449768 40.43430015 13.58985409 26.87955516 25.00632894
 16.0023424  24.30464252 25.44787069 12.29636949 18.13673152 28.07533018
 28.88278187 14.86686717 21.17703476 25.87658174 19.44775732 32.29743509
 21.40170521 30.07273812 27.1774482   9.48987645 14.60556431 28.65374347
 19.34653715 25.37885226 20.2377095  15.69955426 26.11506492 19.95784806
 11.58411893 11.3212975  17.64585632 45.10582569 33.50008376 19.65249855
 14.21122694 22.13585551  9.29580991 17.05526113 26.4578647  33.99733716
 16.19678597 21.08164281 13.4987044  20.63888543 32.88510159 18.43988003
 26.91683777 17.33045995 23.29220421 12.94442487 14.5224899  43.21017554
 10.57861904 23.19309808 19.40751119 31.0590558  45.07142868 22.79741193
 28.12367441 18.66606951 46.73246275 40.36143576 11.63878481 16.13684205
 21.71483171 21.59957596 20.60284565 24.11364165 31.98782085 22.31609106
 18.70611666 15.545008   27.39611209 19.01325669 21.73240042 12.58508535
 31.55363879 35.84444766 25.04240215 31.26243544 22.97216243 15.20450055
 14.11426077 26.1090624  17.02982768 19.62432081 18.77532629 24.69182672
 31.51043709 13.52120424 17.91105653 15.41373103 19.85942228 16.13717075
 14.05212786 25.33429138 12.26432216 23.41532173 31.06963181 18.90751718
 28.78039451 33.88158211 16.35315821 34.56981289 18.84332674 26.71523527
 23.15257673 19.40254856 19.19177198 20.18720077 25.56162047 22.72914136
 18.55567172 16.64383516  8.64504291 28.16132443 22.35657009 21.24982809
 18.61106509 21.7095461  14.65729306 24.40398823 22.56921163 28.70316374
 11.50293749 28.50975989 32.99407367 26.95322588 19.03548509 18.87743999
 26.5754672  26.96736476 28.24742554 28.5979621  16.65957697 30.9709382
 26.03505693 19.99384443 15.07889299 31.90533004 21.47814772 32.54865027
 23.466221   24.75147717 19.33580962 17.86187589 23.66984819 17.5871692
 23.12128272 21.2422911  20.56598113 15.87766785 24.73574493 47.36698196
 17.1258506  18.3897832  39.0051979  20.84277845 33.88289024 15.34601738
 21.39923152 12.58263686 20.01815422 22.35752896 16.08053068 12.13259392
 24.25882317 22.86338526 28.50290175 16.49003508 16.72804189 29.5135156
 18.79079793 17.6596568  18.5615185  21.60594554 14.58951892 15.56272504
 19.61223603 26.64253508 36.67483107 48.51095629 24.69698403 42.59078246
 15.76005671 35.52782279 18.4958723  25.33462862 26.69638041 61.15707725
 26.1876315  33.90610221 34.45203507 15.65843284 32.14637762 20.97020529
 18.0456034  24.45815229 18.28761854 19.19236136 22.29348284 44.47333499
 20.33149158 27.79739834 19.70753978 13.70429436 10.26970698 25.57981391
 37.1664942  15.28828943 10.04137234 29.68981211 26.51883369 34.88621935
 19.92497927 28.31386084 22.29737782 25.66314763 33.51797171 25.77119672
 15.07163809 33.37837295 31.72569258 14.32251873 15.62873515 28.1842261
 21.61240776 20.70662302 25.42576158 18.1895327  25.38050684 20.86032933
 33.41750169 38.331055   26.88599281 16.2931942  17.47478216 28.64354672
 21.78906465 20.39743941 10.71323524 27.92596703 15.47652748 24.21033628
 20.32272893 28.7893458  26.90777158 26.31074862 16.15339214 23.48766354
 16.35886326 30.60546899 27.17905507 31.38547452 20.32104008 16.46993028
 19.97919018 24.3575221  23.5035241  14.24043513 24.55554925 34.90296283
 18.59730578 20.17865238 14.93255406 23.97218957 34.03143934 13.62098245
 20.31902498 37.99750962 18.33854911 25.65878424 19.42917573 26.6491471
 20.11887537 20.16322607 12.79507428 16.91323271 29.76730267 19.99795343
 20.04844713 21.38065596 22.71883355 15.48774265 26.54307379 24.40771485
 13.46602797 19.77713889 24.20421314 13.15351378 23.45213189 33.21039074
 20.78334827 20.97113731 24.97885046 13.15268509 17.12522289 21.63243883
 27.89924751 22.767294   14.39776644 41.04083637 24.42826204 15.83703884
 19.01306844 28.11596612 13.88756226 28.59171227 10.8501471  32.30851418
 50.23098888 23.99832095 23.43413323 22.50677749 26.3355612  20.16910227
 24.29293886 14.17190784 23.65311745 17.53041497 22.9138062  15.55881387
 12.76496166 17.69276136 14.21094071 26.10875567 19.55500061 21.78257532
 21.73484703 20.22893172 15.8600671  13.77450041 18.83738924 25.34727346
 24.24834444 30.8970153  26.93270518 27.33831268 18.98556828 41.00573553
 36.48829458 56.06462154 14.77136902 27.30703881 11.64931707 22.11309258
 13.59400624 36.29683498 25.17479596 19.63466244 21.00144749 12.65905587
 11.10959607 11.69618572 36.66489486 17.29357163 20.21835559 24.16626514
 38.83173332 22.73276439 24.60429848 30.30700907 20.38507048 24.64701208
 33.48429759 20.3321276  14.6186835  11.38690204  8.77059672 17.32858886
 13.00758958 28.72723405 28.78394898 23.48034509 12.17128745 14.77459782
 23.22336693 17.79439792 33.05647954 23.95702453 17.37978818 30.9261145
 14.20655349 26.51093164 27.33178914  8.66138247 17.00668057 19.3404853
 29.66443305 18.817319   25.9375791  20.81402718 21.25539049 16.18531065
 47.91743246 29.95820349 19.94685324 11.4612423  27.99364053 18.29614248
 15.3119595  36.70353736 30.59447716 15.77617309 19.90593948 22.19778383
 12.34695906 14.63149517 12.8605817  28.22297506 40.02097281 23.23273498
 13.46868119 24.03535279 24.33919117 14.13692568 20.77741298 19.88614878
 24.03681808 18.90385718 25.36853803 18.50769177 26.05050988 23.66073421
 40.76251259 27.49316784 12.99191974 13.8931953  12.46178078 13.03779034
 20.59010133 18.29183795 17.1386569  24.74187165 15.33815784 13.47213463
 12.77487989 22.87445651 22.30809836 10.44482443 22.57711409 21.94273419
 23.10831553 16.80837371 16.18418215 23.75742427 23.08963607 15.3279602
 22.45265592 40.58976114 24.3525147  33.84408379 30.31740577 22.63883288
 24.54603916 26.74727113 34.08051163 34.01562024 12.19205554 21.10745385
 18.32704921 27.75016954 27.32654707 11.65244314 18.77517735 23.55211627
 21.73817487 24.31817653 25.88865912 23.0601224  15.06984635 17.3795966
 26.57722696 30.84385208 10.41923867 13.52851008 23.92803013  8.86260838
 29.20895089 18.28701533 31.92250539 17.25495472 27.87742792 26.43245873
 23.58603741 28.99710774 20.07281614 28.47017676 15.47882618 16.13875586
 35.65479361 31.45021482 23.85025284 28.6110712  23.82867434 15.53323418
 21.32074558 15.26627552 14.35151361 19.59061851 18.51530109 19.77999717
 21.90943188 18.29200533 19.5231917  31.46701977 18.61283298 13.10224078
 23.06558971 22.19413894 18.00278623 21.94831969 13.88109555 14.2260241
 17.70131473 23.22067677 18.73810463 20.36435606 17.59193137 20.97727729
 21.3759166  10.69047776 16.44110517 27.40131556 11.82127035 17.66542136
 10.64479889 26.5041764  19.0978347  15.53158999 10.83999347 12.0760004
 10.25551515 18.9127689  20.59522673 28.86439644 28.29633831 16.15687845
 44.32866583 22.1460077  18.90308476 18.52785435 36.15966515 37.79208573
 30.2193559  15.90137372 23.63733396 14.47022751 25.29081782 11.47089772
 39.89422242 36.92896245 17.9774466  25.75713323 32.45206301 19.9123338
 38.42473772 17.66558449 28.14052605 13.57907093 19.01464815 16.60105081
 18.15304313 13.09511025 12.22566026 23.33570393 30.88465064 28.14697928
 25.86070524 20.65744237 29.00084187 29.88477134 35.48976877 20.07762596
 19.02826189 45.78621625 20.14633867 14.6563705  26.77088605 22.59767958
 22.30397978 36.51257517 31.16398502 20.85046572 24.1150495  26.35366269
 25.6233293   9.34893279 29.4493481  20.28249637 18.28725705 38.10235107
 14.26906871 28.34598057 34.18014392 39.33625773 17.49964559 22.61686721
 51.07941375 15.35139541 19.7765214  26.29628495 26.88491998 15.71776372
 15.47587654 16.11902782 25.64389525 21.95046711 26.59055746 21.43333368
 17.99790581 20.59820164 34.82393037 29.0949544  17.88812121 12.99977754
 27.82287169 17.90732942 22.6669383  19.18816713 28.49317429 18.95451782
 17.1900388  13.37840238 22.03629963 19.06533693 35.66918705 29.09504001
 28.26691853 16.01666626 19.29319175 17.50224796 29.95021766 27.55511906
 11.82832019 15.2452971  16.20627975 18.19708072 18.9745109  29.19779264
 29.1701163  26.21592798 14.76657857 24.56470881 30.34856964 15.60679985
 18.85803706 15.41548088 25.7684562  13.23833591 19.19641474 14.97552523
 27.48468029 18.50270935 27.42596282 13.4615527  19.13117237 15.50998664
 16.88929381 13.22757099 21.40549047 19.97899656 15.0633362  21.41429149
 38.82882221 12.60311756 32.82394138 28.16546423 36.22643654 31.58481923
 18.06755711 11.13249406  8.54996999 21.08306548 23.81183621 17.44735691
 17.75113737 18.08941701 24.53358055 53.24347087 14.90350509 14.15939793
 12.9453061  30.24426803 26.16019795 20.52679675 21.99483148 22.23457964
 14.67103212 20.40412821 20.36509782 15.25207682 27.71577365 24.00277656
 13.58946922 10.08031949 21.41344278 16.19375407 18.75989521 29.58127349
 17.29042464 28.88209128 11.78825276 23.30581223 29.33267963 32.83274477
 24.63801898 16.50808864 17.39468647 33.19884514 20.3057229  22.15595884
 17.13656908 16.39187501 27.2032997  36.3849664  26.33727202 22.9884414
 26.00861967 13.07727092 17.31913229 24.31588546 15.92897563 13.36849692
 14.89791619 17.07176524 32.63380071 12.81755111 26.69590121 16.04724282
 22.51920124]
Test abnormal scores: [26.85799309 22.88299304 23.29278935 ... 49.03710595 27.92650412
 26.23885233]
