Logging output to: /home/guest/Thesis/MotionCLIP_experiment/results/finetune/lessNeg/anomaly_results_random6.txt
Loaded embeddings:
Z_train_normal: (2716, 512)
Z_test_normal: (754, 512)
Z_test_abnormal: (52944, 512)
Normal classes in training: [ 3 20 22 25]
class 3: n=677
class 20: n=679
class 22: n=679
class 25: n=681

AUROC : 0.7876
PR-AUC: 0.9955
Threshold (95.0th percentile of train-normal scores): 25.1486

Confusion Matrix:
[[  179   575]
 [ 1821 51123]]

Classification Report:
              precision    recall  f1-score   support

      normal       0.09      0.24      0.13       754
    abnormal       0.99      0.97      0.98     52944

    accuracy                           0.96     53698
   macro avg       0.54      0.60      0.55     53698
weighted avg       0.98      0.96      0.97     53698

Train normal scores:  [17.73693046 20.09673816 21.25729771 ... 16.73802638 14.50633836
 23.3557141 ]
Test normal scores:   [ 58.28567935  36.51063036  44.64949635  46.75803933  22.87418179
  53.81837255  38.98384092  36.45507077 145.46047267  16.95163532
  42.43893898  16.57804397  31.84135031  45.59594729  23.78916293
  38.13744482  30.49078872  41.90459364  78.17295618  65.95215994
  63.02116615  28.93032781  32.88373933  48.24902236  62.32238429
  13.51465206  70.37744083  43.65071114  21.89438884  62.23338173
  26.30822581  74.91483986  29.78041512  37.54563011  21.70062187
  42.84889143  24.02803492  38.71322845  61.39123157  25.97546652
  56.95703898  38.92928737  36.55609219  23.8273276   26.79907833
  61.54820734  23.07579267  48.66914633  22.37676728  68.42477901
  37.41310709  18.12091995  23.56596658  37.73056252  50.16936837
  32.62111628  19.28471878  24.07523395  55.49780718  30.33453278
  45.86655542  47.69800821  31.46667556  28.4542643   27.65405917
  39.32726232  21.37935538  71.20486437  64.43766111  29.13848505
 177.73134107  29.86605021  43.96871436  23.45724068  46.70866075
  53.25055036  98.25767235  11.70424309  22.71622848  37.90191743
  49.06581364  36.84636624  17.2642462   34.64127057  32.86531363
  21.07413081  36.02394594  17.13267848  26.7175852   66.09651754
  86.61621949  34.71010727  25.26621525  45.93895946  72.43184709
  56.19011102  84.23352976  37.8557678   52.14388071  24.08847503
  33.39602869  32.80037117  26.37228317  36.22489659  20.74519481
  45.56210996  17.89703987  39.15472852  35.97330672  20.06785298
  25.6025972   37.58936888  36.11448535  61.11643789  41.60299393
  38.99941104  86.29700113  19.11997587  73.40616297  43.07504175
  22.79221991  47.72944121  18.45474944  19.07296755  50.04614854
  58.06715225  31.53701957  23.82178046  16.13683195  39.6025136
  36.46319     49.45158914  31.12350205  27.41115322  31.65007301
  80.71518401  40.72757392  46.32460959  46.40280136  26.41550775
  25.95198722  24.26031287  16.39280839  74.7851018   57.90537383
  70.93995222  46.40875462  66.94524323  31.92940502  27.09086808
  47.31377143  19.39042787  37.51864935  48.75908232  39.12633609
  39.38398204  33.13653692  17.08492804  26.08165954  30.08408186
  26.03612106  36.06390801  26.0160834   65.21558825  19.62486944
  39.75644719  19.28059766  80.48270262  23.48700035  68.764506
  68.13654583  37.13510212  32.73394254  50.82971725  18.27774776
  20.09571726  37.09518003  21.16266848  41.67610398  46.46947894
  26.75187687  24.05072863  18.44946893  30.59657521  27.14821523
  21.76580739  22.27049441  17.66962456  35.09839785  30.83087893
  18.31214435  63.1650944   35.02466012  38.42297818  29.47630428
  24.66609303  27.1497889   40.04299224  19.81376883  65.48060079
  83.23043295  35.44725679  86.94804702  60.62194133  38.1779021
  22.12413076  46.14601778  64.18281232  34.68815963  44.08469218
  25.68279265  74.63646398  66.17095424  46.02997211  35.83147356
  56.19022804  23.70896748  46.99594854  37.93703779  50.86140393
  77.9426055   23.78011995  20.87570989  49.32977686  34.22883478
  21.39840759  21.2084374   30.97344505  24.83400524  43.95629389
  44.04081951  54.62074243  30.95793604  35.15894918  49.96040699
  46.80332547  49.00392962  68.46708514  44.98765517  63.13495854
  91.07778662  32.46232945  89.53528108  25.42672644  89.70932386
  63.79658248  28.25294588  57.53521569  66.500413    20.10015697
  20.82937045  39.16123308  28.50821534  33.70943485  43.83587696
  29.64083341  17.75786564  32.9648558   31.67558406  63.52011889
  50.13314231  35.63491567  16.82255886  19.11989057  35.07126182
  47.5776337   34.98818034  38.89187745  33.92646534  31.75469473
  52.32157689  55.37866946  48.36402779  74.26040064  25.21131942
  38.24480874  22.45133883  21.11880087  17.42978688  79.81658603
  17.86619905  20.24555285  46.45332686  22.67063588  16.25269246
  55.06987444  49.17595639  47.76841939  37.96403858  76.30633835
  58.37532389  46.0012375   65.5550196   66.7358774   40.20927833
  52.28886665  39.8985322   45.68476231  85.53208863  33.90252829
  50.37768623  39.71777308  63.55326726  61.49931561  34.18822136
  57.74083145  12.04125264  19.2306907   62.68292379  57.29683882
  21.07971635  23.19156189  31.68230983  40.78197656  34.07363269
  87.90139107  56.01501138  33.119458    26.03028344  30.28206764
  34.70049109  27.82876762  60.95827608  30.03756134  22.11473235
  21.39260879  36.3940736   27.96661982  51.79020395  21.91015117
  22.84663906  34.28990621  35.55556641  17.97606275  42.1421323
  17.43706634  46.47966034  37.15863202  51.06827506  56.33125034
  43.48477864  33.29769814  36.2673111   22.47453044  20.48866033
  70.86851023  18.7144876   74.53379019  19.0901038   57.798165
  29.11207905  23.6073287   33.2876276   36.96908574  19.6910713
  27.64173427  19.80427249  30.2402144   68.06937119  17.99373911
  26.09269912  23.63129158  45.15242005  52.79370763  85.69921973
  74.14756312  28.82861925  19.13827576  56.2480068   30.70424943
  22.90935757  63.06376354  60.13928918  22.25987965  22.40269714
  45.73308835  39.79656407  25.36456354  18.65243623  25.03999947
  52.57984135  19.57984016  65.02558668  55.89221524  45.18381231
  25.96833432  88.80195916  28.14889661  24.13902408  37.88450538
  16.81286508  21.22026069  24.58196091  38.33120373  35.37083926
  25.92288139  42.61418817  29.25186681  78.76667615  33.28428684
  69.27149013  27.48962607  23.57112322  75.1247758   37.72705469
  21.42430536  20.16676634  23.20455049  51.94176022  22.25526664
  18.32903921  33.45274135  29.86699556  23.59831882  54.33573605
  17.88130994  46.96766412  29.35308666  23.69575632  27.19006492
  54.76362268  26.16556184  45.32953447  51.3850055   52.89255702
  35.37555395  55.51056724  41.34268578  15.22060282  33.75990952
  32.38827154  36.70887745  47.09278195  37.36944415  23.21816016
  26.83357789  32.81250834  32.06833791  33.30555934  63.46276801
  48.78994874  67.84930918  18.13794383  45.62287452  21.19961704
  29.77246429  56.38613797  70.61662009  20.54049649  34.66221755
  26.46437557  66.59757947  29.57177844  17.86957916  48.43391865
  40.72305906  11.23251249  36.68091009  53.64423795  39.36616806
  75.47321316  93.67494285 145.12496384  41.61045744  63.79566022
  23.44051596  56.47346271  44.5081459   58.71490108 104.52079864
  67.93973512  19.4552835   21.0359511   82.41666375  67.62909076
  37.70551475  38.44235371  54.45655389  35.7788158   83.94423072
  27.18827999  41.44072953  39.27555404  16.30840571  32.13079282
  25.86031578  15.50919426  53.04955186  43.87305377  35.8227707
  92.09909131  43.17551776  50.70548433  45.78838037  33.20036846
  39.95127579 132.8745306   70.86211276  28.79267523  50.80645008
  59.24815947  25.19960378  21.22197505  17.61654413  70.4124412
  40.32241776  28.10052657  57.21465321  49.45594121  83.00599486
  28.24900154  26.4111295   67.9087525   37.48146768  40.93283657
  54.75104741  22.89252504  58.06956195  26.21617591  73.54114733
  26.11679317  27.22927625  28.51429591  35.51080183  46.08310021
 107.33818786  28.87221197  60.68525953  35.88405184  25.47066986
  37.02221418  29.29687278  37.99264401  50.25948468  49.37881879
  20.86912056  44.49776696  62.98901894  29.96626197  66.02399779
  32.09721665  36.78205791  26.57053792  30.42415985  44.37576849
  46.69690558  48.6497903   49.15573034  47.749791    57.19253869
  35.78354129  60.80356066  19.26527711  19.18155238  47.58371433
  19.85804857  27.34261287  37.46508007  22.42701489  23.37246292
  18.05930926  43.88547873  32.41196499  29.39779088  62.70077969
  34.86043583  13.43229027  18.98684782  31.14760249  30.57306118
  51.3267055   51.60338135  55.49736     63.44741056  35.40247666
  24.16503708  13.11817227  53.82075809  15.86742731  40.89393758
  22.7591431   45.26163862  42.07897564 121.40615478  39.16440757
  70.2894361   35.95134636  42.0329883  108.93874354  19.06088246
  35.01906998  61.17230431  36.96692782  81.32405319  38.98961597
  23.50424746  20.70378354  24.41887833  29.37159255  49.67700282
  31.39909746  19.51417944  35.80471706  23.01248699  43.8043688
  40.80172449  35.32804824  30.90144969  67.96881453  15.6778919
  45.80938538  24.43218149  23.77783467  33.48529794  41.31882469
  62.58560171  12.00538799  46.99960454  57.09143427  47.17875783
  18.81916109  39.18357768  42.6364778   26.14688233  41.5890028
  35.389523    49.55054649  33.49950249  52.47777942  38.21444521
  23.34286935  22.79228602  24.6946477   23.66831566  29.5118421
  24.21851192  40.66784398  63.17475315  25.41933916  37.51712187
  67.73358649  34.65812899  52.4257288   67.30179115  20.12601293
  63.08572734  68.16075408  12.04259538  62.5653217   47.63518712
  53.47517814  36.80289509  45.61832535  34.15523466  40.22814504
  23.56443389  41.21472236  22.79197006  31.88337841  40.78406397
  78.43688016  71.72503773  44.39920252  44.83682398  20.75904829
  76.17212044  24.00867177  82.65954408  25.38255468  29.84102283
  33.92908084  39.3354145   15.78783641  54.46721289  62.46963973
  19.63670468  42.55494911  26.59137809  35.83734932  24.01765293
  84.64270715  23.61152919  28.00213723  68.0546358   52.58050965
  60.18409373  21.57419902  57.40909311  22.19688672  16.33590728
  34.77432088  30.76506602  42.40290026  41.00346933  75.85810578
  50.90685561  31.80199201  67.77426267  81.29076982  21.93604924
  22.56665502  31.48700677  31.5659944   60.21158957  42.03650284
  19.17424567  21.39392726  49.79765293  24.08461096  37.96602996
  19.971404    60.73467022  20.29824947  76.0684811   55.38905233
  22.02215256  39.23202096  41.49942439  24.77120335  28.53415915
  35.74723253  69.33211075  44.46457321  49.19119967  36.26413089
  35.94699452  52.13337585  46.86687647  54.2710854   22.87717048
  27.26215429  83.69312017  22.2120879   33.04976567  57.87111802
  33.76686069  31.82827175  45.37104748  25.60511309  74.03168483
  38.42449625  72.60737804  27.49248537  51.74922962  60.98530068
  34.04283648  46.34383996  36.31711973  66.62745555  45.28695105
  33.03102669  23.49841053  22.41109667  21.45553308]
Test abnormal scores: [49.84970289 18.20194107 71.67634621 ... 78.83637362 53.50333959
 48.56056144]
