Logging output to: /home/guest/Thesis/MotionCLIP_experiment/results/finetune/lessNeg/anomaly_results_office.txt
Loaded embeddings:
Z_train_normal: (2723, 512)
Z_test_normal: (757, 512)
Z_test_abnormal: (52931, 512)
Normal classes in training: [29 30 31 34]
class 29: n=679
class 30: n=680
class 31: n=682
class 34: n=682

AUROC : 0.8342
PR-AUC: 0.9968
Threshold (95.0th percentile of train-normal scores): 25.0221

Confusion Matrix:
[[  199   558]
 [ 1652 51279]]

Classification Report:
              precision    recall  f1-score   support

      normal       0.11      0.26      0.15       757
    abnormal       0.99      0.97      0.98     52931

    accuracy                           0.96     53688
   macro avg       0.55      0.62      0.57     53688
weighted avg       0.98      0.96      0.97     53688

Train normal scores:  [24.95325417 18.34268423 22.79146453 ... 19.40732701 20.89939396
 21.85705725]
Test normal scores:   [ 59.56810425  23.34136567  21.04992939  40.84680347  32.24280789
  75.56545668  21.52482226  18.49746524  27.29093553  76.11636853
  16.07476448  35.83664063  35.74180457  49.73884916  47.28823964
  27.97081929  57.26021     16.57374873  13.45841114  99.96618331
  29.29556502  37.60183461  64.40539591 118.16400952  30.58941847
  81.96310409  32.30571649  27.73849896  13.35136746  30.72555375
  19.39989281  34.11169168  30.94989413  27.30315064  17.34922509
  32.22576288  20.31600191  26.04820355 100.61176012  14.21305295
  26.39403215  28.24800848  17.08876396  20.61056915  44.27987806
  23.92874121  40.45274068  18.26895821  20.7947935   62.53278208
  24.21448069  45.04364968  25.36149516  39.23264293  47.45859195
  27.39115503  29.39260888  26.41899887  41.72121751  34.62321416
  58.58030404  31.58216445  96.00317076  76.63776448  45.82014026
  21.68053972  44.19427684  30.44809381  25.16854349  16.19087882
  49.15372918  35.97897401  21.80876955  22.30102804  34.6277025
  33.08990398  77.98422491  18.71807908  11.96483444  47.89003946
  40.52372104  55.14048755  29.67325967  38.29759134  29.01883388
  64.24817165  32.16336196  51.32092023  34.40483036  24.10452613
  33.85119038  38.39940251  39.13042411  49.52072123  18.574456
  51.1576377   35.66017946  24.56885307  28.9576137   19.99702479
  16.51938208  21.65830532  22.33251818  21.99489558  37.52478756
  29.54483788  19.55162499  50.260371    37.83059014  29.48671757
  49.78263708  24.76930731  48.4795762  115.23287156  46.07262518
  49.20109698  20.58825206  22.07024584  22.23456148  45.34962154
  41.67540073  74.62892333  20.41674235  34.29736137  36.41819541
  56.74288582  36.02570921  18.58877404  50.79042349  51.70151761
  36.54591721  27.34695477  26.31780898  24.06121033  60.07060376
 138.93384787  48.53932838  27.58523835  27.07177543  15.25360193
  18.02192825  32.92265345  48.07647223  19.85268028  33.22522924
  33.78662579  20.09969174  67.3019147   23.24266523  48.30795583
  20.76833228  22.98068086  74.07094381  35.11399668  75.12300401
  25.83596399  17.84229656  81.1360371   58.49943331  17.40771079
  25.17153677  42.63709272  65.53714416  42.17017367  43.55940126
  35.16089478  45.52194499  42.26454422  50.17047863  42.59909057
  59.81836608  23.92566307  64.91531069  24.37478886  42.94702275
  42.73071398  35.24572924  18.77569104  59.17709472  26.20844867
  20.84482076  20.29452387  44.8658665   18.11814625  35.22838294
  29.04016752  46.73744677  56.99970252  77.41937111  30.7603638
  39.01473095  37.73211026  29.24558332  81.37176432  48.14083981
  23.82434799  30.83586018  17.7818819   24.03177658  38.92484464
  21.7545356   51.28606037  43.76094559  23.15414186  56.58081141
  43.09524335  23.23378166  15.21101257  37.67279486  13.10599712
  77.13229344  30.74292804  34.25135969  25.30275602  43.15207359
  59.37150465  36.19948278  20.28188528  52.64245925  19.31657489
  29.53753059  42.2750906   55.7226196   17.09392806  29.71689463
 116.93350399  37.77482792  24.84625454  27.77938539  30.75531034
  34.63221385  35.52155894  18.72713052  22.51096903  34.30731933
  48.0023933   18.66614007  29.88542538  18.90986645  23.54189008
  23.47026679  34.42110106  56.74378483  49.01010541  38.05028639
  26.82256626  32.8820765   76.91117929  13.2845774   48.78724737
  34.89545031  77.08403314  33.79182145  27.81763144  49.51185579
  33.66328275  22.86532369  60.39074861  36.17641971  24.7528741
  58.94954647  35.99025434  26.84387422  18.44123463  24.10394913
  25.6404145   33.84091287  44.48731877  30.91938652  29.06181146
  34.18151004  37.41885741  26.21455738  32.61573384  20.67033254
  74.9439263   32.63693297  47.92404621  15.96506359  20.08872748
  32.91859603  68.97473488  22.6752053   19.15565043  49.9620266
  55.58230686  29.5133371   50.27019306  26.60000606  52.92846586
  38.03087608  85.3580282   35.81793251  48.67802177  14.53489346
  20.85840909  34.10978841  51.90698932  37.4388211   39.22692805
  36.51255349  33.62565357  22.57893627  16.27074189  27.42396534
  29.3756376   12.59790249  45.90358116  33.83963763  67.98657226
  40.80615541  66.63084229  24.2798869   55.2168337  112.81747487
  49.57309649  52.23192862  22.48090902  21.90180318  30.83040033
  21.36023324  28.58647759  17.77973708  68.11559133  73.40448387
  37.86097531  17.09536695  46.09663951  44.4642523   69.90023878
  54.72823851  26.35729844  61.45852252  27.3976878   58.82976871
  24.23893303  33.91053586  18.31107482  67.16321749  31.9570675
 107.91107782  56.79405271  32.07525544  16.23781247  59.80412859
  43.28673888  70.55663051  36.553201    13.19634201  27.1841179
  51.34586125  31.31460907  35.42176015  41.12184938  21.66761025
  22.78336026  46.4623952   17.77051969  16.24908971  17.06926951
  40.87663816  23.62686074  66.74044798  26.38366788  21.49918748
  31.81527006  27.29531352  46.57858686  60.58115131  51.43493259
  74.90046528  67.52210594  69.41397912  50.85463409  41.07732691
  32.98011655  36.51201795  29.48844415  30.46673865  25.69613502
  19.97047133  56.22932822  51.82575825  68.19855276  32.20969503
  27.38290505  13.79013855  61.68637161  17.89276583  77.2403243
  62.65286154  65.9542023   83.41293669  25.63354913  63.77233142
  44.98047846  53.10499255  66.6340572   38.17201779  61.6072753
  18.36542573  16.77905755  25.76189288  21.57755102  44.92256596
  55.90385272  32.13929302  39.49379827  89.57691909  19.9058541
  38.22198766  30.38933157  17.95797106  11.61524822  20.08510644
  50.57027743  27.73425327  44.01010795  30.8080686   54.95861666
  50.4259183   25.5330808   63.11580579  36.3504753   34.69167226
  31.70102733  32.13080751  40.46122069  34.8108386   44.22604951
  38.05984962  22.72436228  77.07456461  21.16451963  49.69617989
  34.48719955  33.26643047  41.85999408  26.47885658  27.80227944
  27.41352665  21.51361933  17.63471707  31.45304138  31.97588696
  20.37554979  36.08576102  41.82561428  23.82154054  41.66448544
  47.43227962  13.49578483  38.28532836  23.19254154  23.30935938
  40.17434455  31.59658305  30.9236764   30.22142735  25.51524569
  53.9201929  119.26061654  29.54031782  73.50487805  13.25783945
  24.96945284  15.56805403  13.95634398  17.05587423  26.00601554
  37.46698963  57.35580222  52.82366592  38.77287676  45.91627705
  27.21163095  22.64171122  32.48963149  64.60067504  37.57429894
  12.27188907  65.77087176  61.40201692  37.05652894  42.56894672
  28.24535666  25.1435572   27.12096375  86.86124467  13.49840699
  70.95708298  24.65851546  20.7571005   24.64807385  23.77999524
  27.60475011  22.4470029   29.97351636  57.53045365  16.47984835
  27.66855449  39.16813938  23.36121337  54.00938749  36.965477
  47.88102951  49.58506316  36.04253264  46.24745895  25.10325759
  45.37059483  84.4857686   56.88248861  64.96112704  25.98059801
  43.73124169  43.81849909  37.16792666  42.26154309  30.31495034
  48.97147394  66.26916975  44.70109482  15.55221155  12.96290918
  29.58073618  34.36170494  70.04615698  81.57187678  21.9085422
  32.95573931  40.15856137  16.89371286  80.82828485  90.34909251
  18.52309613  56.09712847  55.74840362  31.97485095  34.53942012
  21.34584623  23.83678438  65.64188752  57.56006131  23.9102392
  25.86880916  63.68352147 103.21079809  36.82175043  40.35724215
  36.4040647   24.81606371  15.81467609  50.78877518  27.58761526
  22.94611184  37.19949706  75.11764836  21.4421649   24.56184303
  55.15694614  30.98466986  31.38856183  33.14752881  15.50942848
  41.44213486  54.82892087  55.73326531  31.55621759  63.76873305
  40.25339568  26.29008628  36.19254065  26.49749643  27.47105837
  36.89528033  28.61881186  63.71893535  44.20510116  39.88930372
  44.22060453  28.55896036  23.43751894  45.40077566  71.72537964
  57.27591494  21.26096202  26.98705385  71.12771665 110.31822212
  82.14124421  55.15493622  43.06830457  17.30720064  26.3919274
  31.09846758  52.70561329  88.7682424   38.30932273  26.96038995
  31.07314005  31.83777752  42.18729648  60.41626622  47.15485577
  48.74771456  16.0271838   68.72451023  15.49399843  77.90816939
  74.01914179  11.38850335  34.9749586   20.67387348  28.21155917
  20.56060836  21.28231528  46.03724947  27.77393217  24.95480214
  40.93589157  30.79809396  17.70059103  76.82331728  35.39845681
  36.41891045  14.99894619  19.58624943  43.74300335  38.02232578
  52.21000354  46.42704894  36.42903237  20.75555147  22.68549988
  65.80296662  32.59343947  22.94601753  39.49319708  17.4203558
  53.28528534  51.87709724  36.53228374  36.06726898  61.03493209
  35.66201653  20.45577314  49.16140578  34.57816068  48.00773618
  31.56472741  98.34017019 106.13948873  29.15922997  40.92049614
  15.17360604  42.00740902  50.05738658  67.57196906  43.7474856
  27.15574914  20.67726966  22.30035209  21.25317393  66.16370389
  42.29962601  21.25400478  37.98246788  31.8561831   50.68361761
  45.24562234  29.12738832  49.95247489  29.41641875  29.25668186
  50.95988943  56.2687989   63.08274568  68.34987812  25.55598625
  31.42824249  32.67699339  28.62812197  29.7264345   66.99900439
  40.52577985  63.32150723  58.65523629  74.66083699  26.82050189
  25.57850846  30.70374218  30.6881859   23.18772237  39.37521353
  39.47021408  30.36852804  39.84973698  22.14432875  72.62666803
  26.99531517  16.10837385  20.33652453  55.50761436  33.8193018
  39.26949042  19.35401619  73.62411627  23.34727925  13.90659087
  42.18225254  30.47769086  20.98246935  29.99190573  13.99974369
  19.71494659  25.70484969  76.98780976  56.04365671  29.1912296
  18.32600824  54.5599344   18.46566993  57.22802882  32.2030523
  52.95500521  24.64702415  23.18966986  16.58695382  79.45689981
  38.89466161  25.27085253  34.94827898  45.40141458  22.48600334
  21.03323382  39.55082033  56.83436344  34.48037549  14.70450102
  34.42574525  56.38481792  84.51347223  62.00653854  18.25075898
  35.31750963  26.7939527   28.60725124  20.09739255  53.63426485
  20.06378953  84.01628729  55.63194108  76.64305255  14.73334608
  19.66622193  71.32638212]
Test abnormal scores: [63.32477131 56.79368598 61.98278483 ... 94.54167351 46.87498095
 88.12983417]
