Logging output to: /home/guest/Thesis/MotionCLIP_experiment/results/finetune/lessNeg/anomaly_results_random5.txt
Loaded embeddings:
Z_train_normal: (2726, 512)
Z_test_normal: (759, 512)
Z_test_abnormal: (52926, 512)
Normal classes in training: [30 34 35 53]
class 30: n=680
class 34: n=682
class 35: n=682
class 53: n=682

AUROC : 0.7582
PR-AUC: 0.9945
Threshold (95.0th percentile of train-normal scores): 25.0340

Confusion Matrix:
[[  193   566]
 [ 2254 50672]]

Classification Report:
              precision    recall  f1-score   support

      normal       0.08      0.25      0.12       759
    abnormal       0.99      0.96      0.97     52926

    accuracy                           0.95     53685
   macro avg       0.53      0.61      0.55     53685
weighted avg       0.98      0.95      0.96     53685

Train normal scores:  [17.709347   25.07654532 23.80576226 ... 17.23920911 22.6133443
 24.18637804]
Test normal scores:   [ 26.85876521  54.95459774  44.30716357  24.41802969  21.08530936
  36.25202911  70.11252443  62.87478995  61.10077541  75.0918925
  21.11720582  26.97061298  36.34785703  57.19865466  50.41568783
  31.61037483  27.77555203  32.71761194  66.95049529  59.09913424
  78.96197415  23.23450801  89.903685    22.08842993  55.87479783
  62.01808776  26.16268175  37.51799983  30.94124751  72.06371747
  46.88081276  32.37356762  25.29054034  62.45221632  56.19565164
  42.41829877  20.52080927  27.78270425  20.16382919  70.55036817
  58.31307472  36.86493907  32.50629886  20.2644063   58.92304468
  38.19140401  31.32499714  43.45736346  66.20477988  74.50990353
  18.84460983  64.45264334  46.82595828  40.63115363  25.99657804
  23.16544795  21.84041952  75.78429919  19.86236269  39.24118611
  61.10985199  70.70213354  21.39443183  13.82642683  25.3898487
  31.04401126  30.9014558   19.6330035   15.93921487  31.68089112
  66.06534474  53.56687888  38.9834612   21.93572836  13.71130692
  26.36685433  23.70360026  22.46100474  28.92568667  37.95052787
 105.18171486  57.33000863  26.61615089  57.37693655  61.64393163
  60.74369927  48.60414674  40.07678449  20.43380262  24.76045206
  46.51927875  46.66147198  62.20759929  80.03261009  20.03844565
  68.0995054   19.18724667  80.2404472   91.06844115  35.62428127
  20.24446212  30.82566914  31.26723628  22.36088156  35.79252823
  34.36788035  37.85704717  39.65955542  22.61166189  71.18161219
  19.62455895  27.11217793  89.94577463  21.2716491   90.23631444
  64.44584806  18.13459585  71.68968121  64.25396488  42.25718305
  34.91133673  53.06703916  37.04990661  32.28832822  73.00906467
  56.3185295   26.24474763  80.75699229  50.65806611  19.78702584
  43.13873051  27.22894044  61.14409041  60.5849921   44.23129478
  23.61317344  37.53375032  31.77605541  17.29700515  65.93515481
  43.00166007  18.18610138  51.61274075  45.63549087  45.7863308
  28.55581301  31.32651     25.33860117  23.49684084  40.99750679
  54.44256873  26.02737644  45.42740503  36.92247531  25.27638797
  26.62070645  15.29844317  24.49753299  56.88089791  28.5828354
  34.21403987  39.44809183  29.79523823  62.57769358  60.23239096
 121.84189433  23.44962163  21.01353869  17.91466697  26.13365907
  40.5502735   22.48205698  91.35398984  54.44448461  62.07102096
  25.60489765 107.44448238  43.01541664  82.62359952  25.9056063
  36.1007074   18.74498541  38.11890194  47.18553159  31.18224045
  13.21564354  22.55612626  24.07594886  28.40134186  22.65437824
  40.12293539  24.09035953  32.90436662  33.58322233  75.12003943
  76.55938378  38.23254019  57.09908489  53.58261219  36.5206363
  25.39880834  26.47517211  41.37213934  20.95548635  51.53497155
  30.10237067  30.08891419  67.96379831  19.75671893  42.9724327
  25.90991488  22.4558091   54.66732261  33.98303084  35.16151026
  47.06213381  26.84277376  18.49462235  36.2474856   23.50579038
  68.54663414  68.47918069  74.10904068  27.45606661  29.18309083
  29.67797823  48.81048334  38.06561594  28.74632179  49.20720682
  85.69544248  39.74963436  29.60028045  80.29852301  24.16091585
  35.83256295  73.82499789  60.62670336  16.71438571  38.39613213
  28.39965324  12.1662134   39.43488152  29.98363095  27.76409775
  33.21634018  17.96955186  60.97741028  25.76504198  72.8881397
  19.6128443   47.30608393  49.21829255  33.40437361  14.46507562
  12.61476372  17.0854143   51.29213273  50.34903525  69.11917723
  84.48156544  27.63181085  18.89696264  83.85694772  48.26441298
  53.79702389  44.4632075   80.37047035  43.82066819  33.8973401
  35.71571025  48.05115707  57.94845948  24.44309003  43.4433263
  22.15333562  19.27875809  16.90585269  28.42996592  33.92411126
  44.94354472  27.64289251  30.21243972  35.63744521  34.38902628
  19.01182595  33.95421356  22.52470621  27.58850885  18.65023027
  72.45638237  18.72380462  55.82116899  45.48670973  28.38088857
  62.12891847  23.88411191  28.65323678  71.39252624  58.64667955
  28.58738393  22.3688673   24.95689069  32.25144741  75.45711062
  45.2811586   16.21250395  19.05014621  24.14808943  28.77430034
  47.66141085  94.35384061  81.03604246  64.42032179  19.70858893
  51.18951126  31.46913472  76.98995159  48.52429238  21.12114799
  27.15242958  18.49550306  14.88585394  26.66708687  24.5366578
  68.32373819  33.66027427  66.88594384  68.16613284  48.62445591
  68.14458946  16.26930355  20.35175405  27.40613799  40.24994991
  52.58024879  17.85861254  19.93578314  73.92269559  17.05964036
  37.17875241  81.51498899  49.33647305  65.08221752  20.2877934
 105.07682903  19.44830137  25.85074693  36.01685235  41.51228385
  34.24372304  23.96395811  51.76848736  26.92387152  78.40173592
  45.1921422   21.16775896  29.42393889  38.45633675  28.62534511
  26.87119717  24.62253387  41.49008641  27.71635603  45.09924709
  24.31206723  67.00734959  20.56107247  25.03529453  33.33834533
  57.26620472  32.17172443  83.29826013  37.93008163  44.27067159
  25.05009987  74.33739802  20.84521439  73.83572783  30.05997378
  40.91199064  26.77421616  25.1225137   53.41682044  45.26585355
  47.64329867  56.6074843   73.47059811  22.70218762  15.6491702
  47.17236729  21.84319678  79.70496596  43.2618117   23.34294404
  27.84277464  25.750179    27.8404104   37.43480135  28.28288504
  27.75891164  55.91641251  41.68416467  28.63385657  46.47741879
  28.43772798  18.17956379  20.3696026   43.73730645  18.90104474
  22.21977156  20.66727608  54.58569933  23.82994902  26.41426617
  37.80887078  27.53439764  24.16679198  45.56927682  54.622201
  10.50542731  34.61864977  35.65233432  32.82299601  22.74996393
  36.99505073  24.69502359  34.46729967  61.92249419  59.44902315
  20.16178146  38.87979469  62.66448388  53.47774247  48.09473985
  20.67185117  31.52919315  41.0703333   39.37774745  29.59964309
  99.35627315  28.04669785  45.96397487  34.74243291  24.46845927
  23.24295281  27.53642169  48.58649271  32.93770001  22.7021008
  11.90305292  67.94441945  84.1293986   47.560629    14.35544646
  35.85500666  84.84985195  16.83911111  25.35078519  50.22100453
  20.96405978  66.09433515  27.23087544  35.05457181  44.05575628
  26.29420556  26.90822087  51.81662033  18.55606761  33.13622587
  25.1581011   24.05462906  35.70836098  85.68080455  71.06362874
  53.41235172  56.88752989  43.25134802  24.92100851  68.28999358
  40.11847548  29.02078204  32.25115497  46.38620964  74.63831501
  19.00477408  29.30521703  30.27869976  57.91609251  21.6374531
  25.55992169  30.43835161  31.06784718  35.91651839  17.73440901
  34.90123849  15.82209801  38.51069703  22.48780387  24.15245461
  31.92082277  24.76280461  18.98843444  34.5971605   67.69555837
  25.93964837  19.20589121  44.05050197 116.81569552  27.51908543
  20.05001546  27.47851308  36.30081756  35.14947553  29.27265846
  58.55251436  20.66004161  34.6155395   18.44690449  91.85384399
  27.0879097   49.24877427  43.64463723  61.65280067  39.17854685
  22.76485532  13.10507     59.16835133  44.32409742  30.18643964
  33.53216582  27.64731608  19.01289333  28.48517676  23.49817045
  49.81117817  24.138929    28.51950461  14.85759762  16.8136063
  23.60290789  91.69640428  74.37326189  27.84975697  10.56548651
  78.35352466  15.66819748  31.95463807  43.10973553  41.51305974
  19.17208306  50.54482842  81.73040241  16.25503773  17.38080141
  72.31920879  27.02944896  26.60595759  39.08082748  92.98071674
  23.45079187  22.4157126   39.90117031  62.14275797  33.72619786
  47.7291386   18.17514891 102.25581846  45.27640089  37.68123536
  11.64057332  31.75941319  39.14966754  33.62725565  54.06507801
  35.6572945   27.61611179  42.34324877  20.80196951  43.99167314
  42.31438954  39.76135353  24.27972009  30.12155372  23.39407756
  70.34108125  32.75550353  26.66782228  19.14809745  38.97348397
  35.85494418  17.25730312  29.56724593  91.87479278  22.61684957
  41.26368387  28.0360893   14.98933551  42.06696513 101.70284384
  34.70229745  28.71734805  51.185976    48.00505275  44.42747299
  30.86606081  28.16450353  33.27493379  18.6608433   45.12259157
  19.91497931  18.34814674  31.10145204  69.64309711  40.04946514
  22.08477619  23.94551031  51.04093712  31.97201541  17.38203094
  21.57139091  19.29927196  22.64225618  41.4584138   32.84702394
  16.4835439   42.82016632  15.22457722  72.01273113  21.45701043
  32.03287203  78.48902962  22.59892328  24.61668795  48.15490687
  44.91439509  49.5406618   31.12228568  35.60352887  27.57319958
  26.28542629 101.62276912  48.42876468  43.86367091  65.74747559
  68.84513166  23.55494253  22.48432134  38.89947711  73.84638635
  38.59605113  31.40762592  39.94002337  35.58271061  20.14098256
  26.64927598  47.341707    16.62221229  20.97051941  57.39543256
  58.29879866  31.63641493  27.50857538  49.04258418  23.38717067
  79.92707643  16.23557875  55.79770119  54.65832725  29.605301
  42.26301416  29.30679873  26.63314472  16.63146219  32.15401034
  21.33550669  48.71319852  29.157942    42.35974068  58.07539913
  15.75859235  15.46026339  17.4688086   46.17711027  40.90565067
  18.3942651   30.62279289  82.41964246  19.98667398  25.07701807
  37.4027518   93.82560548  27.97311308  28.58343546  42.99059167
  27.11467753  35.28052282  43.64316846  27.43574106  52.14302698
  29.1845462   75.57525886  62.67927682  55.64986127  75.31540163
  38.79781057  26.77749558  38.94916105  30.77660894  30.87434448
  22.19471921  32.84812377  44.83607224  29.05213632  22.3971924
  96.60686008  58.94458146  27.40703463  39.67281046  29.17550382
  60.38468458  40.74845666  46.56064355  39.45819437  35.48491053
  34.9682693   66.30704805  28.55172027  15.80909782  53.36470237
  27.87769651  32.65371049  44.539285    17.54587893  19.46183118
  41.72058906  21.51360249  24.81926327  35.09637608  69.37119502
  62.16422803  41.76111277  30.16166885  78.105773    13.82394199
  27.32924647  26.37645466  34.6509785   27.93394355  21.21855081
  16.72116869  87.38857815  39.98513758  42.73623628  68.51433528
  29.19455575  40.93454257  27.54710935  42.38827397]
Test abnormal scores: [ 84.26907478  17.17019308  52.5251626  ... 106.71540183  64.45958018
  44.97894374]
