Logging output to: /home/guest/Thesis/MotionCLIP_experiment/results/finetune/lessNeg/anomaly_results_random9.txt
Loaded embeddings:
Z_train_normal: (2724, 512)
Z_test_normal: (756, 512)
Z_test_abnormal: (52932, 512)
Normal classes in training: [19 35 44 51]
class 19: n=679
class 35: n=682
class 44: n=682
class 51: n=681

AUROC : 0.7231
PR-AUC: 0.9939
Threshold (95.0th percentile of train-normal scores): 25.1106

Confusion Matrix:
[[  134   622]
 [ 2433 50499]]

Classification Report:
              precision    recall  f1-score   support

      normal       0.05      0.18      0.08       756
    abnormal       0.99      0.95      0.97     52932

    accuracy                           0.94     53688
   macro avg       0.52      0.57      0.53     53688
weighted avg       0.97      0.94      0.96     53688

Train normal scores:  [18.92630597 25.19809353 22.28296103 ... 22.19404309 25.34903663
 24.49390223]
Test normal scores:   [ 17.81125177  44.51319156  44.48473122  40.24660812  46.51412663
  57.01579603  31.70964285  39.45045377  41.95297773  31.82604128
  68.26855704  33.22204428  72.61940027  39.20742202  31.04283451
  36.40101566  29.6721313   80.71744453  41.97166105  44.94953301
  37.59948711  40.84154567  44.94445404  31.18810026  77.69597746
  47.52872744 108.26495894  18.93259767  30.33306064  48.16394168
  43.71251782  30.43647456  61.26508248  60.86491628  22.45004708
  70.65864543  36.76743977  18.11392455  37.76970485  40.01459502
  49.27278445  26.55946305  29.99413771  16.25098523  21.99778259
  46.20091248  43.36816848 103.82954896  38.72123726  36.09489078
  45.09476535  96.23475376  22.34426975  88.50740539  43.93929789
  38.44288404  77.21749317  66.31004168  45.41185953  49.48211275
  37.52518523  69.8481047   33.40919758  49.48513248  62.0556547
  26.17343206  21.0628663   26.69747157  50.43455556  31.63974
  40.25143197  73.29563538  49.66003401  74.14254878  31.95725525
  32.20727169  41.04029666  25.39056417  97.61673379  56.1336981
  21.25155679  62.0526304   18.23697318  31.71035838  19.40948012
  86.58882218  45.63535071  32.96061216  21.24584615  22.36589895
  34.36111278  26.51046668  42.2806302   74.85467409  26.80152139
  47.86485029  32.58657211  44.12330587  35.14926291  44.444202
 108.7240781  117.69302546  17.35934384  26.74803901  37.76684408
  23.67395086  17.79391079  69.53025441  64.80389375  44.77388863
  47.56187364  38.92126627  44.1669589   33.32123995  30.16015791
  43.43813411  19.25632072  34.03883475  44.85324871  25.85681032
  48.4852595   49.69852592  49.48538511  33.90830006  64.78262522
  44.59181538  28.8067781   56.10907724  28.57759897  34.57155985
  49.90483614  29.00955602  38.20699283  75.85286675  41.61169156
  50.77561692  33.2456128   62.68211763  20.95311822  21.82363225
  25.73502401  26.96433534  28.03777982  28.7829107   39.74541912
  45.74678025  18.0443613   27.04286296  76.97943245  35.51247705
  70.53076709  83.87777041  97.07332918  37.88542015  37.6046113
  46.67603588  65.42113852  32.50929883  41.997827    28.17749614
  83.34591028  59.9513655  108.09383401  21.37206244  69.13880274
  26.04924255  37.62203466  88.95012238  62.81158912  54.86352498
  28.79925131  36.04235199  27.08767109  28.25831674  18.90869893
  37.06563292  33.02720823  52.00390463  79.96253279  43.70174456
  41.11852637  29.31214147  44.30510583  26.74158323  21.47172748
  16.39131602  27.29738089  16.93328531  28.53660047  35.05367974
  41.1934282   35.39212619  32.46426295  49.81148193  14.6196091
  26.24332473 108.73750723  58.41232573  22.79152649  23.05731108
  16.49485667  24.06209204  49.39602094  26.71370873  18.39390811
  30.7194373   89.25574816  25.09921227 102.68224067  38.5618629
  55.01514287  40.21202609  29.87744229  55.14126348  34.64924813
  33.23767892  35.49854578  41.81862418  23.05087363  34.79492313
  18.54087458  49.49030136  40.34241947  78.31506368  51.45588083
  63.33694516  44.07496155  37.84259147  30.1375182   35.72981035
  29.94553407  15.18853725  56.4184231   21.34959946  85.43585062
  29.05001696  76.34178404  33.9593323   58.70309569  18.24366004
  42.65704195  41.43682947  81.03040479  40.02273305  72.54491974
  21.10238897  20.19238643  24.48574149  34.62130603  99.97253305
  44.0617168   24.49878883  24.41707749  33.92848902  48.14990223
  36.60868626  40.84690922  35.98690255  39.98903204  24.88464302
  57.74255542  38.49213711  53.90332385  34.47509084  67.1638654
  77.24819144  45.90703242  30.63169798  52.74127049  28.66126764
  38.73926322  48.09279713  31.80912041  34.42660176  62.49923666
  30.26193919  22.83600833  43.52791325  39.20049271  42.62725198
  74.20402378  38.94958449  25.13737824  60.12539031  52.16494852
 131.99354362  29.98999704  38.64864279  43.91030497  22.50792616
  41.77465993  63.58236205  53.4576122   21.55797947  25.80695414
  51.57784372  85.26383539  40.47332631  13.19935075  50.98553569
  29.98001084  21.99702928  29.22396142  21.6906557   42.24914117
  26.01310322  50.85596968  50.85719616  58.83302043  42.98629564
  21.94258635  24.24892204  50.42641405 191.61030344  27.1565553
  50.10585176  44.56633839  20.43486874  24.58570596  62.72273365
  87.08551207  21.93352514  27.66961171  65.06924423  25.13297428
  75.90470563  36.94629213  12.64694757  39.78275151  41.17887791
  27.60253349  30.98279338  39.56206157  32.78514168  82.14388354
  59.12735186  47.94986997  26.61219691  50.67682491  47.65928995
  47.84137192  25.41257715  81.73244818  32.34337212  32.49335599
  46.28677806  53.09613313  76.1229668   26.18844049  98.06226644
  57.0487404   22.34727849  30.67598064  28.46899266  23.79000556
  44.06755791  39.58526118  46.52159066  30.52717204  23.37183115
  21.33322522  34.91102036  60.67734063  54.18031777  17.94914716
  37.26352115  20.77147552  37.07113224  18.5686347   38.43355339
  25.92204095  52.02816641  18.86314057  72.39357787  60.65906092
  41.25392967  42.48814414  27.46927448  47.83477716  49.35016853
  27.98484961  81.77496468  33.78160287  21.54014072  47.06332919
  26.83413868  12.96894105 139.67214622  42.1599307   22.62411308
  21.58250812  25.36229648  35.0922369   62.89496157  40.48290957
  23.00646892  75.53033427  73.72497162  99.07220631  24.4712013
  24.59207361  45.15356427  37.49447284  31.36087782  32.08722597
  32.65659732  83.9568286   17.98142311  28.67859583  42.29500182
 102.68262847  23.69102244  44.63265411  33.46557252  20.58984137
  26.81558558  42.95636558  36.12849752  15.09832667  30.33175197
  48.68223929  51.43979798  44.46062264  51.98560599  38.0700607
  22.21941769 100.94417626  56.12274567  62.6075786   28.08988318
  25.57836828  31.41266623  23.40577626  47.17131086  46.57710866
  17.38243802  45.45603685  23.34641262  57.52084981  53.00317629
  28.56520087  43.90660597  32.47473484  92.3229519   20.41568239
  20.62342662  24.52477453  72.74437761  62.78573575  62.5602074
  67.19625074  36.07730183  26.66615179  93.71369482  41.07852249
  47.85828944 117.99409553  35.02441752  45.05244078  34.22083712
  74.55917984  48.76159512  69.1287204   31.75164433  97.22539903
  28.16202151  12.9281958   81.15939769  84.60118212  57.85014326
  36.6708799   31.60037597  46.68555237  73.97742581 103.60215376
  63.63464028  26.95443156  28.13898889  53.0949903   29.41310574
  31.84295995  44.41117731 100.31959863  20.31825812  26.33413931
  85.23769698  41.22430372  38.58658069  37.09387114  30.44264465
  39.76087     26.95293619  31.70900374 111.45758641  57.33892315
  41.89353615  27.68088404  56.97938508  38.16854615  36.29667659
 125.13481572  17.97801825  28.94786014  41.61389925  42.85451341
  66.99668327  34.09130546  23.06532574  47.95439261  17.79046723
  38.17960941  29.44417528  20.78530324  62.8877495   24.49128546
  38.69328322  53.95513762  48.317742    88.33757641  30.09943306
  38.52370763  36.62915964  99.87915467  25.3825801   44.45570746
  18.92132949  47.33267234  22.17420841  50.31452457  31.08875156
  27.4055724   51.37784386  71.50790573  46.32203853  44.39930122
  40.85208261  39.56053059  43.88896896  20.71859885  64.72742181
  32.02924164  20.47048722  24.27073674  71.08254813  49.90814612
  25.80638848  36.38688339  45.64320638  19.68505442  49.8318657
  44.48482661  31.90855044  27.12233707  25.2042716   44.33188011
  49.09488851  33.27826373  28.57816831  29.78204921  28.67772608
  19.31399203  26.45148421  36.23876702  49.2264218   34.318851
  70.60669764  35.57994392  25.61742589 143.44459124  25.63933175
  33.93931101  37.13922482  27.56273527  35.49381884  38.27250495
  57.66191246  22.77945808  16.3846358   43.32503983  21.7809891
  26.23967658  25.3310202   38.95505051  43.91463594  43.74209837
  37.85569077  30.70776423  39.90860092  42.01960541  62.76530502
  28.28907998  49.9587686   42.66316246  46.61414995  20.56007459
  56.37295153  25.49518014  28.3746015   39.92888918  86.52887307
  32.45851889  63.48411434  25.6159904   49.83135505  36.29134151
  25.30418675  37.45601114  27.46791047  29.23168064  36.2598118
  47.99178611  24.11664004  89.46330596  16.39884689  40.83374922
  27.62178541  33.93265933  57.9615268   51.48341868  31.10589297
  93.86990612  23.65195823  42.33977083  49.6303239   51.7658857
  32.30257841  22.25781659  54.0886939   47.51070887  49.01454331
  33.54969104  23.64276442  32.3024822   23.07229952  23.69159332
  39.4389105   24.73075299  24.61672755  22.97254695  26.24676954
  24.76334969  34.97571839  19.69706384  42.63722271  27.42200558
  58.98288814  18.37508938  22.64519895  36.31621117  31.33406898
  51.57111061  28.33785318  38.33106754  33.73101661  14.78991266
  97.1659772   28.57967787  24.14527344  20.98656674  22.08447697
  33.59143129  34.21336112  17.91996877  23.79333669  55.17272631
  60.25123174  36.54176497  89.53641315 114.45444525  21.38120088
  66.32548651  80.37371112  46.12565001  32.56875407  23.48669481
  44.40877196  19.39208365  64.00412127  37.39555028 118.39060474
  25.93843913  24.95040991  19.25663466  32.14647103  54.09127493
  42.03012702  27.07450233  17.64211244  34.24947994  21.40601197
  69.09151623  29.57451901  45.17450873  60.28236296  26.7400223
  36.89530136  17.15674658  27.73616422  75.99828965  19.69946349
  32.84711818  36.65186935  27.66580229  35.94387038  39.73034034
  28.97920022  34.06894831  43.65755202  36.73027317  68.13448125
  36.03904828  78.17275984  67.24460479  40.65692873 105.31120836
  40.4713314   54.66901365  32.86938708  21.07445986 148.069731
  83.96926326  46.29541289  43.59014991  33.63558827  18.86220909
  35.38669808  25.55680834  41.54837334  56.40540635  27.35843452
  40.25724032  54.92153765  21.91308888  40.17169296  37.84819649
 117.98124707  60.41213761  39.34355748  33.74463754  22.95514045
  43.11533086  65.89489583  27.69693691  28.31971857  21.45338922
  21.00844354 106.04337789  26.7749219   36.0477837   41.9191808
  30.56245499  30.05462761  29.458953    26.81850516  74.43475741
  34.62430664]
Test abnormal scores: [ 55.54524173  36.77866785  35.57527405 ... 101.29657045  82.90843471
  47.02405873]
