Logging output to: /home/guest/Thesis/MotionCLIP_experiment/results/finetune/lessNeg/anomaly_results_dropping.txt
Loaded embeddings:
Z_train_normal: (2715, 512)
Z_test_normal: (754, 512)
Z_test_abnormal: (52944, 512)
Normal classes in training: [ 6  7  9 10]
class 6: n=679
class 7: n=682
class 9: n=675
class 10: n=679

AUROC : 0.8065
PR-AUC: 0.9958
Threshold (95.0th percentile of train-normal scores): 25.0057

Confusion Matrix:
[[  167   587]
 [ 1364 51580]]

Classification Report:
              precision    recall  f1-score   support

      normal       0.11      0.22      0.15       754
    abnormal       0.99      0.97      0.98     52944

    accuracy                           0.96     53698
   macro avg       0.55      0.60      0.56     53698
weighted avg       0.98      0.96      0.97     53698

Train normal scores:  [23.75321696 23.14851543 16.49380085 ... 17.12852304 21.02459868
 16.51248438]
Test normal scores:   [ 23.25323652  21.14182769  74.25490176  35.95071795  27.75856442
  24.94856552  44.78461612  26.72127789  29.92419991  18.14044619
  66.59174749  23.57254279  68.74678876  60.65109539  30.35070206
  30.58380423  94.09186142  18.07130822  24.80625367  27.46471594
  49.13312093  49.25094351  80.89817862  72.28220624  20.03171788
  22.36925507  29.33725444  32.1627034   32.41172488  13.8282531
  28.09177371  49.29616945  41.04903594  90.88472537  22.54018407
  47.9746598   27.27207913  75.82722291  23.91377991  32.69247765
  46.44384951  25.35741736  34.17151255  22.75345023 106.04264001
  19.1857474   23.56390381  60.86074189  64.40323943  35.56650716
  42.72649496  77.59182572 169.05091448  30.05569114  35.90069336
  22.32946416  15.76143873  23.98007368  45.68666323  35.0308434
  28.98306995  49.56986921  15.29969827  93.51040314  28.37970979
  52.35124945  30.39088386  25.1386596   45.893776    24.50372857
  55.06006477  47.13050858  32.41939136  19.11334889  39.55569569
  90.83642028  27.98328337  83.92368241  48.49383038  46.97331362
  18.74362192  28.99242236  18.50833154  14.52900716  47.09117266
  45.12326371  16.88411677  28.22320956  44.71460588  34.55928934
  21.86597986  34.58001036  90.62448646 101.319561    28.30521345
  41.47616378  24.78876098  83.0871016   54.8987136   23.39648014
  28.20247643  18.29597801  35.5851274   34.91483445  18.98401146
  39.92387207  83.89587005  48.63376486  20.90362056  46.04532289
  92.79103973  55.68179858  19.09872382  45.23865235  77.94060706
  32.5529294   31.71455697  30.13063178  64.03383896  36.07817845
  32.78363414  38.85785213  25.46879542  17.38551634  29.69894301
  25.16370101  26.83898378  70.98172911  22.94865579  48.73562868
  42.24943202  20.04396873  48.0563712   21.90239748  39.71728215
  48.00371078  26.59058986  22.14932082  66.37847782  41.65401891
  24.66799541  22.55533136  25.27213275  57.56233704  99.53210211
  27.14407809  27.88265826  32.67679428  24.87387038  57.23841649
  33.68033197  34.39224614  38.76397973  44.4354332   33.73493168
  26.80774097  17.06935988  31.22075534  44.68078304  37.74726346
  50.08604261  21.02967422  26.49212454  32.33083578  18.67859539
  52.30930856 125.68071151  47.14557441  23.42226784  82.74404193
  70.41292335  27.55704566  90.87237118  75.71558602  19.13678688
  17.69620249  17.8704536   45.63054889  41.89458657  20.03727983
  59.62084637  13.5612417   24.18561112  20.94347957  49.1622466
  19.27543184  29.69426012  66.70366049  17.97150092  28.14773449
  26.20496793  32.42431706  35.04905064  57.449824    25.31344957
  34.09043466  66.46034026  30.65231447  22.85451386  16.86142323
  40.20314225  51.33931837  27.66606892 114.50266365  14.34234129
  89.18320649  17.119799    46.30474505  69.3986992   50.82380059
  25.37374398  54.46994366  28.20552575  28.60998874  99.48412036
  63.40661781  38.9165598   32.48121773  59.8080821   62.44120427
  22.53309592  30.28447137  59.05996589  29.7231531   26.89340514
  37.4582073   20.67120608  32.90702512  43.28726802  20.47252991
  36.30735022  42.91021174  25.045075    31.82187325  24.29534329
  40.58755714  24.71173291  28.30298034  33.33534416  39.62295459
  19.99714324  25.14582188  52.95513597  67.77596247  20.86360123
  30.88409328  46.0917731   54.62860688  16.90995846  26.88456792
  32.75222772  31.12431482  51.62402655  38.63087549  72.05439075
  21.37269181  23.2572687   63.04892048  22.62803711  41.0865739
  30.34611228  67.65183159  17.12727542  29.43700683  71.09512422
  23.37193167  33.24684268  19.96663891  19.94475606  42.50269516
  65.97148127  39.56894718  34.91899871  23.74010081  22.32990707
  28.02204184  59.95718623  78.04495248  37.32273893  92.26833128
  43.43358834  36.73027775  25.84592945  91.89114214  70.44489838
  89.05378441  44.47041164  34.65940807 140.53934173  40.03479035
  47.91910664  20.79010753  25.40322836  36.07964035  43.57287939
  25.37209063  75.42569188  23.95256074  51.26591952  16.01666151
  25.35456666  50.84293761  38.84272153  27.36190325  19.88844378
  93.17683053  22.12020591  35.72312754  83.711615    59.07542407
  68.6579487   27.00926372  25.56221085  41.37413032  45.58401077
  78.62021428  16.8441598   20.29971616  27.69407995  48.8821539
  55.8699633   20.93818477  49.60056131  52.04945141  61.81971855
  33.58986987  43.68103523  31.13373066  54.25728852  98.82424003
  23.01831687  27.95696282  24.0342559   31.31738854  54.31071647
  59.05192291  27.22420073  25.21896284  37.43137353  25.92593505
  26.4995595   39.60253847  63.47907044  37.75518663  40.78652431
  39.57520784  27.69374556  72.74909176  28.84251792 114.66909322
  39.75637948  99.6768565   76.82214724  23.46353334  29.25677885
  38.66267192  31.50770541  27.40136445  34.55030297  33.32785958
  40.70537661  16.91709123  36.39901557  52.4722611   29.42343689
  31.01470733  28.48421808  31.90320263  22.02764433  59.17623463
  27.79556921  30.48939202  94.6413273  159.96951767  69.47565483
  94.85155543  33.48802327  30.07226949  65.71145255  54.57176152
  47.48057441  28.28475589  31.44241282  41.0115962   53.51599336
  78.66517255  43.34828877  72.76214318  82.51019722  40.31946558
  82.3820976   83.25130128  26.296667    73.88420537  44.07257388
  32.98542016  82.62433661  61.11121947  67.19750362  97.05165173
  21.82411616 117.09046709  33.68130981  63.37094518  20.32948426
  24.82817013  28.98611126  24.32084926 104.43275519  38.43459626
  86.22518778  34.78080121  20.62607342  99.4666314   34.97601189
  30.91260956  27.11235654  57.46991904  29.75309742  23.74602272
  29.92206948  38.94988344  46.64287327  29.44520354  18.68932819
  29.62293614  53.11373795  31.5825149   19.79011435  62.53284864
  21.98300447  17.80563806  20.41373009  79.41074423  45.25378077
  28.66323415  27.12078889  15.34082882  76.13714107  43.69369354
  26.07358005  29.36404446  26.85323805  40.92670515  16.3534913
  18.02868332  19.22344616  16.10311869  36.85628199  29.28429558
  51.1724978   75.90883083  32.50039258  49.16389208  52.06863086
  23.32904298  32.06630781  28.84824626  59.36869816  28.12613597
  44.19730047  28.77555046  23.03259672  22.73068613  17.73114898
  27.0293503   44.75121992  39.92365849  29.77888343  43.04199536
  18.64145383  55.03809864  56.4416551   29.32420939  19.2896997
  27.8017545   24.61637167  26.77373379  87.21553812  53.15475638
  24.94344002  36.92428462  27.55107723  41.28397584  64.15568682
  43.11957745  63.34771128  24.23351067  23.93446241  24.77677312
  46.31312478  50.17324481  47.88786197  25.91868116  45.46623947
  23.81169817  23.48411641  47.495892    25.33952499  15.73276522
  71.74645084  22.4329248   37.29067834  43.01206985  51.82327685
  25.84285916  44.22564857  57.91017277  38.0272236   89.54705777
  32.79209984  34.08526326  50.25105649  40.04350497  18.87141654
  46.7514026   30.55375911  56.69450692  31.06815355  14.35800046
  71.70145722  78.61251088  15.04659427  43.7179001  150.53628546
  41.42478666  29.13183823  29.58188604  23.65999377  55.65782367
  50.63639236  28.29070322  21.77320056  17.35324947  36.32636032
  34.1731553   17.61799828  72.96549348  45.74595576  37.06859776
  48.97984266  27.39813395  71.54763061  33.0947258   16.30937748
  40.93939914  38.63199118  54.35888848  80.13436055  61.8262619
  71.46151858  69.44073488  36.43565372  50.5168293   20.29276073
  27.545284    68.88040695  25.34122935 112.12202024  36.55446936
  15.59312114  55.38223809 114.90859993  68.66196921  32.88251096
  48.81907762  42.3570339   40.90055388  22.07104793  12.22139902
  22.19704597  36.10196304  17.87284673  39.00130852  28.2143477
  24.67874499  19.76730491  38.40605215  28.83168722  19.11199429
  56.65963992  30.30826111  34.06074134  37.96999765  66.38837097
  71.2980376   55.56538306  36.77943931  33.63176304  28.81795734
 133.98239876  27.78692542  33.50497381  34.74025065  47.33561224
  39.30535983  83.53190168  63.55396561 105.40966584  59.48456911
  33.9082548   29.34859203  65.14253544  65.58209639  96.58415926
  29.45705377  34.04187887  38.50859334  16.07142992  34.87340218
  28.05508788  42.82340612  38.83142911  23.71332666  27.95240143
 107.65570201  44.05101028  25.97521344  13.68396621  69.5740326
  27.68522795  61.15825133  29.31878516 102.08054849  38.95062679
  20.27551922  86.95372142  30.59309602 113.58454083  98.59176574
  28.40201787  35.89636614  22.60470842  21.48598297  25.42274025
  19.00588511  19.29667398  26.69318153  22.6224635   21.57837171
  24.41188209  54.52666067  36.63305699  34.6640493   46.03302213
  55.20220218  25.03616825  21.86090769  45.90393455  23.37340064
  34.69090865  24.2271246   23.81075528  61.15051092  46.49174269
  35.3962151   34.89883955  43.22980812  62.6824803   36.51266085
  37.88250288  69.91657838  63.11407028  37.56257355 105.47470218
  54.0255599   19.50246348  13.69951552  46.65556215  41.46383426
  55.56607578  58.19733862  90.91905999  14.49943551  25.14133963
  39.72160097  24.24263988  19.85555621  26.81679114  46.51803779
  41.30241774  93.34626716  15.53052491  14.24210527  36.45681276
  68.65276052  23.22810432  70.82588486  40.01064127  34.83410606
  34.35149329  28.66690989  30.8990639   38.39196008  71.1053139
  29.47764331  99.26329558  26.64292012  49.47525911  49.64319347
  38.35824689  49.16357495  48.3164649   28.14595388  32.16984793
  61.72359161  52.81665769  27.44343206  75.35437959  38.7454793
  68.51837815  20.91042806  25.32486773  18.96699225  97.39352048
  48.27589494  19.75669566  46.37324743  26.82456729 108.69249404
  13.74164861  17.15852308  25.21253435  70.44821711  45.09490175
  17.91171897  44.20047314  40.0203747   32.46394982  52.21824198
  44.39315159  39.60117532  31.44434312  19.50057903  26.08216158
  32.41612404  31.2018605   83.07427835  43.5199591   23.22053761
  30.97913687  28.57452645  60.44839208  48.10413062  78.88985222
  33.22253562  23.08910931 105.47145301  28.3629337   35.05400826
  63.35720055  59.53997147  56.57800697  30.38509741]
Test abnormal scores: [ 68.94872028  90.16227717  92.6963654  ... 118.30891648  45.15061839
 138.20164529]
