Logging output to: /home/guest/Thesis/MotionCLIP_experiment/results/finetune/fullContras/anomaly_results_dropping.txt
Loaded embeddings:
Z_train_normal: (3017, 512)
Z_test_normal: (754, 512)
Z_test_abnormal: (10591, 512)
Normal classes in training: [ 6  7  9 10]
class 6: n=755
class 7: n=758
class 9: n=750
class 10: n=754

AUROC : 0.8063
PR-AUC: 0.9776
Threshold (95.0th percentile of train-normal scores): 26.6292

Confusion Matrix:
[[  181   573]
 [  145 10446]]

Classification Report:
              precision    recall  f1-score   support

      normal       0.56      0.24      0.34       754
    abnormal       0.95      0.99      0.97     10591

    accuracy                           0.94     11345
   macro avg       0.75      0.61      0.65     11345
weighted avg       0.92      0.94      0.92     11345

Train normal scores:  [21.51085214 20.13476477 18.54433318 ... 17.11145124 19.38350014
 27.23429173]
Test normal scores:   [ 24.24438172  35.13682788  24.30635408 106.67550993  51.49250848
  34.84303771  23.72607858  14.92416999  23.22890306  54.3372959
  23.61296902  44.81354647  55.19432383  51.20696381  70.46146579
  64.9019824   67.30559341  48.93021202  23.5478973   47.73197614
  28.3590447   41.38832561  48.87534457  70.13804667  27.05107646
  54.91110098  48.30393502  32.40795597  16.90669585  39.0624179
  30.8497603   16.92217521  52.33309529 143.08847912  42.01046924
  29.95423887 107.10626669  91.45614673  25.24592687 106.45120388
  22.95851698  33.0156066   91.28688755  42.70145974  25.67446582
  90.83202774  25.28823965  19.65751784  83.79235328 102.42304731
  21.50007507  60.58505286 115.45486298  45.35306963  43.08987218
  57.91430714  95.00306262  32.79557781  58.3092011   26.63681308
  70.88823894  46.01341147  32.96086513  39.6574625   29.28826323
  43.70958602  40.4272672   82.47732801  41.01451079  63.02427489
 104.09842649  21.08479377  72.2909139   26.56555476  18.50389148
  23.38153932  46.67147705  77.22427276  74.80076976  27.46716588
  20.50765422  58.95674288  65.75931015  23.15353615  54.89793649
  78.40280318  49.97720813  33.99225876  36.56541681  24.96070811
  45.68681203 114.07724155  46.95774073  93.16045344  25.52777717
  35.77848109  47.10680453  24.31217039  25.25446822  97.18261129
  21.11100637 112.34746088  18.64174339  25.09334036  35.97615363
  38.20600424  22.6745169   63.54620884  96.84378276  22.28918717
  35.36326442  54.69457861  20.04871865  53.6061617   26.03769665
  52.27001718  43.15759239  16.22015423  25.46406853  43.33350031
  52.00116825  68.21416441  36.10455982 107.27992824  97.1409534
  34.72181466  49.29463526  29.97393938  46.00468387  74.64541096
 120.95683549  54.10518808  65.69719568  24.0685508   85.79614026
  26.07843137  25.65797192 109.50483986  42.1852837   55.66432143
  35.57622542  23.47379418  51.51391817  18.97728126  89.78830756
  97.54664938  19.13411622  41.32879771  63.5973723  112.90544644
  55.19690952  53.88314418  51.35805596  16.76725459  28.77571449
  54.19219091  53.67516646  21.92605782  37.86417972  17.29571339
  26.22317218  38.61932541  34.24714414  18.88354898 101.06508754
  91.83377669  87.52730575  36.03524238  36.78432391  58.9529293
 105.59301409  35.57021533  42.95037608  28.68603413  39.20263832
  43.43150281  48.55316776  26.31966599  30.29381565  18.90700235
  50.62979489  55.62456056  30.3190583   61.00780852  30.98850421
  35.33753777  45.91263342  44.90347987  55.58627804  44.13458873
  23.0056801  103.72460844  87.63830974  39.52115439  27.26369452
  93.43483009  46.04519682  28.0463111   79.00621475  26.28204085
  38.58173638  43.76680624  20.48264676  58.04468952  60.9633061
  57.35760707  52.81940662  20.21274978  18.57947464  41.15195122
  25.40060733  31.45750919 118.20404237  48.51543206  45.85540391
  51.1293595   92.84481933  20.47449659  47.68482576  98.26907948
  40.52233395  29.63817648  21.12226957  31.59847703  49.51653333
 120.59045122  22.73910288  25.3088041   19.14588353  54.39517551
  92.23344117  35.33645423  47.56520533  60.79630215  67.46752269
  28.64972835 119.19590621  33.52102587  64.99363846  28.8339199
  45.52623319  99.20260522  44.09633925  40.97723994  22.48093679
  47.11006444  30.03840983  39.43334546  56.38191483  23.27378304
  19.0228019   39.6640978   76.65887497  27.89064774  54.178365
  38.92857129  40.48619035 139.43307969  27.45585831  20.60751652
  44.82096111  71.09788306  47.62491482  31.5595389   68.9971262
  14.65969968  76.16151951  42.34096795  28.38279384  58.61800586
  59.55310046  25.90033251 122.33504577  34.9456646   32.58955516
  30.02599779  25.00143693  57.7313547   25.8124149   32.77125198
  37.25542621  23.24624617  36.89938797  27.83221291  56.2734135
  30.24155349  64.58207059  48.86653436  24.76620986  20.92992211
  15.26252027  29.95206358  48.47891867  26.23477002  23.98862869
  37.36880923  70.33015618  24.86150208  77.2525308   31.11261746
  72.09775391  28.76905477  22.51194564  17.19833535  95.33390498
  41.21166288  21.17659294  36.60399646  12.83432737  20.89895267
  29.53471233  47.21126433  35.39014726  16.04652275  20.46704129
  21.21569517  56.22172918 118.36589228  18.74311928  20.54085314
  41.51327388  60.9901885   47.15347771  27.0665967   21.66601601
  32.48795928  39.15714593  32.1225412   36.55264621  47.93936694
  70.61429209 121.47292389  19.56970074  23.75649701  47.47486418
  27.34776029  50.2366142   17.59095909  32.05186841  38.126844
  79.41163369  17.96222765  38.85390051 106.5747375   20.30864852
  21.93976838  46.04976485  99.14517462  40.00544654  57.30153185
  26.26117397  69.68206314  27.87531333 101.36514112  32.07203589
  19.87642321  58.24424818  66.04059826 121.81165486  37.96708574
  50.01274976 126.88303533  41.21858456  52.88213255  31.05153414
  28.8409694   95.21821473  36.73881264  21.8228905   27.55699565
  42.89824032  26.18283696  66.72712722  36.02827159  28.48980355
  28.80183606  36.09518233  57.78560456 153.07832557  83.65659943
  22.0481886   64.57855263 131.59812517 111.77847003  30.83745963
  58.93498921  35.74217598  25.0991914   29.3592354   41.60498405
  42.90394828  64.92006366  97.19813086  43.0735625   21.90722676
 123.2308138   27.69352091  40.88218827  55.23925663  61.39362363
  66.90621165  40.26194567  45.44324432  57.23535476  37.14517977
  28.49209875  44.69172242  31.46438583  83.81767868  31.02005439
  39.39781537 100.83794787  28.28884027  29.03347623  55.91934443
  29.75988666  95.17889377  28.07224148  44.22820399  36.83769814
  20.9443369   26.50904147 111.83841762  40.16257781  59.66648118
  38.88351604  20.88812631  99.64596303  45.55592435  32.83199247
  19.89986287  94.40960777  86.89040133  48.27072842  31.23624328
  32.47336794  47.14035132  39.59404166  92.93068088  34.4069788
  34.77391903  63.05532601  52.3615423   29.96924075  33.24803051
  30.66166948  23.5533168   15.42997946  70.33156417  49.89526262
  64.96960165  45.15948542  73.87916079  23.43349145  58.25737632
  31.30544566  24.47989838  22.39486053  19.11071145  37.8161124
  18.07409437  66.50967247  61.62308389  23.22935133 136.71537259
  26.97536651  39.40548413  20.55976138  29.59519609  58.19590361
  70.54586464  17.12112294  27.19181009  21.65600475  26.4208464
  19.42563593  35.75245637  46.23972147  34.09227571  40.55497564
  47.4241542   55.21864558  90.88057369  85.1333358   53.60657228
  60.21268037  45.56185734  28.42499977  74.07815766  18.59923441
  46.86019142  45.38137317  34.65824426  30.67983257  22.13688778
  50.64118736  28.89526438  54.19845352  26.73243151  40.09531943
  22.45002639  24.926535    61.44408755 108.17957586  31.9081906
 116.99719138  32.16115033 103.74724857  53.14491168  47.53105672
  31.39403898  31.61497849  25.59417682 100.95238859  36.68269872
  22.77246015  64.88569314  81.48902733  62.66978243  63.06456286
  24.07347915  94.82113811  66.40199735  23.43366502  21.04568597
  47.65334667  56.5273007   41.70578062  51.88925351  52.70829743
  76.63102497  74.85657609  19.05988087  40.91076081  40.31018348
  43.27924966  42.86484254  41.71010346  23.24269734  15.93109482
  77.15853842  59.80167741  17.56049557  82.76560307 138.87392651
  37.29296081  33.59026668 122.87879014  52.79837897  12.96787327
  24.6981636   41.49988365  56.55609564  32.18446816  27.52521599
  17.83674494  60.53375118  36.4823631   39.34671963  28.51849848
  50.99186961  27.4160006  109.14232012  40.00952748 123.57220634
  54.61733433  41.94228059  29.35083525  90.92679283  29.69369995
  31.26786533  67.58141579  20.47228226 103.11848688  44.78895089
  91.67755199  49.42257996  29.40510542  30.2152269   89.93021805
  57.32334715  37.61032834  22.86520374  55.29679379  23.00629876
  56.43499279  30.75587107  98.71423063  36.00568585  21.76386156
  43.41170348  35.6158338   40.38395484  19.22428852  45.79942702
  75.44957343  45.29494693  83.02515113  39.88782437  75.68230825
  40.35611785  68.83250468  22.42305464  23.62179034  19.69755471
  46.64537538  27.86326806  76.4948756  124.9129049   32.03033644
  77.46146987  41.19049783  37.76361209  65.44050127  35.26991799
  41.68073671  38.92054762  23.95922949  26.26743484  28.79903161
  67.0468584   34.22191661  34.71781806  28.18469388  36.02704405
  40.0712976   33.47969008  52.96063107  25.97951962 117.29619577
  53.25648055  38.60127716  41.72596216  35.21622233  39.19431632
  31.86065653  39.78060383  18.07657355  40.39613402  14.31713252
  17.01122439  38.88744632  18.71096621  25.28224797  68.02853356
  20.15587569  87.57159942  50.02576376  26.11981435  30.57914916
  23.55732945  21.44463291 142.99635335  25.88342184  28.78173527
  26.67256126  65.50335393  35.9896817   35.5437176   66.29739081
  90.46133952  18.46142407  25.57003778  49.36837198  56.09466191
  18.60057551  45.41782461  40.74058677  29.55405561  40.25960031
  26.12075994  76.4435133   50.46485623  39.59721872  41.46034261
  46.81034219  38.52733388  24.77413349  31.93523753  33.04246373
  72.59873559  42.93455608  25.11512406  48.64010249  41.8946362
  39.90626355  54.49579521  19.14644202  32.52323838  57.83768363
  22.44557969  77.41422665  17.98180594 112.6805984   34.70537289
 158.17834785  22.94394351  22.13864595  16.15080692  32.94482666
  18.8461581   94.10721919  24.33421862  35.86422849  22.17537759
  41.61419852  59.55528391  34.25052259  27.84786731  25.83307133
  17.96361671  18.91725227  22.59236111  48.14493962  60.35812073
  87.381215    19.2378452   43.13794099  25.6012855   36.04779781
  15.76806028  55.3919635   35.06867016  22.87309886  82.8608988
  14.64163719 103.55051669  20.44559176  28.11630552  37.09547248
  85.17226521  21.35257074  23.28135012  44.14869663  57.3077363
  43.61288381  51.64329642  22.86804508  37.93111272 139.94965283
  50.49906047  67.53267287  31.13377396  25.95079057  33.80255603
  63.34134201  17.76361561  71.59126862  86.46482711  31.54401185
  53.35503908  43.09773583 110.20791906  33.77741594]
Test abnormal scores: [ 59.3913913   78.31536072 156.5589408  ... 136.46926233  85.39460784
 152.84026388]
