Logging output to: /home/guest/Thesis/MotionCLIP_experiment/results/finetune/fullContras/anomaly_results_random6.txt
Loaded embeddings:
Z_train_normal: (3017, 512)
Z_test_normal: (754, 512)
Z_test_abnormal: (10591, 512)
Normal classes in training: [ 3 20 22 25]
class 3: n=752
class 20: n=754
class 22: n=754
class 25: n=757

AUROC : 0.8232
PR-AUC: 0.9816
Threshold (95.0th percentile of train-normal scores): 26.6429

Confusion Matrix:
[[  168   586]
 [  228 10363]]

Classification Report:
              precision    recall  f1-score   support

      normal       0.42      0.22      0.29       754
    abnormal       0.95      0.98      0.96     10591

    accuracy                           0.93     11345
   macro avg       0.69      0.60      0.63     11345
weighted avg       0.91      0.93      0.92     11345

Train normal scores:  [22.16856434 19.11473822 26.98529334 ... 21.26089362 26.53533208
 23.86094196]
Test normal scores:   [ 65.39420245  30.15542528  42.86577146  56.31379671  53.33382034
  47.3145437   60.0636421   22.86468947  76.25959007  26.19343376
  36.36550663  40.71665648  45.82634391  89.90799734  17.87825654
  43.94465895  24.71270733  93.84007722  27.80162858  27.39207881
  96.60735407  60.66353105  16.11076775  16.98244242  53.12763654
  18.77198041  71.55274265  35.74713901  35.94437484  19.88238097
  29.04789499  36.25005652  19.95160847  31.10724402  72.58723111
  74.20103769  90.04316852  28.23396667  39.86231282  58.52627396
  51.72439169  43.84979358  17.31159363  32.34419647  33.02645272
  42.43865092  25.38546104  75.69978184  86.33960708  42.25730399
  39.72068441  30.00324763 111.51216973  33.47562503  22.67625318
  45.45966561  37.94609752  74.21094314  53.56965052  25.52648054
  21.76536172  74.5108401   96.52156797  87.2138136   15.96006347
  44.45130574  46.45315266  33.08097876  48.27285421  63.55007011
  27.51072009  62.96125719  52.352258   133.98743069  71.29911156
  19.840253    47.81025477  35.81867169  36.02626328  31.7938592
  46.03865145  53.05615788  53.14486821  65.40302524  17.81318118
  24.07906726  70.5122322   39.53629528  26.93019231  36.77170993
  21.8259961   28.79482974  24.61655689  24.40765761  26.90382518
  29.38518303  25.58369899  31.98848685  57.68481175  32.88917132
  63.91133237  40.59736052  17.12873217  31.93898085  34.15166398
  65.99877735  35.93774305  34.44419533  35.14078209  55.25312932
  33.68675646  94.66223427  72.75833053  29.14178395  23.17910647
  73.43396547  58.12785372  62.01446802 102.04265048  50.2041685
  52.49418147  47.3755141   24.74591747  27.29788392  40.3913785
  32.54033361  59.53278927  59.25053954  31.24619471  28.15008794
  68.8118709   64.34012978  22.83603927  21.79783626  16.8771362
  32.96180203  33.83246846  86.35501825  21.64572995  11.67735968
  48.11347762  25.95949934  48.27122691  37.25875474  16.3420615
  26.31107628 164.47939663  49.16711656  31.83301659  72.94836693
  36.9067703   28.41627891  60.58252075  82.88197427  27.30404449
  34.63135488  40.31951824  31.83077914  18.28258968  31.68317728
  52.29366671  42.65799608  67.88308363  55.52360788  37.71917331
  21.34757736  34.83254986  36.94314689  55.70058024  38.96174383
  19.67246445  59.19102244  45.60929077  91.81249533  20.48371558
  61.40254233  79.05981824  27.49264101  22.52176542  25.05366966
  28.44920255  20.88276039  34.69876459  14.02699075  67.94005716
  25.52445225  47.86868594  14.45066999  60.45137195 139.86348587
  90.70590055  29.16284269  38.73594321  64.62775754  34.10753608
  58.21542457  41.03832758  21.11398623  30.27011846  32.63299403
  34.40022179  39.85153179  19.8105475   45.1754409   76.81223516
  16.00681266  43.16578836  59.36779232  48.48114812  29.41940272
  47.82477544  68.7737796   38.17488317  21.84422325 126.26581776
  36.76506123  48.40354355  29.50253452  32.32363993  19.48994009
  34.4133393   28.73793933  68.29126721  24.41377627  30.13659621
  24.69543732  56.18334591  25.20528409  67.22971125  23.28300555
  29.81845741  37.51396084  36.39166535  27.53039816  50.86240452
  57.00875306  33.48893317  34.9070921   24.42362991  22.48308216
  39.58339195  14.4906266   28.46115127  24.10424088  53.47281062
  72.88638855  63.39092844  34.3458409   75.92489499  18.92504753
  24.51019645  52.30454907  29.2883705   57.50635631  61.87700084
  21.97523026  37.27186117  41.39284759  31.28195664  48.47046411
  46.7039771   24.76414401  25.66742259  50.8593062   58.50271143
  57.74123309  32.38900174  19.66275129  83.23040985  46.66782232
  29.26527171  24.46708683  83.40957841  62.43033582  49.46437272
  19.82718217  41.50825705  26.75853233  73.47281559  20.01462535
  24.76499958  14.99302179  37.61511738  68.20517356 103.25087358
  60.74646722  47.85806813  51.05120569  33.72302409  97.60453727
  35.4340395   19.67712745  36.80247927  81.38761644  90.518027
  25.3030012  100.7623738   67.6727445   20.07077942  30.25545534
  35.59459382  37.57153541  32.46377267  36.9409207   28.12292101
 117.26895807  43.33611777 110.1917249   64.04004932  76.68145699
  75.25006316  36.42672492  55.3611248   42.94964513  19.35017653
  34.11257158  16.08216323  35.35525423  38.08187776  74.19769912
  30.33095815  29.30791255  65.59251586  41.86798332 101.25430561
  50.75815117  25.26794679  40.43300707  36.9871149   19.39287333
  29.3664377   39.89741477  64.12308999  22.76610134  41.23808562
  81.26339776  20.56001768  41.01321586  20.35639662  23.33164815
 161.22748834  29.56321828  91.90107991  33.76878527  28.71537505
  41.18923091  19.45114504  54.32014201 112.94480532  58.3616441
 119.77698857  29.45898538 119.62015519  55.86257183 135.89613963
  41.58041428  38.14452987  30.7623904   47.05248299  52.49552419
  23.61651115  35.84362839  27.99952883  62.93310709  26.12214219
  31.40835398 107.34834168  26.3874463   33.69306122  39.54233711
  28.96466707  98.42930807  63.44152396  46.04746572  48.6123214
  98.27647471  39.46894836  15.0875166   55.04937796  70.4115384
  20.1653955   85.552699    45.64012422  40.51787723  71.82738995
  78.37734378  57.49123551  50.33024555  53.85294786  42.41682698
  62.47483925  37.84564156  56.06314473  27.08106329  21.34514218
  28.54746538  38.01824125  32.80415398  51.62071626  45.34670683
  19.94189759  26.22876886  36.68710185  40.6816453   21.7286915
  43.3601952   31.29592156  32.74003124  57.55493914  26.79806076
  65.39593734  82.5803168   90.39398685  39.2914766   27.39485625
  72.50973839  46.15572659  45.11104889  77.50148715  87.2492777
  37.27887876  28.45689192  48.17168288  78.12867722  21.40733324
  45.28693633  26.38879151  25.5053615   40.17820621  32.78620616
  30.51120813  19.63404145  15.33489204  28.83689564  25.22971292
  73.95183152  26.43157761  17.05943537  60.08286257  53.83134531
  31.09911644  32.2573307   33.28659886  36.35801469 114.89322162
  24.51973245  57.64321548  26.75259842  87.31722834  31.7784656
  49.08743499  31.25821275  22.07257052  28.47635291  30.19876238
  43.66754884  64.58673755  20.79003913  19.17911587  45.20063189
  23.02358756  17.29158645  48.50950511  52.12638771  40.77865115
  70.95173267  76.80679317  75.81521204  39.57722248  83.89339693
  35.39349146  71.51422233  24.44623775  29.39638418  70.65411953
  42.09989403  20.5983725   39.11291281  20.0569203   84.24751347
  45.10232424  37.99046862  96.45219012  20.75537016  37.57711905
  65.13922617  25.45790188  37.29417969  76.80720564  20.85693234
  52.90493717  51.73182094  40.99265022  15.26883286  54.46720693
  53.36745899  32.18242589  16.31228848  23.28173338  46.15282044
  51.30434697  86.1958344   70.23027556  45.05534995  11.61408662
  53.44665529  39.79248102  97.74109443  29.14904656 115.41120848
  55.24937344  52.93466852  28.97545066  20.37316834  89.55614921
  64.31433879  27.69078571  34.41676676  22.23057018  23.36177026
  27.34233855  22.3949371   22.52130284  36.83212356  52.47455542
  26.08185698  65.10890626  28.05802864  75.02017819  49.43292565
 100.03789912  43.25929923  30.98255222  20.42003071  39.61374238
  25.99760681  51.79644489  37.0216145   46.99590241  48.41034938
  40.20774221  27.33424647 100.09604391  35.91871273  33.03080178
  95.54299752  50.7867185   28.44789822  25.40151512  64.13871081
  62.29267059  33.54245856  43.69552494  52.30063157  40.04391261
  24.73856157  24.36210738  72.69315244  34.30940861  29.55777263
  28.34008776 113.92225018  23.22819522  41.91156517  81.118546
  48.87560797  22.33593122  41.98355787  12.43031997  42.59411747
  22.78732713  54.47571129  55.39366661  44.59358785 101.05193468
  29.44564391  46.39504904  89.43529805  63.2843502   34.96664783
  22.10077085  31.34940978  29.3677569   50.12164523  55.33927963
  53.44361775  28.17057459  95.29894511  24.30051427  34.30665273
  56.22784186  50.4974943   36.6206342   48.01624215  24.77323466
  42.91152651 104.34955291  25.55424866  27.98128981  21.47097704
  25.1024332   48.77832624  48.57509389  67.60653578  87.69197781
  44.81590821  28.32888186  83.90418394 121.26006844  56.76022925
  40.10755194  24.13550109  56.89818141  47.23452899  37.41661018
  31.78360169  51.84612042  33.20252312  36.02167635  23.22129969
  40.88778149  48.49958324  22.88076534  17.55947338  34.21382576
  44.53855202  52.85148334  26.86070491  28.97149031  70.62231398
  22.00837025  98.16487633  29.08048597  27.22683279  86.00448187
  57.05225047 130.44378932  72.51318599  34.09237666  20.55434167
  31.94579503  34.96853837  22.36288876  51.28642617  79.05598997
  55.5666998   23.10227752  36.96677251  25.03866684  42.88732787
  27.10964363  49.13956814  42.4348289   65.66020073  26.52395912
  63.53750188  27.35269205  25.4935344   66.72263171  34.6361082
 139.50891536  33.80237682  45.43843356  33.73532958  35.70851755
  39.10079754  45.39352232  20.66078552  21.84859352  47.42663417
  37.9921443   48.65692567  20.76823843  62.57235868  48.98431525
  54.82394825  21.9065643   28.53914681  14.94147111  32.24983183
  92.20779495  20.85743416  17.27527486  98.59311703  45.3075073
  46.58019138  27.35425143  19.05419468  25.20031713  49.3330375
  18.37090033  21.80737403 205.36437512  38.14867284  23.6909935
  28.13899789  19.94103075  52.97724761  56.99853402  26.14969074
  16.09053235  38.55382561  37.31257261  34.61980995  54.02504898
  45.07658991  55.80935208  35.4765295   19.04518812  47.19237643
  39.7272501   81.38810569  62.24027659  38.24729737  23.85074985
  23.98651667  46.89301559  18.87950014  27.20739423  55.07263461
  31.68190779  34.2095019   43.11080008  25.78030333  26.19957127
  67.45965803  47.57476845  22.02545817  38.75761448  39.1567898
  40.97383972  33.27173845  65.33085115  47.29669862  26.90924145
  32.42389051  53.0200775  100.90305604  40.81139876  35.57831405
  56.98495681  21.23012671 100.60770097 106.47042265 139.4596565
  30.3120422   43.2204261   95.58405594  29.72994592  26.04220327
 106.42754411 102.14035977  43.96922545  34.11445654]
Test abnormal scores: [124.69946426  83.95916955 105.55968563 ... 136.88284113  26.51843463
  69.39780597]
