Logging output to: /home/guest/Thesis/MotionCLIP_experiment/results/finetune/fullContras/anomaly_results_random5.txt
Loaded embeddings:
Z_train_normal: (3030, 512)
Z_test_normal: (759, 512)
Z_test_abnormal: (10586, 512)
Normal classes in training: [30 34 35 53]
class 30: n=756
class 34: n=758
class 35: n=758
class 53: n=758

AUROC : 0.7623
PR-AUC: 0.9741
Threshold (95.0th percentile of train-normal scores): 26.5934

Confusion Matrix:
[[  167   592]
 [  418 10168]]

Classification Report:
              precision    recall  f1-score   support

      normal       0.29      0.22      0.25       759
    abnormal       0.94      0.96      0.95     10586

    accuracy                           0.91     11345
   macro avg       0.62      0.59      0.60     11345
weighted avg       0.90      0.91      0.91     11345

Train normal scores:  [26.73885989 24.15193489 24.03887185 ... 22.1333286  11.70336902
 22.75213627]
Test normal scores:   [ 80.69873185  16.42118494  50.67850818  24.50753479  49.34790244
  96.02764283  48.67923642  32.21520419  14.98957231  29.90375543
  58.84561948  31.44868889  85.30853746  39.15792656  30.00239462
  28.63943525  61.85193059  67.76779911  40.04925699  28.66141338
  63.85342586 114.3129478   41.46438122  45.65801888  33.44172795
  23.14075646  72.91132232  32.02301899  24.94611272  31.32248823
  24.41887777  39.85809707  33.53933501  40.61535118  29.8043042
  60.86427778  26.92976217  17.03056066  74.15355376  28.81436235
  49.11883055  18.53655871  53.44012964  25.27185368  16.86346791
  53.79047811  20.12710686  46.95721274 102.50574516  91.43672641
  26.39388532  41.2450464   19.81053621  82.37115242  77.43942949
  37.26450474  22.36232944  21.50650353  23.10092752  47.11723363
  51.52127285  44.27818179  35.76170013  32.59295666  97.69455121
  28.90555497  40.6788275   34.82529981  15.3840583   48.22473902
  25.52338606  82.39059262  96.65930932  52.03627933  54.65376506
  32.92524337  34.67283168  64.18446412  17.71553215  43.82908454
  52.6983059   84.57754378  48.25660997  16.40764901  38.51583497
  42.56173489  31.62323078  74.19021728  99.99884619  75.96986686
  25.43504342  22.48389867  34.39336748  34.34490044  56.50952966
  70.74423486  37.92860543  89.91551434  42.09142644  55.45816679
  23.98796804  23.63757691  26.27990326  36.96296034  59.45587653
  54.12396765  18.73180778  35.46761184  66.08720604  24.10925193
  88.76401181  30.44922162  32.41786549  39.09779922  22.60901787
  56.84191511  35.53864501  44.51194636  39.97388144  36.62740843
  24.14369681  68.45428336  28.8090197   39.849308    33.61137255
  47.14604066  49.53469604  28.32408163  75.8716206   49.21170281
  85.28336918  39.81674444  66.55935656  20.53553196  23.01770437
  62.18180684  71.20335906 107.24664337  85.05624912  58.08787245
  31.06948927  49.43931331  25.82973951  20.02788095  22.57848834
  49.25941667  79.69776222  21.39420421 144.14209552  26.48065432
  28.55943803  13.45663395  22.60471723  70.17767083  54.2017448
  57.99389791  18.28380986  60.31008439  50.77950015  32.1616367
  65.20023023  25.33309617 108.81084752  35.19844509 129.69063374
  23.28794035  38.10790537  78.91860237  24.00394672  27.80222947
  53.57018818  75.66321553  28.10736599  23.24573549  30.18288121
  20.32364622  57.67224746  26.72783212  42.8536918   51.91429093
  90.36251485  30.03132847  74.73837679  25.30252793 127.57854231
  47.47792816  31.64948028  43.55483033  32.53144728  73.95667016
  55.39738361  36.1307148   18.39827086  37.17999501  43.44909859
  21.02937343  43.97729386  31.69718652  56.46792338  30.97328278
  60.84985131  97.14641856  23.82253154  71.48474409  21.27201992
  32.56286176  29.11083447  48.28449745  43.00290375  19.81500117
  54.51163548  52.82156829  53.44297914  78.83296286  38.35616585
  62.24054424  31.54122682 104.75853154  24.57266732  50.31160833
  38.92408463  24.78633731  24.501283    99.10040587  27.07606093
  34.49871591  34.72306676  40.60126603  45.10464381  55.32952971
  30.80499687  73.42108018  76.11004762  91.08168617  16.67329441
  47.17599157  43.4368511   28.49392643  78.99250063  54.07790416
  55.39121939  29.96959063  18.99367675  39.07467318  30.81806827
  39.31027543  23.53439735  60.41493719  83.45313648 100.55709336
  53.37388338  53.5053394  110.85952097  22.4818217   90.67081373
  32.30184672  50.18622539  47.47546409  28.77827005  15.82202247
  46.49666969  58.50836405 106.12219256  37.83852224  40.09985612
  39.91656638  64.42518417  48.64979317  36.70440235   9.65986027
  60.60975663  25.30776829  25.63222205  62.60380933  29.83636754
  16.42726412  59.38494189  37.50325245  32.03040579  26.47875475
  70.66592481  22.08700472  28.66095373  59.29294028  35.26393765
  27.68250898  40.80968418  19.07437118  63.83676979  26.70545075
  32.53290704  30.71386039  66.43016605  40.17601079  54.23372599
  59.69462089  21.64553385  27.64803199  37.1677783   36.88279212
  24.22992143  24.51545034  26.28971822  40.91274482  91.37745583
  25.46004611  55.11176578  33.88805473  58.49449793  56.55888659
  68.79757396  88.16498832  32.99559185  28.32295311  64.47156899
  22.18056465  39.93201847  69.9241459   40.12317766  35.99442361
  48.68822051  22.67504664  34.19457981  52.55627207  16.51148456
  18.13726369  34.93538021  38.44428181  17.29723193  38.10779455
  27.34473045  31.64594421  44.69367647  38.58339865  80.10047695
  50.81308688  26.96588134  33.95285372  26.99410691  32.26093721
  28.38453472  28.6285188   22.34236365  30.25837168  31.76185327
  45.3405185   70.73939552  58.63451112  42.09380343  71.13152218
  17.38435881  47.74825236  23.86803951  48.92120373  22.8879557
  22.06239166  23.01932942  65.18814857  35.69029202  40.0721824
  16.62433047  29.73048055  74.44177072  24.96435871  66.22729233
  36.02811842  30.60808666  80.12017641  73.44870501  92.44577652
  45.80910236  65.08261578  76.06651105  27.25265433  73.16065057
  34.54869587  31.06988929  24.68354602  55.75065283  69.20624015
  31.24832581  46.31027816  46.92482866  27.47577105  25.46564642
  21.13399473  19.81378289  25.21843901  50.20747367  25.8963778
  63.36771031  38.15547783  41.79217566  60.86312283  51.70173783
  41.96633419  65.71678659  21.05346901 115.56385253  30.85198398
  31.98208909  39.76981994  51.19805204  59.08791049  48.72802929
  93.31869562  18.56128715  69.5082498   59.89595052  61.59518142
  32.31622599  63.2409551   87.39807448  62.83857051  36.98979121
  77.50326581  92.75501507  79.87078633  32.22604776  46.44652988
  37.85342682  22.86390071  33.40555991  69.26335033  14.9156747
  26.91418124  26.58286824  19.58554311  24.73522115  33.07989459
  16.74728276  24.73274994  37.92294795  56.03410201  41.08078397
  98.95669168  70.6967604   24.7135004   84.0600605   88.93005643
  39.17315907  21.92551431  21.86919695  42.33834392  37.93975611
  62.38195662  57.58894464  31.77812345  71.81608589  31.49299446
  25.66344504  44.73968208  83.52384589  50.80947984  40.4453903
  19.89485545  98.06280751 134.15261195  34.91915088  49.78360347
  52.23280897  28.92467476  40.51267514  87.09722616  20.6508994
 137.73153122  10.39932294  40.88874917  45.1293476   42.22820412
  33.92533899  36.52704429 157.73601727  16.80088054  63.04990283
  97.22186255  40.79693156  31.89363861  34.79724375  33.51492483
  42.63221074  50.02653807  39.45715639  73.40658863  96.08678007
  12.42867166  21.6784099   26.43587167  22.38844162  32.10351571
  43.87583511  78.11875846  19.925214    37.70137524  50.42803366
  37.8619726   42.86474881  65.3731475   48.35017074  70.57412185
  86.08803145  22.33058107  41.52162164  29.72485652  59.17095078
  47.88428085  38.19890642  24.4822225   87.36605489  15.23482453
  44.83963179  40.92924293  39.71406527  19.10879316  31.78359003
  16.87695649  13.25828823  34.25637787  36.04958849  61.3581674
  57.1308419   47.89228628  86.33157792  50.4578419   25.04888187
  35.5397467   34.44329575  57.75621974  59.43681697  27.68860728
 111.59870887  54.70166363  74.26190597  23.25127348  78.97503801
  43.4518145   38.23349738  39.58192726  64.88210728  26.29867135
  99.44407168  27.31364577  36.89892644  27.55695867  27.70308958
  38.81055625  59.68976032  52.57999403  57.26115433  48.30527777
  66.42835949  99.59887236  32.23338921  54.63886767  91.26614132
  59.43143728  20.17471266  56.50436233  38.65320386  26.28135034
  58.10729425  86.96568183  18.62654964  20.99539407  35.32587247
  65.07402467  56.30180736  44.33961176  75.69130118  19.01686791
  56.86786673  62.2832086   63.37784378  66.74357116  21.25108887
  25.14124758 102.07061146  45.98112856  17.59181261  41.06203908
  23.27528383  37.00585245  26.34163449  28.15151659  92.12580045
  55.91965229  29.78272337  21.15008938  25.77024946  28.10676653
  38.98911389  94.58277468  24.78427162  35.2044684  114.04216479
  39.03246097  23.59677897  46.42124967  36.64869984  16.3591015
  55.03312487  47.31349946  46.69046921  26.38490431  38.55486817
  31.39817138  51.9440805   38.41652757  20.5910928   27.71980623
  52.57103305  75.49220164  50.74358666  23.05072745  48.16947655
  70.36420531  35.70251877  41.26442708  71.17743145  45.15722542
  49.21279797  65.32513763  76.24051431  65.36744582  74.86825256
  27.03229077  56.5977009   23.90702814  50.17064176  33.10384763
  39.78711705  43.69905172  44.24396654  22.68092195  75.00009308
  64.19916962  37.58297413  36.59196666  29.56750356  80.35483567
  68.67461484  26.15719175  35.99372901  49.48079351  50.6953208
 101.62445302  51.08363032  14.77713928  28.66477951  59.22908779
  43.43132941  21.04833967  29.04752125  29.16577614  53.57979588
  73.95635168  83.48446121  61.93841063  40.56998503  73.51654901
  17.21539193  38.73510956  66.20248288  36.09372456  21.4702788
 103.71595245  34.57024568  37.15600207  23.9819587   74.67286363
  61.55885011 113.37630991 107.98040984  39.24412101  35.04007314
  23.22391523  20.48097592  36.95740977  79.61624101  91.24060082
  33.30478917  27.84055327  21.70397533  42.91665345  29.04349779
  35.69685233  22.59600635  66.69842694  38.99911041  42.89277151
  26.82383708  51.48696577  29.2503599   43.64784344  45.33688937
  48.71978545 107.89774178  22.805468    71.08440671  67.40238602
  25.35380452  41.55244242  48.48104103  17.33076499  79.8677003
  68.22469478  29.35093088  39.54351879  41.2238788   23.04487098
  68.22918128  53.228703    28.86437561  39.25017549  57.12779504
  53.73424956  31.88515723  39.32682843  68.57576679  67.83568015
  30.38386383  71.55516711  20.81824494 105.92630654  20.20257578
  22.86581803  22.26254849  66.51885865  22.90453485  22.87685312
  51.77347032  19.66823529  76.13640009 110.7515621   90.23268619
 137.6668825   11.77950341  98.03991094  53.07896381  29.54750811
  33.89365975  52.60847339  72.23406136  21.56141715  32.6975771
  33.71283815  42.30820034  40.32625788  25.91931567  23.42253798
  22.39705647  56.1677027   33.75877577  42.95190314  29.47530529
  42.36892937  18.54838164  68.79971968  60.41461613]
Test abnormal scores: [ 38.9458536   86.87857982  85.41582269 ... 107.02356035  25.88754664
  49.89002387]
