Logging output to: /home/guest/Thesis/MotionCLIP_experiment/results/finetune/fullContras/anomaly_results_random9.txt
Loaded embeddings:
Z_train_normal: (3027, 512)
Z_test_normal: (756, 512)
Z_test_abnormal: (10589, 512)
Normal classes in training: [19 35 44 51]
class 19: n=754
class 35: n=758
class 44: n=758
class 51: n=757

AUROC : 0.7345
PR-AUC: 0.9697
Threshold (95.0th percentile of train-normal scores): 26.5980

Confusion Matrix:
[[  155   601]
 [  493 10096]]

Classification Report:
              precision    recall  f1-score   support

      normal       0.24      0.21      0.22       756
    abnormal       0.94      0.95      0.95     10589

    accuracy                           0.90     11345
   macro avg       0.59      0.58      0.58     11345
weighted avg       0.90      0.90      0.90     11345

Train normal scores:  [16.78005943 19.41022691 24.03887185 ... 20.51665062 22.08696867
 16.33499228]
Test normal scores:   [ 16.42118494  92.13438262 156.10043187  57.10224776  30.49278976
  37.41004396  46.92647031  28.34449065  23.95668685  37.5194981
  89.21715624  20.80753315  98.04152104  31.44868889  21.57530454
  17.98345665  64.35081799  30.00239462  77.36545344  28.66141338
  54.06211397  42.22766936  46.99698026  29.8531255   45.49657604
  63.48628176  41.46438122  26.25026989  18.58887186  21.81989768
  27.26204569  45.17457576  15.44318786  29.50358602  17.11734333
  39.71774893  52.9164857   83.59166087  15.23410578  74.15355376
  19.9134746   47.18398512 139.51160544  46.19661449  25.27185368
  27.87736427  30.55269649  28.61999468  50.91016333  93.40123487
  15.53801177  68.79903972  39.32763995  78.10755369  36.63826631
  23.42677275  42.10592549  55.54076637  26.39388532  36.07152957
  63.4503499   43.75661394  21.64611635  22.36232944  21.50650353
  51.37617269  23.10092752  35.20190033  44.27818179  38.04671721
  40.6788275   20.64039524  17.31121979  15.3840583   50.22351634
  23.26592317  28.5191408   27.78452328  89.89333842  20.39031327
  20.00708834  51.99673004  54.65376506  60.39629529  58.62538274
  33.93041916  54.65386109  22.61526426  23.79696235  32.5995346
  52.8993197   17.71553215  43.82908454  52.6983059   84.57754378
  48.18015473  48.25660997  31.62323078  30.69000982  34.39336748
  34.34490044 126.35714192  29.98294873  44.94365582  29.9678347
  42.09142644  19.4320794   55.45816679  43.03108409  32.75185934
  98.64890164 105.61281682  33.85527473  47.01927294  54.12396765
  35.46761184  46.48430314  18.76569887  19.53263996  36.93524021
  42.43004041  58.41049082  37.98546482  30.44922162  49.74532374
  18.4661926   73.55318835  20.23213224  32.41786549  82.2016517
  23.22534643  59.04288853  35.04820104  23.68419221  57.78242438
  36.62740843  38.62060392  39.82692213  99.7033285   30.44940489
  87.72289746 140.80983857  31.14241573  44.05502114  39.849308
  32.41102113  26.57873301  17.93705564  33.61137255  47.14604066
  49.62166825  78.99908798  49.72369544  26.96479616  19.86720744
  47.76923689  17.39786789  39.81674444  16.42421836  26.1283421
  62.18180684  72.00916066  21.26895971  54.68967928  18.73761756
  60.80393168  40.2821739   35.58846742  42.89813781  56.39695826
  30.4861712   31.8526464   37.57726888  26.48065432  31.36280008
  28.55943803  66.00007705  22.89356654  22.60471723  54.2017448
  42.77781902  28.54300284  56.51992629  28.2746782   32.1616367
  35.19844509  48.31301381  37.07502745  78.91860237  20.65955232
  67.95274242  37.11955295  28.10736599  21.42144011  51.91429093
  27.17396892 106.09800275  33.05250626  66.10528564  60.77089234
  30.01411125  83.1461539   31.64948028  43.55483033  62.09415858
  67.99576574  25.82401767  36.1307148   43.44909859  31.69718652
  92.99806707  30.97328278  60.84985131  42.01142119  31.84643884
  24.2189253   32.56286176  32.47229087  25.47049348  25.7588869
  46.95865578  66.80583419  27.40852642  78.83296286  70.57916732
  24.07608549  24.93763902  59.80070546  51.31298341  24.57266732
  24.3201241   38.92408463  24.501283    17.16848588  34.72306676
  15.33074695  22.71237106  89.90843492  38.28786607  27.10178425
  16.67329441  28.49392643  71.83128956  46.80630917  21.46833766
  36.41671657  36.01599812  24.64405622  18.06800786  23.53439735
  30.56784861  69.69093785  47.36658617  53.37388338  42.1491774
  25.42952459  24.61836669  38.95710723  32.75457309  61.3945855
  79.60906051  21.57611982  47.47546409  25.53817429  25.12621822
  55.82433257  28.14594451  65.90044983  81.87480019  57.08293014
  89.60848843  37.83852224  29.59279172  25.30776829  30.81087169
  62.60380933  36.95886484  19.18355053  30.52660863 100.74945331
  37.50325245  32.03040579  33.66666947  60.53253772  57.88319611
  26.6255779   22.08700472  72.39682108  33.45774024  35.26393765
  29.10832667  43.25096765  84.21059928  19.07437118  26.82373652
  37.87352489  32.53290704  35.74452115  93.20243341  40.17601079
  35.68214162  36.88279212  24.7451605   31.09210547  34.67710087
  50.81220004  33.49723466 129.80421198  47.21371817  92.60906754
  38.14474278  22.47195498  21.18123247  46.78784793  32.95655302
  86.8249359   56.55888659  88.16498832  32.99559185  28.32295311
  50.08171522  64.47156899  38.45917267  34.35448714  28.91810738
 139.99083738  31.52266471  38.74424196  28.05934881  48.68822051
  54.77642513  18.43421423  18.13726369  91.58522824  34.93538021
  20.6813065   33.64297155  51.72089916  54.730717   112.70230485
  50.81308688 101.00094806  31.76185327  51.13159739  40.83743635
  58.63451112  42.09380343  38.88048733 106.92420262  25.6963974
  18.15847322  28.01041654  19.32337358  59.3982988   31.44440576
  95.72994713  41.16067586 109.71604533  36.2511748   35.69029202
 121.77275936  29.73048055  79.23590352  24.96435871  90.5190501
  45.79600603  36.02811842  37.89707504  57.30609901  35.48405021
  40.49859239  34.50712721  50.33278496  43.6544525   34.54869587
  24.68354602  31.71432085  40.68969849  16.70051228  92.08508216
  43.44648147  31.97216002  28.90431644  57.1431096   42.22053296
  27.47577105  25.46564642  18.68553892  23.34543832  25.21843901
  25.8963778   42.49715814  38.15547783  81.96190689  84.39194449
  54.91375499  21.65022741  37.19220336  40.44828023  27.40685798
  20.69358675  40.91337641  24.54633807  27.47333684  94.37754931
  32.93055807  22.62913643  23.44265997  46.9896443   59.89595052
 106.66488171  43.65850922  92.75501507  53.0184629   32.22604776
  33.08833202  58.72068133  20.47563452  52.04067005  29.51902924
  41.08078397  60.84662271  28.24424561  24.7135004   84.0600605
  46.72840536  63.64874427  30.2200535   37.93975611  38.35399728
  62.38195662  71.81608589  47.90407701  82.59714828  21.27871009
  26.74487532  30.99535031  40.4453903   70.111417    92.50003826
  31.33635072  88.61160141  66.77574195 119.55682424  27.98375994
  61.80333995  49.78360347  24.38679472  52.23280897  46.8387669
  33.66624996  82.82676625  38.0863657   34.31069219  18.91024432
  20.6508994   24.527884    62.65168059  18.38251052  40.88874917
  33.27633212  44.57186363  36.62876756  70.76225479 137.6035727
  19.00773081  63.04990283  54.25294885  33.13928335  16.85602014
  39.39752227  34.79724375  55.95532971  44.35136967  49.70819625
  33.18611147  50.02653807  47.33222176  21.6784099   74.18073912
  22.38844162  33.67718393  37.1222079   44.66164097  22.57892001
  83.06412849  45.63753494  80.7709596   73.24250329  89.40472574
  85.26871627  55.24067201  40.17866724  23.74389154  22.14767702
  62.15434441  29.23935662  75.71658596  47.88428085  24.4822225
  50.73355443 113.79098722  57.59796183  44.83963179  40.92924293
  69.54826204  27.36180471 103.05686113  16.87695649  32.30359084
  61.3581674   57.1308419   73.55039266  18.05761824  57.75621974
  37.10433779  23.25127348  46.07463666  30.58446425  29.39189809
  45.96443658  27.31364577  27.55695867  27.70308958  53.58964612
  52.57999403  57.26115433  40.5711203   48.30527777  26.30286048
 112.7993658   74.6142014   82.29936126  48.10803082  59.65097464
  31.51065472  19.35828882  19.36606941  82.95125985 120.30854481
  71.11950821  18.52765704  38.65320386  38.09911617  89.45567835
  31.98712826  86.702143    46.28724957  54.05956971  65.07402467
  33.27260537  43.09344398  19.01686791  49.02989043  41.32040626
  43.44122386  79.54702776  32.35661692  55.74890907  22.3606799
  39.68202397  24.83911972  18.49655779  20.72970868  41.11534435
  79.34730095  76.89208577  21.62372895  23.67182784  51.43732433
  67.3905141   53.9050922   36.41009485  35.08809163  25.20284215
  18.71930727  65.26626833 151.76034902  23.59677897 111.74764986
  47.31349946  18.3875552  129.08161548  26.38490431  31.39817138
  20.5910928   18.01809419  57.99620328  50.74358666  24.33067732
  89.29764589  49.2969      30.91995396  90.92969408  38.99458377
  49.65846876  35.70251877  53.43498715  48.2618354   78.22423687
  52.46924314  20.63291719  64.88745312  37.23506894  45.15722542
  49.21279797  59.19162405  78.63932994  30.86574079  23.90702814
  55.13440476  25.94082935 128.01291293  22.89559925 127.11808602
  98.41465243  36.66231199  78.04818372  75.00009308  69.43095162
  29.56750356  36.21763803  67.05922986  52.11937203  57.22535686
  26.15719175  35.99372901  30.46972909  29.87469888  27.84382267
  49.48079351  39.43901753  76.26710514  39.8096704   83.50000092
  46.95940747  33.29675761  54.56308587  43.43132941  55.63820477
  37.16493539  46.19684545  39.95908685  55.48204411  89.91179041
  31.2566642   31.65705071  48.63922164  57.67602723 117.62050818
  26.41137695  40.56998503  61.05942388  21.4702788   28.79413127
  20.6020276  105.29441315  68.44567694  34.57024568  61.85062978
  42.87777086  78.74870272  74.31578521  34.05527048  74.67286363
  70.73694516  39.54261126  22.32650102  95.31551898  86.61368041
  45.91100463  44.87811192  24.60421383  39.24412101  36.95740977
  21.58468813  56.57687528  51.09804854  42.91665345  40.74169477
  29.04349779  44.87364041  42.89277151  43.58145942  66.81967962
  40.6596182   95.30486717  33.81539042  77.29372602  30.06929225
  58.25921907  86.22012208  61.18695568  37.89341391  37.5585022
  41.55244242  74.72484642  36.68732692  29.35093088  39.54351879
  36.17349895  21.56811073  21.67500816  32.65243222  39.25017549
  36.77809351  47.23348956  41.67704104  27.20029524  48.97727214
 100.3177197   63.31535926  39.22574391  77.41903655  20.20257578
  30.53532059 100.88035824  19.56263981  41.00048535  52.75864756
  51.42899164  55.5259767   36.44149678  22.87685312  48.28504593
  70.76237452 109.7385477   29.33782976  33.74617444  60.7643864
  48.34782719  27.01083677  40.01210316  24.80253392  31.31433394
  51.42722245  41.41593362  25.83054216  96.14437149  37.08019414
  39.99954736  51.06314834  59.97855405  28.49324454  30.00950092
  28.89371021  42.95190314  29.47530529  48.71063541  25.3943035
  48.08270863  35.86518691  50.97063794  25.44887324  52.6090014
  37.4879811 ]
Test abnormal scores: [107.80320782  51.15372591  89.38500372 ... 122.52419056  22.49766096
  31.81160753]
