Logging output to: /home/guest/Thesis/MotionCLIP_experiment/results/finetune/fullContras/anomaly_results_brushing.txt
Loaded embeddings:
Z_train_normal: (2261, 512)
Z_test_normal: (566, 512)
Z_test_abnormal: (10779, 512)
Normal classes in training: [2 4 5]
class 2: n=754
class 4: n=753
class 5: n=754

AUROC : 0.8016
PR-AUC: 0.9857
Threshold (95.0th percentile of train-normal scores): 26.4188

Confusion Matrix:
[[  114   452]
 [  261 10518]]

Classification Report:
              precision    recall  f1-score   support

      normal       0.30      0.20      0.24       566
    abnormal       0.96      0.98      0.97     10779

    accuracy                           0.94     11345
   macro avg       0.63      0.59      0.60     11345
weighted avg       0.93      0.94      0.93     11345

Train normal scores:  [26.52188864 20.5044803  19.63492263 ... 19.77394601 21.88703592
 23.49902521]
Test normal scores:   [ 46.86131808  49.83892847  43.46300994  33.02209318  27.13384134
  25.97237651  60.11282071  28.9243843   65.968187    50.20793588
  28.42815665  38.61851835  31.91088947  17.55279369  65.74015201
  68.70074026  33.34720584  53.58490837  30.92982609  27.78655184
  38.21383312  70.63564771  15.78762618  62.76540099  50.33094904
  54.54204928  59.73066083  22.83345394  33.6342019   51.98078941
  22.23992234  22.11131347  31.2537003   34.44537441  24.46935694
  32.2278121   60.69694575  23.3701519   57.8083171   27.46024044
  39.09170534  46.72575147  35.25456315  21.10395925  42.02806819
  29.79979191  41.2900003   44.57611441  27.86130868  25.20239984
  37.21023744  40.97796642  32.9657537   19.2944496   32.69640596
  55.17094177 122.44433843  46.3264225   43.48029099  37.94436213
  64.47866613  21.47027115  29.3003935   20.40542653  54.92745888
  50.82549097  20.77935443  67.31405059  42.26886939  56.61845308
  28.13193365  17.63925437  49.64304765  32.14027897  28.81718019
  18.62166134  22.71916733  34.01545322  45.65132748  29.82606803
  27.18807253  32.27794879  41.99805283  30.76931513  35.97006823
  45.89351214  50.41121131  35.81739855  62.00255915  48.11316705
  36.75182609  59.31759423  90.8781559   20.14809903  38.00390271
  35.25795864  63.17199509  56.67442767  22.03382332  27.86723287
  62.31787487  30.84933332  34.32175598  55.94384508  59.23188221
  37.48939265  23.73076375  50.70143758  27.20480096  45.2405468
  24.27058313  23.25525913  25.96600797  69.87972897  17.31810557
  18.92943442  25.41150129  46.52960305  77.11598018  30.44719504
  68.90375944  27.92311575  42.37358061  58.61956364  95.7622488
  62.2655045   24.53247642  37.47157404  24.9145385   28.44287016
  21.14627398  44.81147042  40.6734743   41.91628724  64.14774244
  59.75624207  35.10689717  42.72483741  31.51060283  48.70998652
 111.9090002   21.4715185   66.54135827  26.18716378  23.12048985
  68.16877519  56.93502575  39.89371492  25.68779457  28.11313372
  33.93811572 111.60753094  18.49137809  36.26165371  46.22164596
  55.91708453  91.19871825  23.70392558  26.2936393   18.30879702
  34.06403933  46.64954766  69.19071512  70.52722271  31.39336862
  26.37193077  90.9002918   63.39965213  29.41945629  19.33917208
  58.90226304  86.56190358  23.32758571  27.40133824  45.89857724
  80.78338257  28.67649626  37.83245908  43.36780792  64.57429234
  76.53141643  42.54768067  37.85217396  31.44498751  64.14162933
  33.56074736  59.65838853  36.98054883  34.38510912  58.20223851
  29.85632502  54.20520491  60.46867871  18.74135506  38.86519034
  42.55712046  79.94978217  30.81402446  40.11214057  53.1340437
  53.99593764  24.49125007  57.95991081  22.82952388  21.962698
  65.59967297  69.05014703  85.86158503  33.14008649  18.42440777
  61.69888436  39.55821985  85.60349338  33.29442862  89.65547562
  26.43715637  60.80506071  24.2051786   26.41263536  27.50650138
  25.35085481  28.01601871  36.9859538   87.12087771  21.34448173
  30.20432223  18.67995269  40.71240892  84.40564457  30.99044714
  74.96415383  56.23952177  46.76447359  51.54208133  56.22443996
  45.17770207  86.00429933  66.30772118  12.65316506  46.18620134
  55.85447007  38.28808514  21.44464617  45.22542385  20.5893242
  26.44926723  30.50198508  45.32803623  42.59505883  49.39027461
  89.20664972  54.70828409  37.63517931  40.5868974   40.97163354
  39.39561817  24.74493354  35.02304567  45.73867647  32.09536696
  43.72866858  76.91796893  55.7070354   60.2445148   30.86624985
  25.07394134  28.85586837  30.65757637  54.27658172  66.20742906
  21.54905382  75.22453937  49.203086    31.00283994  46.33011698
  23.62147652  86.75164336  34.22151626  38.11496461  16.67980577
  31.95154876 136.02035181  83.05164963  31.11973732  55.29748051
  22.64019267  80.02217176  22.63075436  43.08080768  35.26202576
  21.01082916  90.84152288  27.92713229  73.51509694  20.95199253
  64.98281258  35.98700034  41.65998999  26.3004497   31.15932716
  38.69231532  63.76026525  60.35463568  35.59667028 112.5962482
  26.72133652  44.4158019   17.97755711  23.19915717  31.4341902
  20.68608139  39.06039164  27.19084993  79.62789719  77.02481829
  30.95239165  32.16149987  34.72254498  20.98696439  39.60039877
  45.18702543  58.87512221  36.32827156  37.24364093  30.13731085
  34.31294244  61.77919245  42.88539946  39.82275049  59.67032124
  86.73292961  25.92658084  25.08549168  37.53746356  85.55968935
  31.86036773  24.77537539  80.78267647  27.50764922  19.35374126
  51.33853938  21.83499004  34.72386139  43.22198148  55.31184668
  78.21280503  58.63971236  24.65580796  66.05127826 149.36014562
  35.66765057  33.62814511  35.42527462  18.80296663  76.6670161
  47.49891295  70.27223827  39.0869149   92.1406734   83.40235357
  38.56171631  47.98492219  65.9831301   27.76998522  42.55284286
  52.41298726  40.8311483   46.48902356  74.86359072  25.27737476
  98.19937255  45.490251    38.08006723  31.30062843  50.77939318
  40.00740531  78.43404228  48.33992311  25.92334082  46.72193977
  31.24643447  41.62483497  46.8413143   60.86860466  24.94593662
  24.64694453  28.14822389  42.69733623  29.39808656  46.00147863
  78.75617045  45.78130723 102.27753731  62.1830298   29.04466161
  34.50365317  75.4891232   44.95473005  24.42026322  37.26084438
 100.9074198   67.08266483  86.78857006  45.37334105  36.15667681
  75.83840782  28.30875242  91.97268364  39.7459482   42.04325004
  54.40515473  34.75823156  53.29079502  34.32220976  70.6666586
  56.22234662  45.98708264  94.2767784   50.0243902   29.6284908
  31.90388161  30.0976604   41.38295795  33.78754887  72.43030881
  22.8688973   43.47773741  18.47674863  39.06274026  21.85906469
  43.29358844  22.62029082  63.77956322  35.03161341  26.05576934
  27.96577082  35.61647978  85.2626631   28.69121558  69.86917404
  21.03907712  72.41500307  49.75704578  51.59553291  56.87309784
  34.32422998  38.79291574  29.94079335  35.00254685  50.55589097
  30.07841231  50.86269935  76.94198096  27.50602056  23.88884521
  24.19665942  14.99464269  44.67688207  48.80954651  17.90600968
  22.72597512  29.53433853  40.61757305  45.78786628  28.55766206
  54.81886104  79.19966635  52.86000437  26.40541745  46.22290277
  50.04167759  36.58687021  61.97437128  25.18123709  43.7914661
  35.08716038  43.08541934  49.31960913  30.56733246  72.04084635
  32.36103678  16.4524885   71.72440132  66.46626395  54.53505153
  22.2811241   30.004274    22.53021219  33.22557979  23.19979952
  38.09272583  37.3078604   49.18195162  22.39166015  26.34026815
  74.56732452  71.51828509  17.36346484  32.16471185  41.90071875
  51.86880714  29.52648924  46.38495147  34.90682445  25.71532158
  21.10133232  42.00263352  45.22272787  34.76198376  18.10595652
  38.24499126  29.70423341  55.26194428  64.62407576  30.87926804
  26.63800603  39.06880027  36.1043731   16.09744257  31.95088265
  16.29149421  37.84726714  30.4532346   23.87341631  28.80738947
  23.47536491  86.6560918   32.95729089  29.12907125  18.54329691
  16.66684071  20.38691499  31.11005071  44.62467721  30.17940426
  33.42555677  45.74834094  29.5933071   87.80389131  45.92746512
  47.8405066   70.01506043  50.45922617  19.96822543  28.1223864
  22.26802267  33.08714356  62.6796916   40.28939139  37.49089986
  33.79871482  19.3156744   24.3361647   45.6039512   41.38161501
  48.43997966  72.60656274  49.51792068  18.45840885  31.67843637
  30.74354537  85.30700569  54.02951891  34.08891675  40.7523738
  34.30414108]
Test abnormal scores: [ 87.29448627  67.16783273  65.45820616 ... 139.99301068  30.65227598
  78.23836499]
