Logging output to: /home/guest/Thesis/MotionCLIP_experiment/results/finetune/fullContras/anomaly_results_office.txt
Loaded embeddings:
Z_train_normal: (3027, 512)
Z_test_normal: (757, 512)
Z_test_abnormal: (10588, 512)
Normal classes in training: [29 30 31 34]
class 29: n=755
class 30: n=756
class 31: n=758
class 34: n=758

AUROC : 0.8659
PR-AUC: 0.9877
Threshold (95.0th percentile of train-normal scores): 26.7051

Confusion Matrix:
[[  191   566]
 [  216 10372]]

Classification Report:
              precision    recall  f1-score   support

      normal       0.47      0.25      0.33       757
    abnormal       0.95      0.98      0.96     10588

    accuracy                           0.93     11345
   macro avg       0.71      0.62      0.65     11345
weighted avg       0.92      0.93      0.92     11345

Train normal scores:  [26.73885989 25.19596022 18.38770411 ... 22.1333286  25.54047087
 22.75213627]
Test normal scores:   [ 38.67705159  24.50753479  44.25813623  75.70783878  48.67923642
  23.0920187   32.21520419  52.40216571  74.5767762   29.90375543
  22.95393582  58.84561948  36.86182854  39.15792656  28.63943525
  61.85193059  67.76779911  67.57881939  30.23053514  63.85342586
  30.54466686  45.65801888  33.44172795  29.83719223  23.14075646
  31.84984226  32.02301899  24.12695105  24.41887777  51.295794
  33.53933501  91.59672368  40.61535118  37.74171331  29.8043042
  67.83229861  54.45058725  60.78000108  20.7185524   31.59987086
  17.03056066  25.34966451  72.3624999   29.74363934  18.53655871
  53.44012964  16.86346791  48.58569633  53.79047811  43.22548936
  22.45018771  20.12710686  46.95721274 111.17109826  91.43672641
  41.2450464   29.49676605  21.30253476  19.81053621  82.37115242
  37.26450474  17.28850007  47.11723363  35.76170013  32.18685444
  17.32526904  32.59295666  97.69455121  28.90555497  67.2721519
  20.58182401  52.4729799   25.52338606  69.15016107  53.20341638
  20.24311656  52.03627933  19.88857797  32.92524337  34.67283168
  31.27755435  39.95356289  53.6036217   38.51583497  42.56173489
  16.03343207  49.12875592  22.48389867  37.92860543  23.74709266
  25.25545036  81.56666102  92.16085379  21.55555894  82.43906652
  16.44227294  23.63757691  73.99820256  36.96296034  46.52232282
  59.45587653  23.88456692  38.93063623  29.37643812  18.73180778
  47.18004637  47.52006625  24.15308842  84.94278409  88.76401181
  25.51359452  54.49542562  60.82476347  39.09779922  48.05493575
  22.60901787  35.88936495  15.56241333  56.84191511  35.53864501
  13.55039641  74.34836844  24.14369681  97.38742635  68.45428336
  98.50050593  28.8090197   57.8918706   38.93279206  49.53469604
  49.21170281  24.68164445  43.59058033  74.815803    38.74080767
  66.55935656  23.01770437  25.18302097 107.24664337  31.06948927
  74.20899993  33.27860615  49.43931331  25.82973951 138.4235462
  20.02788095  35.39610775  79.69776222  21.39420421 144.14209552
  57.0483788   64.08375342  99.21146805 163.37545463  18.28380986
  60.31008439  65.20023023 108.81084752 129.69063374  23.28794035
  38.10790537  27.80222947  53.57018818  75.66321553  23.24573549
  30.18288121  57.67224746  26.72783212  30.03132847  25.30252793
  87.53821059  18.28516258 143.91805782  68.14960104  64.93613071
  24.59458776  32.53144728  77.08448794  18.39827086 122.72616866
  26.4629268   43.97729386  84.90588737  13.97689644  60.67482589
  55.90042433  23.16767701  75.86070138 116.63071607  20.35145995
  21.27201992  29.11083447  54.51163548  51.02473995  53.44297914
  38.35616585  31.54122682  21.32262115  24.78633731  99.10040587
  75.28322323  27.07606093  34.49871591  37.2465088   50.39223133
  40.60126603 188.54321337 126.67443084  45.10464381  55.32952971
  30.80499687  36.69223838  48.37746456  73.42108018  91.08168617
 121.52795961  47.17599157  43.4368511   42.28456275  54.07790416
  29.96959063  15.13928776  24.85022387  18.99367675  27.36261091
  70.21297349  47.70215186  37.40010361  18.24656554  60.41493719
  16.85139779  53.81810828  93.1459654   83.45313648 114.33522868
  26.46567206  53.5053394   43.80607781 110.85952097  19.91637551
  32.37902744  32.30184672  52.10833664  50.18622539  33.31737929
  20.81741658  51.47500884  28.77827005  15.82202247  20.08268838
  56.7737439   95.71031083  65.21637061  42.33247691  39.91656638
  21.51531872  44.855597    36.70440235  60.60975663  25.63222205
  25.97765575  29.83636754  16.42726412  59.38494189  26.47875475
  38.16069371  59.29294028 113.23478169  49.2260441   38.07777938
  47.30247194  56.60443213  45.05366284  63.83676979  26.70545075
  66.43016605  59.69462089  21.64553385  27.64803199  37.1677783
  24.22992143  56.61105231  24.51545034  26.28971822  33.7395975
  30.89585898  49.33211485  97.88435943  63.25288768 120.4853596
  26.89501224  42.46250729  33.88805473  23.03773841  28.80719372
  41.37955438  24.82570419 137.16512942  24.67217623  22.18056465
  28.91090962  77.45291368  36.66301099  69.9241459   34.40272794
  34.19457981 104.69180829  34.7524697   87.56547351  37.12926778
  38.44428181  17.29723193  38.10779455  27.34473045  31.64594421
  49.95058595  38.58339865  26.96588134  36.97877701  26.99410691
  69.42700551  28.38453472  22.34236365  30.25837168  45.3405185
  19.25265547  21.12527297  70.73939552  98.86624091  14.53483992
  50.77231579 112.49549433  32.95602622  24.18272137  17.38435881
  47.74825236  23.86803951  23.31573548  22.8879557   39.68168013
  27.50090215  23.01932942  40.0721824   15.28345334  16.62433047
  74.44177072  43.95252841  25.78601109  66.22729233  70.1475697
  30.60808666  73.44870501  45.80910236  56.36461734  23.77557821
 106.63836007  20.09393463  48.59313064  38.97480888  27.25265433
  36.25262269  23.77737748  22.78189507  65.58870128  31.06988929
  43.86368072  30.45795526  27.52682728  31.69581912  31.24832581
  46.31027816  46.92482866  68.34261989  19.81378289  30.41450732
  18.00198853  50.20747367  63.36771031  43.61720034  39.99138415
  33.8357343   27.75567232  76.09858846  20.43504928  51.70173783
  20.02361325  38.57251217  65.71678659  19.27495684  21.85878008
 115.56385253 105.74493197  60.083808    39.76981994  34.49574797
 112.25715015  51.19805204  25.00354435  79.14649174  59.08791049
  93.31869562  61.59518142  30.68413439  47.46252695  39.07807839
  46.44652988  37.85342682  22.86390071  32.59016174  63.05902093
  26.91418124  71.05685816  33.07989459  16.74728276  33.60679582
  41.55754779  14.07221352  70.6967604   88.93005643  39.17315907
  14.14798853  21.92551431  21.86919695  28.85401104  42.33834392
  57.58894464  31.77812345  25.22524375  42.62965592  39.18749432
  61.16992833  55.54693767  19.89485545 134.15261195  16.73068907
  28.24330013  28.92467476  40.51267514  54.87337826  18.96044203
  25.37942761  22.00110052  39.71134736  42.22820412  52.51340628
  72.04368308  16.0644892   47.2917279   33.92533899  30.58577113
  36.52704429  16.80088054  19.68114865  27.69790888 127.14115467
  23.53392468  40.79693156  19.3248758   65.18055306  31.89363861
  30.60177637  33.47013943  33.51492483  39.45715639  49.17411587
  25.23428842  36.56504323  43.87583511  32.50967378  78.11875846
  26.40366279  34.34600248  52.99968537  50.42803366  37.8619726
  42.86474881  65.3731475   28.36343389  44.1280306   48.35017074
  41.59571604  22.33058107  31.16126498  36.68226932  65.49143347
  41.52162164  59.17095078  57.75056679  15.23482453  53.26285507
  50.67869594  30.63466962  22.34046722  39.71406527  19.10879316
  31.78359003  57.22660719  65.00115121  97.29691929  34.25637787
 134.77415502  47.89228628  93.96096362  25.04888187  35.5397467
  34.44329575  61.8706268   27.68860728 111.59870887  54.70166363
  28.11262211  15.72566638  74.26190597  78.97503801 103.5431142
  36.41840886  43.4518145   27.83834748  38.23349738  39.58192726
  64.88210728  99.44407168  54.46717381  38.81055625  39.22574825
  59.68976032  39.00905956  14.39802498  92.29677042  19.21040288
  30.41911963  24.13715176  25.87096727  33.5870727   55.43939197
  29.99551297  42.9043444   54.63886767  91.26614132  22.60517467
  59.43143728  20.17471266 111.0589014   28.26199443  56.50436233
  26.28135034  22.14541442  18.62654964  60.43466267  18.78101652
  46.9755239   35.32587247  42.2348029   62.68922242 104.84890976
  13.98053058  56.86786673  50.93050214  87.56133565  27.19199352
  66.74357116  77.38115653  21.25108887  81.46744754  81.78499761
  89.74845174  25.14124758 102.07061146  28.61565987  45.98112856
  23.27528383  37.00585245  26.34163449  32.15706347  79.91719699
  30.00299215  28.15151659  31.60709813  55.91965229  53.99925603
  27.77866928  21.15008938  25.77024946  65.76590778  94.58277468
  24.78427162 114.04216479  39.03246097  36.64869984  16.3591015
  55.03312487  63.2297827   46.69046921  38.41652757  33.8862035
  67.23462439  23.05072745  48.16947655  78.12208909  56.18671766
 108.17425011  29.5568401   23.49663665  50.714942    16.38866982
  26.82054324  45.35993973  40.70559699  71.17743145  65.36744582
  74.86825256  56.5977009   50.17064176  17.89134487  33.10384763
  39.78711705  25.74137099  36.58627104 113.45027965  40.03836835
  43.69905172  44.24396654  22.68092195  14.70987005  64.19916962
  37.58297413  36.59196666  45.88565816  72.18810822  68.67461484
  48.15548738  50.6953208   21.19298777  27.57842699  14.38935208
  51.08363032  29.95067125  19.90386359  51.43074248  42.04402817
  51.07607707  21.86794876  33.37133147  64.86298388  23.58708657
  28.66477951  59.22908779  16.34358076  29.04752125  25.52987975
  29.16577614 155.5290341   53.57979588  21.71996397  42.81210583
  61.93841063  27.76417683  73.51654901  17.21539193  91.36909486
  36.09372456 103.71595245  27.32157397  37.15600207  51.38680761
  19.37864409  23.9819587  109.78580486  35.04007314  86.2429499
  41.28239859  14.22022485  23.22391523  20.48097592  50.34719579
  16.04400927  79.61624101  91.24060082  33.30478917  35.13529434
  29.13318588  31.5234034   27.84055327  21.70397533 101.14765684
  22.59600635  66.69842694  62.15367234  26.82383708  53.50734328
  35.41180271  45.33688937  38.45379029 107.89774178  15.44402065
  22.805468    71.08440671  67.40238602  41.21865512  25.35380452
 111.09707801  17.33076499  54.53464895  95.25662022  40.97426351
  23.04487098  68.22918128  53.228703    28.86437561  18.00730692
  57.12779504  21.52376524  43.40449475  39.32682843  68.57576679
  30.38386383  71.55516711  20.81824494  85.16408365 105.92630654
  39.82045228  32.24080151  22.86581803  17.74248673  44.79992185
  22.6959502   47.10599989  76.13640009  90.23268619  48.20758552
  34.48419649  84.70147304  16.07651141  53.07896381  29.54750811
  27.75660454  33.89365975 121.5828394   72.23406136  74.8773133
  33.71283815  41.4890178   40.32625788  25.91931567  26.40190034
  23.42253798  22.39705647  56.1677027   75.8992983   45.2698952
  53.3683103   33.75877577  21.32860756  16.97940096  68.57923991
  18.54838164  52.49689803]
Test abnormal scores: [125.71798549  85.41582269 159.78437684 ... 107.02356035  75.40231064
 195.83585013]
