Logging output to: /scratch/mgirishnair/MotionCLIP_experiment/results/multimodal/classwiseGaussian/classification/anomaly_results_multimodalClasswiseGaussian_random4.txt
Loaded embeddings:
Z_train_normal: (3019, 512)
Z_test_normal: (756, 512)
Z_test_abnormal: (52940, 512)
Normal classes in training: [ 3 13 33 44]
class 3: n=752
class 13: n=752
class 33: n=758
class 44: n=757

AUROC : 0.8337
PR-AUC: 0.9969
Threshold (95.0th percentile of train-normal scores): 25.8857

Confusion Matrix:
[[  101   655]
 [  511 52429]]

Classification Report:
              precision    recall  f1-score   support

      normal       0.17      0.13      0.15       756
    abnormal       0.99      0.99      0.99     52940

    accuracy                           0.98     53696
   macro avg       0.58      0.56      0.57     53696
weighted avg       0.98      0.98      0.98     53696

Train normal scores:  [16.54467303 21.22151887 23.5459593  ... 24.81665219 23.38426902
 21.43552568]
Test normal scores:   [ 66.16849467  34.67985248  63.81741247  43.50899278  40.73838084
  45.50159356  54.20204059  53.62983208  57.40159511  20.44036263
  39.83025106  22.37425254  41.60515601  51.268152    51.91073161
  32.97560421  37.4449651   51.23172835  45.89915465  74.25148706
  42.84998161  31.65487965  41.50448553  65.1513603   35.7768341
  20.55772347  43.07011377  40.08625861  21.72786376  46.29777138
  43.67973536  65.51706622  49.69542318  50.14969662  47.96593715
  69.63485556  45.12612803  74.28651376  61.47755997  59.11115744
  26.7147507   41.0203689   44.67400673  33.35743244  25.57626791
  59.9354857   34.27036884  33.06427881  39.19787375  41.30192686
  49.48372967  26.32238373  25.16985007  23.01677956  47.0163442
  16.08177951  43.2252995   60.76159848  50.2079835   42.8972453
  59.58624551  38.77844838  24.90656151  62.44466465  19.37665674
  59.93066254  38.0797967   67.73966301  47.58006995  24.54585628
  68.45199593  27.08993579  30.6063796   34.65200008  81.96794684
  42.92989238  22.48360594  18.51173982  59.78297205  33.00088875
  49.38969938  32.55266849  70.83730942  37.11030259  32.26007442
  29.49833331  20.84544165  45.8300055   36.32168787  61.2650195
  58.99508487  59.41094512  50.1488276   39.95018656  59.71650069
  25.65591694  30.90752351  17.5903273   61.48310241  49.44278259
  35.02829797  36.32256806  58.05202021  23.47207229  23.93003424
  30.59118895  27.23909752  40.03696776  27.50674203  41.41589659
  55.21312522  28.64385522  38.05051915  30.64304798  30.34846568
  42.7875231   54.90993244  21.18308923  37.50661174  41.52381661
  38.67953862  51.08536461  27.80055871  43.17445625  40.20739725
  42.94752231  52.84704126  30.53699209  22.21840046  52.88078689
  58.52743283  57.06030785  43.45324496  39.32199393  34.55916734
  43.37294986  46.40985843  41.24708108  50.98184017  62.72983251
  39.01599172  20.05745184  24.74483189  49.00645342  25.24573242
  69.28693235  32.9828753   24.87187756  31.10656761  31.39918662
  44.068419    27.22515198  59.22698388  55.08462642  32.648022
  41.03704554  30.62665475  52.32915587  34.52453543  30.87759984
  55.7409565   89.60102838  34.16454816  35.24042581  38.74835078
  49.78086903  32.39730325  80.25219197  29.79731775  52.86554809
  54.52191299  62.89680628  28.56078756  31.42730059  55.78552051
  15.41044356  23.28757905  39.59274247  29.25790222  45.57017113
  25.9600861   39.06928401  22.33620467  44.62773512  20.48603845
 123.0297524   27.15710313  41.27991088  38.53607403  30.01657325
  26.67913314  34.00255758  29.63861421  44.88006872  46.8946056
  46.35348184  28.51363841  23.17538025  62.51875475  63.48400941
  60.78753504  45.12529329  83.76113291  54.92859859  38.49771506
  36.68883972  48.7274636   61.49685274  42.63472259  48.93103183
  44.52523035  29.07193359  31.20392572  57.70969182  57.64456821
  40.65416084  29.32184702  59.76083205  82.03595722  23.44300705
  20.23529884  29.24554736  35.65418059  46.42694643  67.064722
  32.75010833  44.71392787  32.05699857  42.93119705  44.79399057
  64.3056049   53.25077208  43.74766793  25.31370339  42.45094376
  39.12459104  27.73012615  37.68636766  39.72885355  41.98060164
  23.62425277  34.51478133  68.82948883  38.9737978   66.96611127
  48.09989781  29.1143437   43.8432534   52.8145372   37.04418664
  18.87808201  51.97331891  46.63543145  54.74631553  35.91780558
  39.83494177  22.97860029  53.24217657  39.95783956  50.14063513
  43.18610575  45.37147315  23.05036001  24.42914044  44.60774778
  40.05478989  35.0415667   44.84207999  46.12100243  48.90727473
  65.02507929  30.62799827  25.93076885  45.7531172   33.26996521
  29.98360504  33.35760108  62.54775092  42.19340399  24.03498019
  25.5713964   39.92141322  21.23220228  28.44654894  43.97815494
  31.97786995  50.94989347  51.90617507  65.96591427  38.84450944
  60.96639199  59.72502673  45.60112877  49.66350823  24.22038617
  59.81446291  47.16937222  47.36089235  52.6389121   42.15527886
  40.86440363  45.72587354  51.47091478  62.54546862  31.43901516
  32.26259779  17.66568063  28.3674312   28.21651007  23.23103635
  39.19254792  31.81018285  38.55557511  41.8343552   25.84834345
  42.65023294  59.70300358  37.93011357  40.85055457  21.7808947
  54.17484152  56.02332357  77.26090083  28.94573863  29.99615792
  18.63825816  45.05978026  16.4928281   57.79048849  32.956168
  21.73252633  18.85878458  53.29291867  22.86460809  62.51041287
  16.946403    52.17402291  37.8229085   53.50503583  62.42797091
  47.1575955   64.12583221  21.47035757  44.84026125  54.09294669
  58.59652294  22.98058046  57.82539395  56.02326741  34.45588969
  35.06360563  56.84740472  29.18867521  57.59531338  35.28749636
  56.10207975  28.77736717  46.4157258   19.33577984  38.53568593
  74.38042391  28.00502825  41.99642985  37.58240188  52.33092923
  56.92950673  44.74171454  35.51407208  51.06701715  44.16164861
  35.70970775  47.58137632  24.76716139  24.17025579  23.82873084
  24.60989204  34.21311156  59.72937538  26.90628827  32.32184609
  40.22670603  38.84780488  62.22354058  50.81678011  29.65768951
  43.37617855  32.82126903  29.27343405  54.7586698   47.27670382
  41.07969226  57.5680969   37.77041927  21.6517541   60.62652004
  79.35187449  46.41612413  65.39660171  32.01828981  37.96018073
  45.59470614  54.6232204   44.2022515   32.81034478  37.22482603
  56.30186267  24.34229849  22.80302678  46.484098    37.77487672
  38.55644408  20.60375509  32.42019337  38.81582482  27.67507074
  47.88275676  17.17092831  43.63480672  28.28851026  39.61863841
  39.61569935  41.59375707  32.71533069  38.34316691  88.36252111
  30.64467929  32.4952518   48.1288542   19.41256597  65.7460504
  30.07048684  71.53401058  50.87894627  48.60180327  55.14495265
  65.36897029  31.36679357  38.57352833  57.56468533  45.52029283
  27.37086963  42.5607908   42.60644777  27.48632422  37.12499959
  33.20246716  34.43315481  38.5940288   54.70704969  71.81870358
  40.56765227  24.82715327  45.56430432  27.08850184  24.94075307
  39.33859507  30.38549302  16.85468189  53.25283588  43.07801011
  25.94523732  53.63185715  27.15951653  25.9675182   22.76049823
  36.63256301  45.17731265  26.734224    25.55294657  28.18163409
  46.00586842  36.6420389   39.94002115  46.00846611  45.60736236
  47.807111    63.95094213  32.26053229  41.66033202  37.13965522
  29.92979395  29.20738165  29.7111997   36.83475946  43.98888053
  33.08377598  25.6966538   61.16711199  61.79009581  30.64874213
  43.40205281  45.75231761  40.4369676   48.37439158  30.26393105
  32.41462543  49.12996054  61.3308795   51.13108501  39.71314237
  34.84517204  56.82927632  26.4012209   44.78387694  51.26907086
  48.56113281  44.31184758  55.34005515  48.91970234  43.70668539
  35.58282191  47.21192233  35.49358508  41.9541866   25.17078385
  59.47557429  67.04333877  93.73298962  49.48758108  41.36349437
  42.92952062  74.67964464  61.37489563  41.61350118  43.4848805
  47.64595835  60.57022483  37.28015209  28.65993083  73.61883137
  47.27479285  39.08670563  46.80699774  60.93530142  39.98878717
  55.31105421  42.33282267  58.58679637  28.92125072  59.40888999
  61.03984159  41.45176597  59.07952719  36.93455021  34.21169264
  48.30308976  50.52815073  62.02239377  39.90883441  33.52124187
  19.87316977  50.05230706  47.49642674  51.73074396  41.11924442
  22.4914622   49.04295438  47.70258908  46.65920287  39.77720139
  35.07354462  37.07061617  22.87070751  26.87736874  80.26788745
  17.99072946  39.17240803  38.94661317  19.95442743  34.28064339
  46.2575778   70.83032008  45.14475693  52.13739813  34.48180496
  44.28898858  29.13123953  54.0282217   17.9969286   57.67616844
  22.57369835  35.15739904  24.85166109  18.13334384  38.65958159
  18.36244969  40.24888052  41.38612255  43.29280131  56.8082848
  78.05166342  25.12533335  53.04311901  34.10434982  40.61869141
  58.28423628  41.74400846  35.5787256   49.93635404  57.08114768
  32.36462346  29.5189601   34.13039599  19.11654339  47.95225577
  30.52540275  26.87507772  46.41596794  50.13024418  41.86832335
  26.34053228  50.78338166  45.71473839  42.49245735  38.81111775
  41.22782996 111.71599766  29.45083616  18.00196963  76.43986766
  33.46604651  39.53074907  38.28177858  32.36384473  50.56142287
  37.29862355  53.6487154   65.69047153  51.21188964  42.20549221
  63.2248509   46.51795819  31.49303793  30.03328311  43.47424225
  76.06097771  26.7804539   43.18746839  38.43536656  31.88843298
  52.66822577  22.37898104  88.88912355  23.74407428  43.8317689
  33.96995968  39.06877575  43.55225513  71.53305955  17.56189351
  52.39386613  42.69163682  26.89294752  32.99285435  35.55132717
  37.11949433  74.09376446  29.57860114  27.64029541  25.03174697
  73.46695625  37.86773996  59.8941408   38.18996992  18.41560947
  38.57388489  36.95129065  51.19513486  48.65805177  64.2537213
  45.00900547  26.09613828  66.85569414  80.54381106  18.96647584
  42.7778128   36.52636208  37.91274406  52.70632602  29.65846436
  54.35365083  17.24368185  34.07113223  54.53622684  28.9314275
  53.93794176  42.3751964   35.39531313  39.71865205  26.68444125
  28.33855434  22.89901691  36.45829639  36.56359071  25.40659845
  32.71904995  31.35309812 103.69567956  52.76869845  20.5997733
  42.84362952  40.72289401  24.08497038  36.10098942  52.83623046
  43.23534982  25.46734625  24.88509248  20.42673997  47.40410672
  43.49530276  54.20220703  24.25037745  46.52068407  19.25986226
  29.30164504  26.9935535   26.98658042  50.25511726  44.38744172
  32.67431921  40.27596569  41.03973786  33.35448944  56.81871226
  39.89871555  56.79916069  46.56205093  57.74920095  46.53943586
  45.17075109  51.00501119  39.78993993  34.5619111   42.97733851
  33.06855558  57.25390149  38.23603326  49.24439935  56.14674461
  33.11503879  56.99817805  52.54770774  25.57255237  39.69843607
  61.19246444  43.45030753  44.82021684  49.19231896  37.06875201
  48.54008914  50.50088903  36.01713893  46.60632752  28.06311871
  32.49714152]
Test abnormal scores: [69.56527691 47.95562757 42.33422687 ... 49.42436346 69.44832437
 71.33964148]
