Logging output to: /scratch/mgirishnair/MotionCLIP_experiment/results/multimodal/classwiseGaussian/classification/anomaly_results_multimodalClasswiseGaussian_arms.txt
Loaded embeddings:
Z_train_normal: (3031, 512)
Z_test_normal: (760, 512)
Z_test_abnormal: (52924, 512)
Normal classes in training: [32 39 40 41]
class 32: n=757
class 39: n=758
class 40: n=758
class 41: n=758

AUROC : 0.8092
PR-AUC: 0.9961
Threshold (95.0th percentile of train-normal scores): 25.9191

Confusion Matrix:
[[  118   642]
 [  490 52434]]

Classification Report:
              precision    recall  f1-score   support

      normal       0.19      0.16      0.17       760
    abnormal       0.99      0.99      0.99     52924

    accuracy                           0.98     53684
   macro avg       0.59      0.57      0.58     53684
weighted avg       0.98      0.98      0.98     53684

Train normal scores:  [17.35474607 18.20636981 22.30692748 ... 20.79919733 20.60299376
 22.93212814]
Test normal scores:   [ 33.93722292  65.0720874   52.12819621  63.38445859  31.9451646
  66.79681979  37.35939424  66.7570167   16.42787226  30.65578437
  57.05153418  30.60918771  47.09445714  80.81116668  42.01684861
  58.33335404  22.21689595  32.1852912   30.32534741  50.15079902
  37.8822879   33.38927126  47.89444247  54.72080971  41.80442484
  34.55622215  27.00624866  33.28133705  35.54302417  29.55341081
  46.85280225  67.26967536  48.55100429  65.79013765  31.45935005
  33.13467466  59.11358633  22.45347313  22.83269279  63.82187682
  18.95140486  62.5972493   29.86048867  64.30080484  42.7989031
  30.26317182  34.63685789  48.69799463  60.20237168  56.88902285
  23.43757904  31.42509128  24.74820256  20.18818306  66.9937095
  23.84617906  64.04119407  26.14568178  32.81501145  50.97896912
  27.36347787  47.43808116  62.37229025  23.93589675  50.65836607
  37.75091871  38.66484854  57.60172563  40.70398094  27.69580386
  51.71633978  64.0628849   19.57363514  39.87448831  19.35276856
  45.55156706  60.21787551  25.05951537  29.10033303  37.68961463
  51.46558651  45.28953788  52.58129542  65.43615064  40.67754582
  31.32484707  37.62264617  45.23466193  26.21487839  42.02319572
  27.57918974  17.15112994  35.66042465  53.65428096  33.37421641
  43.16725209  35.65721587  46.3904654   17.74991151  67.06810568
  53.70360438  48.35300844  32.59292326  48.06482725  32.51997539
  25.25573938  28.27608891  44.90698701  38.11491564  54.716915
  52.47562146  55.97462381  31.4342196   30.18561678  43.78689466
  73.35978066  48.40776908  32.56868097  47.94986324  59.2060783
  42.38928146  26.24759733  40.68785327  31.3319798   29.79715934
  41.72895669  52.82111876  29.17243014  30.33232007  47.874452
  64.91993862  41.48472701  32.64614425  71.65804994  35.85306
  50.92214282  51.45435328  63.80367318  35.18232214  71.6402875
  38.51048985  32.08734924  25.11357592  29.67145885  38.44477427
  42.5037127   18.27633675  26.25736104  42.84264852  48.12122186
  43.42925456  52.0751726   18.86680042  38.48945229  61.232857
  65.63792834  22.71082062  56.71766423  56.54321068  29.37612346
  31.14554548  41.05935981  49.12529768  41.68700354  33.27431573
  61.2252025   61.73764263  21.06964463  23.3167406   28.00476512
  26.63664468  49.33429463  41.20767912  28.83771515  24.6652775
  28.58532062  51.02263469  38.91754079  38.56941616  34.07826582
  33.97153935  47.11076709  32.01768947  54.01740227  59.27292977
  50.00996482  58.27710688  44.64363318  39.33173031  70.56445257
  60.48749365  25.30726553  58.12099105  60.59472173  33.31342114
  72.4347355   41.2751966   28.54062733  35.53074682  34.63818586
  47.29010608  53.41690804  56.39737261  27.6866198   52.15244068
  28.53999593  54.44289729  24.26898328  31.56236523  64.48162307
  44.42281064  43.08273301  24.33821538  62.76246762  74.92969789
  30.09062788  40.56385675  41.08670452  24.94181366  70.98856115
  45.94136387  20.06383638  25.44757504  76.81610684  23.7776848
  53.59595989  34.90225806  51.41537032  58.48443045  36.34301521
  51.67764004  35.69027268  67.94607589  29.08224935  46.07881834
  56.49411946  61.27380939  21.63445548  35.4355244   39.25215478
  44.63235246  28.99985293  48.75468641  63.56276423  50.97481745
  31.34780342  21.78062314  43.96320825  55.1318861   16.31783787
  45.60427023  39.1935608   35.6738877   32.95252069  22.04043251
  49.91422327  32.21824399  39.98589924  72.69049088  34.54842894
  62.39174988  31.07412239  28.68692766  56.37224552  23.28768222
  61.04747739  32.04235745  32.19861454  53.29496543  62.36529867
  27.30609708  42.1098967   26.63432654  41.23807917  64.2056395
  66.09113053  75.85837884  35.23082364  47.20084175  28.74848195
  34.31053782  19.91792455  20.52520615  35.84308409  57.78017788
  33.35104367  63.87425576  37.53760346  27.64690173  39.74296793
  28.78519902  40.71806198  45.39287876  32.36968128  48.56876119
  44.65918281  45.1517027   50.69353232  87.50895607  42.58354638
  60.82691179  47.58659105  52.86330031  44.98722036  48.25991795
  28.05689925  26.37263659  33.4216188   29.21664744  75.82696192
  56.41412007  16.61646356  57.34305696  59.34557786  32.63350312
  40.86333588  45.50327345  64.0920646   32.72471942  57.89480086
  26.15283956  35.7465361   48.58909227  25.15312625  45.70860723
  40.4273361   29.97673611  19.55845239  64.64980747  34.95439149
  55.82553502  55.04669858  19.267357    18.59429113  46.91875375
  26.75915216  19.61744319  49.10791738  42.47997127  55.77957297
  36.52152288  22.02154333  39.92662909  25.45184701  56.54404084
  28.71403568  54.54484619  47.0682818   38.65827065  53.27151367
  60.46474789  51.20491657  22.86532692  30.11747979  23.96630828
  61.86479244  66.85312777  31.28348108  59.9929493   44.56544594
  38.97806427  45.83982214  34.50504729  19.30782934  17.95263559
  54.19509479  45.46355061  29.54292939  29.69593849  34.60880488
  51.63751016  56.14187434  48.46788391  46.84375351  45.55154163
  29.99522791  23.31741896  70.26293575  47.50674388  44.69445464
  61.71736833  43.97936052  19.92516287  29.65684444  26.76942942
  49.83096038  34.30825356  36.46535301  55.54938342  65.40709225
  51.69766874  21.10565345  46.25835899  97.27877735  67.46251718
  62.27052636  33.09843763  43.27414232  44.1206089   26.99239584
  45.99993259 104.44782194  21.36453566  24.30217579  22.87656644
  46.88759453  82.83614221  34.38166477  21.36403385  57.06706525
  45.40171232  46.6457809   63.92524632  52.58998294  30.00833713
  35.79283562  42.45020443  63.891383    56.86463873  52.58974952
  36.96192091  55.22469822  19.26853137  59.15951181  29.54548793
  38.82753994  40.9638309   55.06606318  19.96421187  34.12923833
  19.14629172  45.97542726  35.5033767   30.50075706  54.39567667
  30.27528974  22.34796285  69.512616    42.42084716  44.53331462
  33.36887207  25.08368602  31.29527833  23.15964506  33.95215764
  35.51748189  27.7370462   46.46631816  20.43251436  54.23128885
  21.78139859  51.58060308  69.00743611  23.52427956  52.64178672
  65.55126658  26.0756835   20.1305187   53.71885036  30.76487598
  40.36321074  63.97466695  26.35451434  57.0733438   50.17437134
  30.22103735  31.71266328  43.5992026   28.98283766  42.30825521
  57.21744328  23.71108832  46.5131705   47.08216418  43.61536341
  50.44882724  35.66705414  25.24025518  25.87820573  38.56008867
  49.37262912  36.74956791  30.87883091  35.53148604  67.87826323
  25.71552263  63.32718702  29.28913982  32.4689869   35.87424633
  38.19020867  23.71428019  21.99648615  36.14560863  32.82351898
  34.88580469  30.51286112  54.94745663  53.48998904  38.66889914
  47.69900719  52.50482923  39.94056915  48.79393729  59.26684427
  55.59069527  49.38467369  25.60898169  40.87384573  68.82855578
  46.33442776  47.35761921  18.89396196  43.16365596  40.7516483
  67.39746994  30.14635243  29.12689066  20.9920722   33.4106209
  36.90387575  55.55818579  30.72669281  23.54191516  28.9529033
  18.18092004  23.86782758  42.69982054  37.58169377  46.54648345
  38.08197359  49.76447472  22.47997375  55.50325394  51.89501572
  50.10425537  49.32962073  55.78430211  60.51761966  68.94576109
  44.64703234  17.33005587  44.56775131  54.6486427   56.81189954
  33.13022429  66.93583736  34.32749534  51.0573937   26.99628996
  61.25465371  34.20918983  23.49250803  33.81031497  24.39592781
  27.36783801  33.39349764  60.50576102  44.58610419  32.39960081
  19.47243445  36.23076805  64.31341469  38.85260925  18.54798993
  54.68937996  67.02068052  30.1910995   53.65415674  36.80604061
  61.76426093  33.26339669  50.92034341  57.41646175  62.96510569
  25.10197026  44.68770522  27.80064795  34.12308042  49.19822509
  35.28649096  32.10511424  29.63103126  23.41996272  48.05166041
  19.36440429  43.77926758  42.4458174   46.78894812  23.11564686
  25.74719014  35.43484345  37.58365838  30.26338016  44.00238084
  16.66880481  32.53095255  39.52039323  68.84549597  72.47541454
  22.76988105  31.71709089  19.08319765  58.48521317  25.3114207
  26.79498784  56.73375603  23.29996447  62.7231262   34.61009359
  24.70748306  31.8562238   44.88636269  23.29130599  27.39311478
  62.43254661  26.31363292  66.48505395  50.91135193  21.52997159
  42.42568801  59.09414549  26.98019854  47.5406043   25.91537183
  71.6957318   65.86462654  32.2035385   32.84464549  35.13671918
  20.28768372  26.35438904  51.96374849  58.55757272  37.27520321
  63.42439401  30.09065153  71.35875442  50.44990159  50.54832281
  59.27771724  36.30399094  53.38174091  19.36622591  49.58656379
  40.04972927  30.79338626  52.55949338  24.25081255  71.04712541
  31.01689452  24.73279541  47.94821711  56.34584856  50.73822897
  24.98630416  21.26497133  27.33792915  48.59923156  64.34605534
  37.35329526  43.74926319  40.53333894  29.78373493  45.21924765
  65.28967626  44.2883671   29.43895934  23.38023536  58.85871248
  43.95011047  24.54755527  46.0042641   54.23614482  39.0033935
  53.89375876  46.00704588  25.74110999  48.6887315   52.56014092
  18.13201135  34.86588433  42.71023477  20.10025691  33.4448717
  24.01450356  50.04975192  56.55593241  33.83802948  40.2405591
  30.2140246   37.67132727  37.04138474  29.34864672  44.49726805
  61.65879421  34.10812177  54.61849254  57.41856518  54.79106759
  33.48728163  24.24969205  28.89525152  28.38658308  56.22269632
  59.04632413  39.95279137  50.91500914  17.3105143   20.66722159
  39.86934203  32.39162767  26.78030528  42.28306409  78.38321126
  38.99498791  24.1188309   31.53247898  70.17820767  40.79762361
  59.97784549  27.26973567  29.09249872  30.33447264  20.74219305
  46.58934867  27.77736426  21.30604926  46.00131161  24.88196451
  26.56512131  57.48627167  15.31133602  51.20102258  33.64572357
  28.98292203  66.06426124  37.04325231  53.61038914  49.10985033
  58.06525807  66.63304726  36.79785671  40.78986212  57.19982026
  28.87561239  36.79632849  40.72594731  54.73319461  50.23542814
  44.24577553  53.2574215   76.55639799  28.486208    57.49427268
  32.57407375  49.77466122  59.62259939  58.80198095  31.28818885]
Test abnormal scores: [80.00224938 36.55379048 42.00459767 ... 47.09058343 60.98577613
 61.22575774]
