Logging output to: /scratch/mgirishnair/MotionCLIP_experiment/results/multimodal/classwiseGaussian/classification/anomaly_results_multimodalClasswiseGaussian_random1.txt
Loaded embeddings:
Z_train_normal: (3024, 512)
Z_test_normal: (759, 512)
Z_test_abnormal: (52932, 512)
Normal classes in training: [ 4 32 36 39]
class 4: n=752
class 32: n=757
class 36: n=757
class 39: n=758

AUROC : 0.8266
PR-AUC: 0.9968
Threshold (95.0th percentile of train-normal scores): 26.3878

Confusion Matrix:
[[  138   621]
 [  810 52122]]

Classification Report:
              precision    recall  f1-score   support

      normal       0.15      0.18      0.16       759
    abnormal       0.99      0.98      0.99     52932

    accuracy                           0.97     53691
   macro avg       0.57      0.58      0.57     53691
weighted avg       0.98      0.97      0.97     53691

Train normal scores:  [23.30465376 16.89514374 25.31409623 ... 23.3880476  22.69834967
 10.04384342]
Test normal scores:   [ 61.77856675  49.01244273  78.6067851   25.44284071  22.05036655
  27.89127459  28.54984369  35.69575084  13.93071906  23.81121364
  36.02297683  54.82321502  86.276263    10.60165588  36.50189143
  46.87213696  34.26365172  42.65107959  83.00052347  45.33990533
  21.90885198  21.91969443  39.99548426  39.2998961   45.71819142
  53.11208638  61.97685727  71.52241396  34.65079313  27.82784755
  37.85119723  26.44282448  39.47258515  21.08220753  25.73996527
  60.38954583  43.41376413  47.45941418  74.51931624  35.03417552
  20.27642798  37.95589292  47.71318017  64.18172034  72.15428893
  26.16756733  56.92519839  19.97645254  50.20960437  44.54944678
  42.50539604  40.95201538  36.33889813  32.21478636  53.11797021
  22.68664553  31.80267311  25.20702681  46.50004047  25.41442319
  18.94481899  43.07390977  27.22009058  45.3472935   31.83679036
  45.93537079  42.56322128  33.78522849  49.34871469  36.75356867
  72.9188424   32.49738844  53.59088916  45.78078152  34.91444225
  38.18210871  69.08046664  43.80235955  40.73129905  63.8057475
  57.00257563  86.84968989  25.7267645   48.39024702  34.31622892
  62.17880483  36.24228789  56.79420312  37.1434725   31.61404683
  25.14249976  23.1207915   63.93497042  45.9251249   64.86250604
  59.83482665  32.60633254  46.38670806  23.40603441  26.5521008
  63.13732629  60.04260133  41.14846662  50.3505777   40.35745499
  28.64783229  91.13692344  55.03798203  23.72205933  82.57790276
  29.79923926 109.0192528   57.03984152  44.08172362 108.72925859
  68.84518894  22.65666658  40.78228984  22.6149553   49.05192063
  30.98474296  54.15170085  39.80505833  82.3039407   23.50796155
  20.70673734  63.31331431  59.64609188  23.30059336  25.34546839
  41.52013175  52.02254009  46.21830441  27.84512433  19.42096716
  18.68676399  62.87455567  50.71020455  22.18463945  50.65830476
  67.89260644  32.34126625  22.70195517  50.94095118  44.19935065
  21.36062113  48.35327096  37.6005813   68.27608465  58.98987731
  62.52407641  48.15014078  56.12869191  42.8871366   57.93264635
  23.86061746  49.15724811  29.96895474  27.02374856  70.64713077
  53.27958434  40.72397474  25.08253502  53.52989746  38.30358879
  56.02566824  78.55895043  21.40078277  69.81123302  38.18216354
  85.04125146  38.71604161  23.15065344  48.33256263  39.18399104
  32.11630659  96.6069766   66.43784351  44.5469502   31.55349147
  24.53971225  37.23067477  19.89890688  89.12629209  24.59786503
  47.93412404  34.04620694  65.76190386  55.0559664   19.71231967
  56.29709884  22.55374026  42.61499889  23.73490509  47.07512446
  44.03105304  37.92575354  29.20818676  29.54165135  42.86124112
  46.72899546  32.17566395  63.97098184  55.01016916  28.44416308
  27.06040073  58.90232225  51.9346652   45.03393471  40.94292539
  19.06251169  92.25734361  49.10580234  30.25632941  56.53117294
  30.32174542  47.47041684  46.37422055  34.60437492  42.13180676
  44.83543667  28.81952245  46.70041029  26.22625966  44.35421084
  51.46916302  20.52364216  29.86329985  47.97863038  37.84316837
  35.5096854   34.6607094   21.11044961  35.27439699  73.71525921
  29.31285486  66.80536107  43.7749754   44.37828949  65.67996833
  29.84698899  31.2389743   35.2618885   25.78159482  61.40117643
  64.55439961  39.85449527  25.89202471  29.10908497  58.20617779
  46.9480146   23.8512951   41.49759315  23.10377655  35.81950412
  85.78558158  48.13364555  50.02543411  26.54080129  62.03420963
  33.16175134  54.18011223  25.92412595  32.43012376  31.65524569
  22.51206315  38.5231214   30.05184358  38.34575565  39.96514054
  25.58933954  79.32471177  52.1230037   18.15362993  26.86143596
  20.73345825  32.34667354  53.45654159  24.04584995  56.98412076
  53.04907997  29.99502071  67.09629836  49.7110802   36.14588193
  23.39345524  42.0863779   51.20863684  67.70916863  36.61460034
  62.23264145  39.8534224   28.63345522  15.39140644  24.6535901
  26.30115079  35.61981357  29.32001977  29.17141896  33.47812285
  43.13048122  45.82914809  51.32703248  19.7249277   28.78900297
  60.02073814  44.43133091  55.59572299  43.09471837  25.44035215
  47.03797232  54.57687129  42.35981051  57.46425561  78.05533359
  37.83848542  56.45774889  23.43604435  64.36114131  30.04709942
  43.06753279  43.19930695  28.0808178   54.08780937  25.72945722
  53.39694191  48.21025857  36.22640844  37.46903884  69.66960337
  18.13364023  30.9514742   26.92296844  43.41995192  60.63340099
  68.47767435  30.74358398  37.96568962  66.37056285  22.45035795
  25.02719477  69.52970449  37.76498879  52.87006861  19.25954609
  53.88518493  55.20750073  27.22101396  21.71819342  49.76327354
  17.56854513  55.02134028  32.18519315  18.25220691  80.41049792
  43.8597029   53.30793894  42.58572961  64.11744744  50.8871732
  68.18387085  29.99948204  37.77868386  44.02745489  39.12089485
  43.88966829  42.86510709  46.19809523  60.66153679  52.88744213
  59.39148626  12.13945176  32.48470336  20.34531818  59.67446522
  53.85589798  16.22037408  41.09784759  33.52659848  25.96059077
  59.19730635  46.82091518  59.14766312  78.76222198  35.85340338
  63.51400272  41.56967922  30.81166471  53.70355125  28.98872123
  65.69568496  65.45990835  57.81641503  49.31219222  16.91665605
  45.52620107  28.34387776  23.93702266  33.20726217  23.11124818
  27.40340674  44.22485472  49.52849371  32.48800884  42.94091782
  70.94917745  28.8862496   32.83708706  61.63512506  51.54444558
  24.25678031  46.88484234  48.47565245  69.42950357  27.35170212
  42.02682383  45.41253023  41.16490157  11.43537206  47.15940163
  43.64300685  54.18312834  76.67185752  43.06252686  31.63118943
  29.06754935  19.38544832  54.50775859  52.67005385  49.92848069
  38.46813059  32.83710278  31.1530404   34.07569566  37.62080504
  44.13500453  26.87669401  48.76396739  51.83079968  49.56581314
  31.88231371  41.63069245  52.37046889  44.63504895  57.40404899
  49.21939966  52.184556    79.53480502  65.55211031  29.37308254
  42.24276081  22.1680321   29.83340437  32.94098601  72.49623018
  44.18480437  41.80436453  21.809056    26.67610439  84.96627851
  29.9491284   23.12915882  48.79131595  60.15377336  25.61723588
  51.07268898  37.33019369  25.7074249   38.99175172  64.09875734
  90.64949222  37.52854562  46.01366746  58.38371492  22.53580694
  27.4461112   29.53025631  35.36272142  26.65616717  68.35560444
  17.01791338  52.38420672  33.69427273  59.86445189  34.8248324
  37.51834411  61.76120709  26.46314879  25.05598872  40.03113429
  51.82460484  81.28199844  31.01409903  44.67964195  18.4236097
  56.89124072  38.99238819  53.91811562  51.67141827  40.02452527
  35.14561203  55.86030237  39.69453383  77.19427583  49.55856074
  75.27642963  51.71297582  24.84889342  14.1224189   36.02140569
  29.80082197  47.83444439  46.0136393   22.80389207  44.07044841
  33.83852841  32.91478132  50.6994164   34.72161959  63.34221006
  54.62423701  63.710536    46.41714529  23.88983051  42.14855501
  66.81292266  29.76531816  44.50503461  37.39331356  59.23165307
  59.24237486  40.74636964  25.26346774  28.92332712  39.41680598
  29.56235839  25.10125254  27.50071793  35.80645123  45.04669631
  42.01734462  19.70866727  24.15130718  33.77152254  23.77290352
  49.46937214  41.89757079  23.15933401  69.37194477  53.81869415
  33.05516684  82.97428818  67.82271876  50.20684403  27.95824568
  17.2084933   25.22794192  49.298387    46.45210087  45.70645752
  31.27183717  16.19510524  22.98387281  32.20415405  41.10055991
  32.04378193  22.30837865  43.01681058  69.23578219  43.83512449
  48.69753975  12.01900784  55.22849808  68.39023896  74.1032849
  54.16792929  46.51860091  74.40327549  26.66530662  29.60649142
  34.33291293  40.70520033  40.61895946  39.06397461  48.64565584
  60.55461976  34.82285827  74.45258856  49.2845674   85.14674614
  71.47221403  42.94844034  37.87742977  42.03837112  18.89201238
  26.13105495  32.62372037  22.99234893  60.59887518  47.13857116
  42.84438496  74.54517235  48.22534367  26.1823331   32.62152556
  22.33792261  39.14693247  36.13765135  80.52635339  16.19921859
  27.44199279  44.58383465  25.50709074  65.64651345  40.78769733
  61.94769192  40.39491319  26.78719005  54.79640999  51.90846078
  28.02531274  72.85290831  25.18373244  42.7074823   48.69016284
  57.66652942  43.11806054  18.87875196  26.77376867  33.52900143
  18.69214766  32.95118071  50.83686498  37.06244593  49.22792656
  30.70740982  53.37263032  60.47909885  65.22362908  26.94949818
  51.53478943  70.92966243  33.47562261  63.51711326  29.8216244
  32.05661575  72.91904861  26.99127454  76.54824676  71.18328267
  38.79784266  30.58216853  41.2157751   34.47346028  20.67025207
  66.63511577  41.4291644   29.86386715  50.11926528  45.69396027
  60.15832579  43.66867612  24.36809374  25.57019483  20.02628103
  49.50920575  66.78943641  19.0343988   39.69333711  29.77906642
  19.51051797  22.44105304  29.04852972  23.8191036   78.24245493
  38.08104265  28.16149651  46.8096173   65.76393905  45.00424599
  37.44320133  47.64603477  35.27744615  74.02585289  37.97883618
  31.2823052   94.2905402   59.06392377  51.11994771  28.61878073
  51.30142094  46.66084704  64.2297897   38.9152046   27.59218862
  48.45222998  42.84948244 109.21040548  20.03690721  51.89673753
  50.29551872  33.02584061  33.67107537  85.51323112  48.47812353
  35.97655251  49.00549058  44.21153018  23.57945151  63.4941935
  35.29353383  44.34067085  38.93555745  63.94503585  34.96889889
  46.86432342  48.58479558  58.70425478  17.2868006   21.52517298
  20.46515534  50.23251914  25.78482939  18.95035399  48.67540957
  47.71568472  13.26406057  76.85208021  30.60444478  23.08637904
  44.28683122  34.25655513  33.60466751  21.66191634  47.37317461
  56.61771919  48.61844144  18.43891443  40.3959447   45.95367986
  14.29440716  29.22450827  52.36693277  28.12475271  50.43835594
  21.33036167  48.59531206  32.52163948  22.03118569  64.8632153
  86.33527523  60.25182253  50.07505835  30.23504939  31.7570033
  43.67961475  50.57718107  42.96661357  43.31677678]
Test abnormal scores: [88.01900693 21.15090965 89.84523449 ... 45.86586025 65.07790027
 60.67239512]
