Logging output to: /scratch/mgirishnair/MotionCLIP_experiment/results/multimodal/classwiseGaussian/classification/anomaly_results_multimodalClasswiseGaussian_random5.txt
Loaded embeddings:
Z_train_normal: (3030, 512)
Z_test_normal: (759, 512)
Z_test_abnormal: (52926, 512)
Normal classes in training: [30 34 35 53]
class 30: n=756
class 34: n=758
class 35: n=758
class 53: n=758

AUROC : 0.8018
PR-AUC: 0.9959
Threshold (95.0th percentile of train-normal scores): 26.0479

Confusion Matrix:
[[  107   652]
 [ 1424 51502]]

Classification Report:
              precision    recall  f1-score   support

      normal       0.07      0.14      0.09       759
    abnormal       0.99      0.97      0.98     52926

    accuracy                           0.96     53685
   macro avg       0.53      0.56      0.54     53685
weighted avg       0.97      0.96      0.97     53685

Train normal scores:  [22.10710307 23.08914164 16.6304168  ... 25.40958735 23.41938969
 17.69882135]
Test normal scores:   [ 25.26465326  36.21567289  57.34348822  34.04442912  29.02863494
  37.79624286  60.04068235  54.55134073  48.52880269  87.76984122
  34.21725047  48.7945925   51.10567918  46.46042844  67.97556337
  49.60786135  47.12705941  32.55843607  63.30321295  53.6735708
  71.73532424  34.65166984  77.47573048  41.78868221  68.78156823
  66.44921325  35.53922371  39.21393272  34.97692422  48.74213344
  50.11593938  39.68180049  23.6924809   68.19051812  61.38512319
  42.2933359   19.11658974  38.64403913  26.39367131  76.84522507
  65.19196408  48.88479956  42.60457271  31.86188722  33.84270856
  56.56662419  42.66402747  61.6183056   58.1661664   83.45047184
  16.69543798  61.76944438  46.07390229  45.20937792  41.51294926
  27.29096025  17.52355916  64.67259007  25.32805861  51.16486139
  58.8594609   57.05824757  24.55491339  13.6271805   32.84007201
  29.44843514  36.36389854  29.16351318  21.95246791  53.57547544
  49.12949764  50.71138733  50.91310484  28.4044839   11.52607606
  34.27341529  30.02201509  21.5083423   25.46128604  38.58242096
  88.00527396  49.22419572  27.88992158  81.32787266  47.47237262
  56.20022178  64.42664155  55.37961404  25.35274135  27.70967831
  56.45084436  68.44456294  20.57300938  69.70618686  40.15969465
  49.46635325  24.45561153  82.27771421  83.23085758  55.82998539
  15.05576274  30.05931675  45.25981288  24.3306145   52.84308643
  33.69408658  30.59390983  51.34526229  19.2023949   40.08594381
  26.42565731  31.30665834  83.67360767  35.68351044  78.05004331
  65.14012711  17.65698297  26.69916468  50.90802791  62.8219896
  38.94851472  69.130958    32.30662277  29.54199654  57.55200365
  33.97853694  39.3279672   41.30669181  42.9524505   33.84124984
  39.76578332  32.23445575  45.88276364  61.7172229   57.68538129
  21.19373645  35.34822364  26.51218058  24.25115162  40.44413864
  25.20711821  24.35709061  67.66225418  31.89487875  48.96620336
  33.96660737  29.66504872  38.72430035  34.22707856  52.00093749
  49.90322463  34.67788331  56.67947876  42.81007231  45.64263761
  41.22381762  23.65514581  24.31282182  58.02171649  31.60081762
  58.8662329   44.71816754  49.58004181  52.87573191  39.16592172
  66.55251297  28.05795515  28.81705259  19.59517113  34.84751829
  21.30965952  35.98297008  44.98670773  32.91614492  46.32931049
  31.58054325  73.37960442  67.30187423  80.05903005  36.94832391
  51.82947826  42.18780878  47.0120643   36.38147294  51.6506213
  12.09164031  32.77281561  32.89272837  38.78268357  30.18563668
  47.54752237  32.98217204  43.8598722   53.19217522  88.73561035
  73.7272194   52.28915913  48.93142889  62.68427845  43.25203647
  29.30874822  36.1456834   50.7304481   28.32815264  52.002663
  29.11222837  39.60168423  74.72577661  16.82958233  45.80164973
  43.98831466  38.91329457  54.38289046  40.68162174  39.87184436
  37.00398219  31.76867512  15.5017102   35.76334604  39.5717693
  70.60428334  80.52588252  57.05576062  38.82880958  30.86883996
  42.40512253  42.85364668  38.61312949  24.0080187   67.76518643
  63.84972666  37.61506997  37.5842582   74.61245074  37.10782939
  42.6340805   33.53714802  56.89712079  27.77863686  38.16248046
  19.51493178  13.2422311   38.1155319   33.22230386  54.0493876
  49.46373261  22.75332277  71.47278494  43.60138635  71.16859995
  29.70472226  54.87246214  37.15172044  55.04443472  20.62653777
  20.68343747  19.86216309  60.50519759  39.45803248  63.492053
  58.92882351  35.44035832  24.81479089  84.65728536  51.79323316
  56.53052526  56.53369747  59.10094236  51.41614882  29.89790298
  40.78920793  41.1436376   45.10178877  45.58259662  51.41676155
  32.77338545  22.86838782  16.55255826  19.12810928  26.56232625
  44.86363206  49.76771341  34.79213889  36.68026209  39.58747998
  27.03691379  31.67220873  29.47640787  45.42673927  34.2616522
  70.03768447  32.08638568  70.37947532  52.036694    53.9052625
  82.25420072  39.42515747  42.06337708  75.5031229   58.94079291
  27.88499684  29.49402934  28.34591865  44.16827375  65.45299136
  50.08262556  15.69116451  25.22256952  27.42519476  36.74721008
  36.09776556  66.52498022  47.63656586  39.03216828  25.43907542
  80.54632448  41.7863997   57.21094824  41.12431985  30.25334613
  46.72806535  28.98893008  17.51150684  41.24194071  44.94117214
  26.4739288   43.78754001  62.21668968  66.37650892  81.62815589
  39.78597756  25.09406397  24.74087357  40.67760786  40.34177064
  79.13431107  22.47898782  17.85064691  59.28379893  21.1553108
  36.03827869  27.48149134  30.1246055   69.60223936  23.36501784
  52.91726338  37.28326143  29.27718766  64.38089899  40.49859174
  39.00050848  40.08700075  58.16445613  36.94243712  63.92218768
  39.46740913  20.12731748  44.69646793  48.24390866  40.12881096
  33.65226246  35.94451107  33.17492458  28.22248044  56.70673216
  40.33661663  59.06411386  22.08991324  42.46997739  45.46968124
  83.48807934  33.97157026  86.03203638  54.81446476  43.58160386
  30.61917401 102.56321453  37.19099063  51.31671922  26.61476151
  50.19077324  32.15794601  40.03251341  26.96399485  45.010401
  57.60736753  52.97193848  45.93159371  32.40591172  25.51152208
  71.80284258  22.14762602  65.99254912  60.79333847  20.17356571
  30.59570237  29.09974422  47.66223846  31.62354212  33.51274288
  41.60948163  45.40229933  44.029367    44.96719343  42.89647934
  46.05653785  19.54046945  29.03994776  60.7347204   31.65363105
  38.35877419  20.54611566  61.24048093  31.0532039   29.34099092
  48.09081995  49.62572647  34.4971852   43.76316914  66.36199881
  10.16726639  33.85107728  31.68073668  30.34379041  40.9956086
  37.56961604  32.75336005  35.04945143  59.32731883  49.49467883
  27.11690029  54.46300006  33.14755569  55.02290399  55.98306433
  26.41295842  42.70566196  35.73286608  57.51105905  33.09035631
  68.28392333  27.22541466  42.53367698  56.08844853  41.05902399
  31.4997174   37.13004366  64.29059487  46.38420825  32.73990624
  13.80369445  75.75131247  48.42164312  40.03503611  18.79677616
  24.27061293  66.48269988  26.05426656  33.66534877  43.15346473
  26.3550467   38.14900577  26.36374669  61.23233428  62.58411757
  25.18938451  24.23641743  69.83232572  29.92619234  35.73705385
  24.12870886  27.17379639  41.25143189  79.90827005  42.87727513
  70.09491148  66.23540367  68.18431763  25.41614768  36.63254864
  45.65682863  33.64317942  41.36756338  33.99467721  42.36608263
  31.43527667  37.2934184   25.33817044  50.61582402  33.85574971
  31.98564174  49.79176818  48.82794494  43.68191079  30.00946422
  27.23101099  23.96983226  57.43204952  38.0825634   33.20561071
  41.21985381  41.22506014  25.32294365  34.24078646  33.52752981
  37.43499001  27.90569607  69.8622968   72.13866796  31.52405593
  33.33159881  35.40967104  57.44449838  48.85906828  29.612127
  33.64580599  30.30204059  30.02714285  22.37567824  77.2051829
  30.36904111  41.57573131  45.31515049  63.13879213  52.97072493
  40.16237062  16.3035636   63.31755291  46.47298192  40.90824491
  52.43131255  35.88324055  31.0863355   51.42690646  34.39467846
  49.06613911  49.36944068  40.41118957  17.52278636  19.98432919
  26.61517771  53.5454207   65.87894556  39.61465698  12.78461732
  76.467815    19.82273818  31.22999032  46.48125935  38.49524185
  26.40022649  52.80893254  67.53919817  22.71066163  22.66679062
  53.05318404  35.33363791  32.78085236  47.27454471  52.73230834
  25.84952712  33.11101971  46.87431486  53.71181647  39.19609831
  47.50627123  25.80289844  52.36499291  54.934372    28.21078613
  11.68257192  34.77813601  44.58924811  40.754364    63.70972994
  28.2529862   36.00632674  57.54360973  24.20257654  42.39323341
  42.65244216  53.20490108  39.74869206  32.89134664  38.5722992
  30.77539606  35.20756135  27.21582936  24.87266094  60.22489623
  39.35614081  25.6458898   44.21106077  47.57818378  48.75029755
  43.25332018  26.37517959  18.65931515  62.78735125  44.94260886
  38.6418337   32.60359703  55.82090518  48.12884989  51.31561158
  44.88432267  51.75058544  32.15368383  20.77435526  40.04993657
  38.16946488  36.00045884  45.12489938  56.77370786  44.65123896
  30.28645396  35.82759124  57.97616498  30.70598051  15.08471375
  26.91242841  31.21720274  28.74318194  47.57926119  41.22991577
  16.79384124  69.19935117  21.24912146  69.29154181  34.62935095
  30.63567184  74.80628702  31.8795112   24.74428738  48.30543517
  53.2832645   42.46575259  47.64942045  29.48300767  45.61421807
  31.32756716  97.20057075  37.718023    47.84326858  33.83078959
  81.16096254  24.1356415   29.12650932  35.82252234  48.87915108
  67.5254249   48.59574787  49.45082555  40.5039318   34.30388627
  36.50192764  33.22276516  23.72288495  31.51385061  18.85647585
  55.14030861  46.13107902  25.73169333  60.18830773  28.88455468
  62.19306672  27.66523259  54.39352932  68.8793516   53.1527794
  70.21969983  35.76425116  53.8175361   18.06915186  40.92095801
  32.90875935  55.93919174  38.21144552  41.4133437   63.78103523
  20.59844319  20.92275386  24.82322756  50.45823836  54.51794561
  29.53251857  36.523176    90.12578063  25.89931106  23.29779582
  50.46777228  72.82696108  45.06821938  34.40492418  57.389186
  33.27713739  62.94451812  48.73787645  35.81498859  37.54579856
  46.08101925  73.69323966  41.27901286  37.8680633   62.80187645
  56.79548579  49.18030814  60.84575232  43.92384774  43.07499622
  33.43438087  36.85712622  59.26141598  18.83403215  41.12380311
  55.92095583  57.41890418  31.81719435  29.00962555  32.36513253
  24.24181226  59.21644803  78.21793525  55.59533782  45.32544936
  41.57616359  52.84185081  30.2214298   23.35926214  59.24625561
  38.29947111  31.8264315   35.08378264  22.06293653  33.2437144
  47.40380922  23.25579812  26.22173752  43.72353484  63.13063238
  51.05283737  47.40357885  45.47042053  34.38809888  18.52948158
  40.83586748  26.02498779  46.63361359  33.84839838  29.20210958
  22.81927769 102.13476547  54.7703748   46.8412635   51.19468117
  35.07287453  40.59080626  36.90870072  48.52613764]
Test abnormal scores: [99.81865229 16.71301468 78.47521387 ... 53.49388394 60.5105185
 41.14039119]
