Logging output to: /scratch/mgirishnair/MotionCLIP_experiment/results/multimodal/classwiseGaussian/classification/anomaly_results_multimodalClasswiseGaussian_random2.txt
Loaded embeddings:
Z_train_normal: (3019, 512)
Z_test_normal: (757, 512)
Z_test_abnormal: (52939, 512)
Normal classes in training: [ 1  8 19 56]
class 1: n=752
class 8: n=756
class 19: n=753
class 56: n=758

AUROC : 0.7339
PR-AUC: 0.9942
Threshold (95.0th percentile of train-normal scores): 25.5166

Confusion Matrix:
[[   45   712]
 [ 1032 51907]]

Classification Report:
              precision    recall  f1-score   support

      normal       0.04      0.06      0.05       757
    abnormal       0.99      0.98      0.98     52939

    accuracy                           0.97     53696
   macro avg       0.51      0.52      0.52     53696
weighted avg       0.97      0.97      0.97     53696

Train normal scores:  [25.39400014 25.10613964 19.297771   ... 18.62385441 21.53408834
 21.7886394 ]
Test normal scores:   [30.01051485 41.24786808 19.34917151 39.6088837  29.63907833 28.23300584
 47.41117599 31.26579489 34.44007358 48.92531697 43.39145454 38.31232828
 28.24443904 32.7148087  42.5050627  40.83400394 60.13968392 39.32773481
 81.11584833 37.30087804 85.71414149 41.34838096 38.66276639 34.97908886
 34.49955706 55.91107747 30.60199545 33.22299103 28.8844188  51.87824153
 37.84880046 40.25389767 36.88761112 37.90444214 48.33430095 36.20520038
 24.02352955 44.68965418 36.24986583 42.95527314 31.07006944 69.09236157
 46.2717448  28.9519333  40.5518394  31.82252776 30.40419087 40.96265096
 43.44816289 46.47856937 58.12280989 61.25034529 53.81296088 53.01316367
 27.15366657 39.5610098  46.52371214 49.41915362 34.32541123 42.52516126
 40.16072776 33.60534388 52.63580827 56.71506127 67.24746206 34.01855146
 23.34499505 44.13755245 54.95573448 55.9128674  27.35872759 54.09870865
 29.6396434  35.317461   38.3601744  33.17927192 50.05680539 35.41353754
 39.85323405 51.50467737 40.85323853 48.72902806 63.30997623 32.65560279
 34.98695427 56.21460354 46.66610319 43.15467539 40.71215709 26.60058809
 51.13874194 48.25230449 50.96310905 43.20376848 33.66817143 37.95709058
 35.10414653 42.69648791 43.77841263 26.86101685 29.19221889 43.73093014
 34.54902432 37.66429242 47.36954575 57.61328516 63.46638618 48.0263455
 44.92130965 25.08228443 39.28553823 46.27086519 47.01597702 35.97566013
 35.4363035  65.38029771 33.55959247 27.45297578 27.53279934 35.11658313
 42.55522913 34.01329316 43.3992965  33.25288845 49.20027024 47.26120405
 33.12479733 26.41724188 42.83299894 20.85572743 56.69974732 52.04470132
 37.15263102 33.28359213 50.01677693 74.60474451 27.6741466  54.54421441
 24.1647144  38.77702277 41.37413712 29.66966756 24.84485187 68.41331616
 23.62881916 28.13101191 36.8778285  27.50401046 39.98226311 44.17103648
 34.28415123 51.19953399 28.9362954  30.39011359 45.1692089  48.0629653
 27.68887609 41.3616628  29.62157865 41.23986043 43.9304887  46.78335872
 22.35755124 34.64260327 37.51275692 31.76311833 24.93547908 41.80439631
 45.81982478 31.39271599 54.99703815 38.24291439 43.19180553 37.005599
 54.10694506 39.90115336 30.3560826  30.29634966 56.06157642 50.99932818
 27.84641888 40.63005198 46.62983527 31.1366979  35.90868054 75.1944837
 43.82615139 33.07168542 51.49865511 28.14892536 27.00578579 64.01135797
 44.34779112 57.14800114 53.20229012 30.12395908 39.95634216 37.32418645
 20.25877442 53.96369389 35.88830573 29.75893989 49.89400236 56.67449988
 52.85116055 50.9612902  41.29223186 40.62893987 33.98598048 41.94244063
 48.52825421 49.37600437 32.95603895 44.4702991  33.51242547 36.34474386
 76.33794737 67.40479408 49.80247632 60.04876822 54.34246423 56.79595748
 25.69971052 33.79138585 42.10779813 32.34643985 25.64691449 48.72461564
 32.66159169 63.50312133 55.66030009 45.28065639 35.14529411 41.69318922
 44.3135685  34.688235   29.06319443 52.33178166 34.00457411 42.27313196
 34.77617673 42.33086078 31.82359619 40.20218752 27.79412331 37.56567939
 41.18134126 39.66881927 42.33957612 30.38630459 24.49864355 42.77176374
 43.33579047 25.59316744 84.64520804 28.75354275 23.30594957 54.89221706
 37.10627416 26.99734836 52.401834   47.92716727 34.90918245 64.83976685
 32.579568   35.45166853 46.12030116 37.52059574 43.52645487 48.04527876
 27.65888837 41.127914   37.42272485 31.55225971 54.81419958 39.25911756
 27.08917698 20.18485501 33.86041889 29.59944249 20.65500752 34.18660329
 49.85561557 22.34139016 68.91877028 44.5320711  29.3856161  53.63205726
 59.07039732 50.62967552 26.90229091 59.57293232 50.09702856 49.99789476
 31.89704375 36.39132718 34.69876376 26.94940451 27.73108951 55.28310715
 34.91452633 53.92846575 28.0418553  24.71958194 55.4590919  48.06060771
 40.30897243 49.67353625 37.46713185 46.85410297 41.23819248 48.30320875
 28.44844918 41.81660755 65.89037696 52.36244314 54.13539856 39.14915496
 50.0182133  39.48949931 41.35915413 35.72757144 28.10441825 50.79702902
 25.85546323 51.38601031 55.89311448 31.68017256 65.28863349 90.71125949
 39.99020918 30.5130051  23.00563788 39.25471892 33.15393591 50.0335377
 43.5301865  41.73109951 64.89370649 40.17248765 25.93408565 33.98312039
 35.16671185 40.72830016 39.95130628 32.79630203 69.71733045 36.90564293
 46.13359605 42.27273161 45.86147207 63.00511915 41.84733852 36.76527657
 40.90373122 31.24130369 32.53025818 51.72001223 42.269109   32.10786223
 42.57747936 37.45563966 26.87159871 42.67246405 29.33736982 33.09166396
 37.00495617 26.52785463 49.514555   29.4168809  40.12171947 37.34106559
 29.86956726 38.84879738 32.68784221 44.19889589 25.97016574 55.09106919
 59.50063254 51.52248062 31.52634901 28.36526173 74.3618181  26.64323484
 43.21705516 39.62447077 48.22352583 54.02409225 52.75674368 49.41262736
 55.91302092 37.18744055 62.35766917 32.17119348 45.49191968 39.80653327
 33.85425808 36.3423195  47.31062731 39.43940768 58.48474917 34.76250184
 46.83701589 36.08841523 36.0282482  38.19471158 49.63785329 53.15450689
 37.10115677 35.10707423 34.50001603 52.10267544 45.26122296 60.85626196
 36.40631477 44.84684229 23.5758865  34.56871757 36.54964309 45.57046091
 33.85387307 66.16138582 51.95643689 21.85548051 32.797417   33.59797197
 28.40083408 43.86170972 35.54122723 37.68219557 19.62036059 53.76622152
 48.5579878  24.5216891  35.25256655 43.53323212 43.39573741 39.59925228
 33.74560108 49.40772573 32.77510656 43.12636995 29.69340921 51.38876795
 52.20814826 37.51640492 47.4783807  36.01403182 68.03872758 69.80264621
 33.23390252 34.29159979 43.21933452 51.60976363 29.94853789 31.92186945
 21.57675645 38.36669828 26.43386825 31.17571218 30.8542078  43.1628146
 52.41776901 34.87632437 87.24121868 54.7088218  61.73429572 51.9204542
 42.05733638 57.718376   45.56074266 47.5539859  47.56515749 52.57556904
 37.09721519 23.93384218 50.91582061 47.0397978  49.88427949 39.93675298
 45.64592335 30.89747338 56.42237288 25.31602652 34.65412835 53.15991514
 29.50115459 52.43661371 56.8097531  22.67640504 27.44798637 46.9057134
 19.90973871 71.49655137 51.47011583 39.54537521 51.57069975 26.81769805
 25.59706573 51.79174625 45.43976843 37.99975257 41.52745197 16.38789359
 36.50055842 44.32659371 18.52801696 41.1484492  62.48366748 43.87978619
 48.65369115 32.30539581 25.7384738  53.95363254 47.49479563 37.24574872
 29.15103291 22.64976352 55.27498924 39.33611123 39.51309551 39.39098454
 40.74228487 42.96847442 39.69930644 46.63589215 59.17047933 40.53579717
 31.02070813 47.22799689 59.69756205 38.7254625  33.04620298 43.77355901
 65.3548264  31.73737352 60.73221463 25.73228111 37.18561328 26.03149739
 52.75733073 29.15380977 42.46068255 38.34460982 24.97120782 52.36669797
 45.76536809 49.66051665 64.91988817 65.23238591 31.77150637 33.1996654
 38.87510963 49.80198593 47.58479143 53.39038464 22.23922731 20.32200856
 21.74147234 50.79223506 42.64703021 43.86771203 40.36350989 22.16759685
 49.16637533 22.81145216 40.75944669 31.43495937 43.20798322 42.49520569
 29.48543235 30.27707468 48.85813228 22.68832801 38.63072223 25.65040536
 28.4727299  56.07485181 22.35297561 79.81178863 22.39248686 43.2204821
 43.18084817 32.12147813 53.86391699 35.46840944 80.39354714 40.33100308
 44.23636937 40.29877153 41.21039257 29.93668225 64.34025966 27.72665481
 38.1983826  54.10905533 44.53165043 27.47992275 67.1612127  65.46277885
 37.9208229  46.55286151 43.60031211 34.87995999 54.31063061 36.29378858
 29.91817221 26.95396243 40.53609434 39.34387409 50.64486016 47.4381194
 42.01170056 35.16999663 29.77959004 70.13713765 44.93728627 41.33545393
 33.31145839 61.26640979 23.94459697 62.72233136 26.2517243  34.6211412
 25.48575564 49.37027354 27.15065539 35.29205928 32.09854837 33.84126595
 73.53611486 23.65955413 53.9501996  58.29362435 49.75641579 26.26348921
 42.20554261 56.09283167 43.38766691 49.04400399 50.25335804 32.83349348
 37.8563115  27.4025959  25.59614399 39.07593201 27.92456543 41.43490318
 34.00298241 37.48640949 39.31285789 55.58563523 34.1017116  73.97484893
 30.81315622 32.55551982 63.1005877  53.87020739 72.38653301 38.75478905
 44.99253621 45.2486859  44.10117322 57.73972242 38.53039189 24.97432369
 43.3297345  37.09299093 31.65179238 37.99738792 59.45795642 47.01904587
 47.75324878 43.23932658 46.32741595 42.75488359 77.68790427 52.49524194
 71.18397247 50.73625059 44.41260825 50.9120171  30.19892788 28.93332529
 30.72229494 46.81616361 33.97201218 44.92325672 25.74407015 51.35616662
 51.99692831 42.99656039 53.86555481 41.87077344 62.70848315 56.68977472
 47.07663611 38.41244453 60.80377856 27.16420569 47.95303323 44.86133867
 53.73599531 55.12001411 35.82628968 78.39331484 33.19668932 53.91855447
 29.26018111 34.87191059 37.27100075 33.43190782 34.42835111 40.59397076
 54.05647418 60.85119076 57.35207528 42.63497964 49.80320903 30.60001592
 71.80265142 38.64700148 35.08414991 45.04804847 34.65217196 39.90424856
 39.04165529 27.17433281 32.09521357 60.38376698 46.82764045 60.04623347
 42.1819463  35.16751335 64.46868254 62.05958647 42.91143056 25.39331146
 28.80249103 45.7011799  36.84294798 42.9360745  33.45567684 47.99950622
 37.56699574 28.83710091 16.69823536 31.57837735 28.74112917 67.33180505
 34.8304159  44.49410043 49.67682616 35.10339948 74.11982494 49.73765196
 25.54930227]
Test abnormal scores: [58.40534614 31.11615913 56.13154244 ... 45.12922861 60.50691374
 42.12854349]
