Logging output to: /scratch/mgirishnair/MotionCLIP_experiment/results/multimodal/classwiseGaussian/classification/anomaly_results_multimodalClasswiseGaussian_glasses.txt
Loaded embeddings:
Z_train_normal: (3015, 512)
Z_test_normal: (756, 512)
Z_test_abnormal: (52944, 512)
Normal classes in training: [19 20 21 22]
class 19: n=753
class 20: n=753
class 21: n=755
class 22: n=754

AUROC : 0.8925
PR-AUC: 0.9982
Threshold (95.0th percentile of train-normal scores): 25.4215

Confusion Matrix:
[[   42   714]
 [  315 52629]]

Classification Report:
              precision    recall  f1-score   support

      normal       0.12      0.06      0.08       756
    abnormal       0.99      0.99      0.99     52944

    accuracy                           0.98     53700
   macro avg       0.55      0.52      0.53     53700
weighted avg       0.97      0.98      0.98     53700

Train normal scores:  [24.29293904 24.95682656 19.9050721  ... 24.24556749 14.99499646
 18.57951114]
Test normal scores:   [47.73087841 36.42211703 31.41042992 29.47699912 52.86422171 25.1333712
 27.55807586 34.50672155 45.28069655 37.30628987 36.99267393 47.52107929
 44.42910857 49.12641732 28.35112908 31.58249346 28.7690233  54.82931845
 40.87626168 23.58577347 52.52999772 29.13528608 73.6671955  32.42374578
 47.12997482 48.6555764  55.02058786 27.62941703 55.62585476 52.98133215
 61.85559652 37.11629235 39.40484237 57.90794643 21.58082092 25.14259041
 34.37594446 52.4785468  16.74868084 38.54029751 44.17377805 41.89200989
 30.47962155 52.80410492 51.89754459 43.42756606 43.66890873 26.32849816
 41.80459793 24.69446566 36.19688661 49.67636256 47.79118548 63.85451883
 24.55141106 33.38362227 31.412578   42.99117384 57.08625733 26.37377887
 47.49323545 33.60031724 37.34988438 65.99288722 40.42072444 46.74164237
 29.32459148 34.34892849 27.46092009 51.07142493 39.13394864 42.80822447
 31.6764781  34.46948837 24.46674642 43.39444527 27.49259165 25.43099871
 28.72904359 38.51095745 28.96061087 38.19581364 46.86642592 26.7465618
 60.19750368 38.18742048 39.78612975 55.90161656 45.84871259 55.17102625
 25.97015595 24.93769534 34.97523494 50.22442507 27.89681241 46.63020264
 44.38507762 51.94062924 36.47213483 23.39077212 36.82591623 65.2222341
 24.58548731 26.49350706 41.38325365 46.88762132 53.4279855  41.63449162
 49.90666814 34.67205662 34.81448254 50.8590564  43.24123624 40.04437172
 36.41808072 25.72965333 47.64386376 61.90531533 43.3700095  40.2223965
 21.24928876 51.55474712 32.71179829 31.74197274 47.86494318 34.5063442
 35.2091439  32.41771346 26.13199127 24.60373562 55.85433851 40.03103181
 51.88806448 55.12123883 29.50519721 48.85015453 57.94776758 28.48566847
 38.82953606 36.34089142 39.12347333 29.02560092 37.40387005 50.59805645
 40.829173   31.62862209 28.76120491 53.63869472 33.31915817 42.50610569
 45.12108404 41.82033097 44.90425938 26.79339706 47.61732694 42.3874177
 52.30948369 44.36913185 55.98000457 42.37848677 29.27580144 26.56154094
 53.84881739 27.97286367 34.94188306 67.48026596 43.38645039 38.12309161
 54.31484377 41.48224974 27.97021754 47.52145502 36.61118167 39.86377369
 41.34026529 34.65068012 43.82600899 46.54041856 32.62097657 30.83145169
 32.01581718 23.31754389 28.16179846 48.42184473 44.52926832 48.18355003
 39.52668195 44.52092091 29.26202083 42.8835725  52.57714319 51.7120882
 60.48141574 54.74702756 39.2216884  32.24206675 48.78342112 29.78033042
 55.83845528 31.24112177 62.45035767 33.52859983 33.11569019 23.43337556
 40.99081463 20.85875308 30.10055778 26.20557884 35.49196262 34.16225852
 31.82029136 29.63098571 39.82528436 47.30971978 37.32342102 26.46599687
 35.64914346 30.20252977 73.46104625 50.14219312 49.20325753 41.59690993
 22.06148762 51.74876505 75.43428398 31.97787467 51.10860197 48.72264115
 27.5045506  32.88315664 43.56280059 30.98716392 33.87403706 38.70087362
 30.54091515 33.83668618 34.87946194 47.18209627 37.45064683 48.99608798
 49.82582236 27.36861219 47.04554711 44.60499837 38.22072378 40.83692036
 47.64787983 47.57339667 47.98032448 44.38109194 30.87560625 25.02531886
 25.35322083 49.9327599  54.70769796 45.79407021 33.39019088 23.87994984
 40.36213574 40.74053438 41.3938872  54.88514194 38.58579839 50.65553498
 30.57517712 53.28329406 39.94010232 44.22949439 26.93334989 59.6797745
 61.30314089 40.02317999 22.69504213 26.99190514 48.54510685 42.41948844
 45.21176945 42.25060602 51.05147505 38.68984774 62.06298934 47.98850327
 66.89189453 39.35729794 36.6455576  27.64092144 49.04501852 45.37327746
 40.52201425 34.74140973 59.96344347 38.98829406 28.27660704 33.12145302
 41.50869356 56.08558223 26.87969606 43.2666977  59.50884236 35.17506392
 48.21171095 15.12139565 82.57005781 45.89338887 38.70226542 21.81286533
 49.98354569 27.40520614 42.27194062 63.65767892 52.52282691 46.2104885
 39.27781165 32.69935252 59.8208878  49.93253248 33.14029177 41.55746473
 60.06372086 34.72398335 33.79106416 31.08548628 41.79245636 47.61655026
 56.89955994 50.21649854 61.14940048 54.61641064 47.38542068 43.44684099
 42.3847786  33.48554698 24.00787845 68.29748282 52.74045335 34.41200433
 43.9946406  34.85150944 38.93840699 71.18388726 48.69427073 64.09239099
 30.37917102 26.44975463 31.52771146 39.92404587 29.41637405 36.85137033
 36.85139931 26.98212413 44.9149502  55.3030062  45.38923634 33.25408223
 48.12971151 29.50491526 50.21033574 40.12886278 30.18342241 48.74317802
 48.37688135 45.09793192 33.91448878 31.1057699  29.04954322 33.42288192
 42.11797004 44.44209979 55.1026533  37.79632222 34.18997686 52.23070834
 46.29880075 51.24435619 47.63043173 33.28126388 55.18915178 44.70745547
 31.55872516 37.68372292 30.27839318 48.18528085 42.94279389 43.82731576
 49.11519346 38.39757309 39.27278266 37.79055906 44.4704004  54.82424271
 49.32574909 46.89775696 35.19035879 48.37272839 37.16374403 30.56284619
 27.707987   53.09905827 34.79184572 28.78972772 40.73409605 39.95345369
 29.53018488 34.70145466 53.37653538 31.53995923 41.49855352 34.78786416
 49.17225018 42.64983037 69.89731034 33.97795422 30.09252193 45.79601566
 49.05814312 48.12444854 24.7120942  41.79832582 46.93382352 39.30620443
 34.4602812  48.47025467 34.58294311 31.29197766 25.91514222 32.4036736
 36.52433139 53.9461714  45.76158901 40.64821466 58.13722599 26.60194096
 32.4352557  25.87881419 21.17774036 30.16169017 22.1131121  44.74517699
 46.2160678  59.29448177 36.0698263  50.45438851 53.51126068 46.71779417
 89.1484577  42.24699456 42.5892776  30.89740288 53.67843899 29.6534483
 38.06265298 38.85584812 64.80544807 39.58151757 33.17445718 41.32405479
 39.98198426 31.4295251  45.11380106 36.4774278  32.45836391 47.77591778
 37.51545333 42.00328227 36.50152285 58.7739088  24.21470299 49.97950314
 55.91121019 31.42567456 48.30744241 47.14737689 41.83710793 41.44098302
 34.03929213 23.8019553  64.19210861 54.12391963 36.28803959 22.93500396
 27.90475053 34.46623781 28.89881846 33.21894986 39.13668836 21.28583004
 53.05332122 66.6466138  34.92586644 80.86994321 52.15638347 51.07863568
 43.91519027 43.6406008  36.00662762 44.70985515 34.00538825 38.44108811
 27.4379279  47.17185747 38.40561947 32.00643456 44.4178096  30.99344427
 27.62793531 33.66169338 48.83039649 61.9525861  27.31260548 43.36835857
 49.63098227 37.17374587 50.08971054 31.86994346 26.74292384 48.62375945
 38.18719391 25.99422946 35.28935581 50.94782775 52.81466819 36.8485125
 60.50569598 41.57374423 32.14057327 32.49491594 48.39818546 51.82670821
 27.09214713 57.57320554 29.73724814 42.95647174 41.49834804 29.54597478
 29.93950101 67.01557795 43.85502648 48.55371179 37.63861781 51.52986629
 31.88013811 47.21766111 31.18461114 34.39541945 50.47976971 49.43928755
 47.58259153 42.12768984 32.94102336 52.27448548 28.82953654 29.58829452
 32.96378082 40.95438263 23.18373715 49.83369407 45.6069232  37.55449728
 43.62092925 32.74291022 52.20030523 31.32957974 27.14567341 33.67008928
 33.64274472 26.58505926 26.61700374 35.14321    40.92943197 29.07674924
 38.7131344  40.63552568 53.71504252 62.62561703 55.70914541 29.23449742
 49.46876419 31.05844346 25.53025197 19.49219767 39.68326318 49.11416357
 26.89832922 44.57967126 61.87687546 59.13738397 46.61191641 64.19912242
 57.36092992 25.06525885 36.26817217 57.04263959 50.91721248 31.10334637
 42.54720749 34.9125167  53.08834379 37.86695327 48.15723363 37.75239128
 29.44589737 38.44866558 42.06050717 60.72288925 53.82077491 42.29058744
 62.7499327  28.30984325 64.67794284 35.99593463 38.60746897 32.25161657
 53.59062014 56.71102513 28.03683389 38.18344262 54.37605262 47.30506525
 31.07209077 35.36528829 53.89973532 50.72345036 45.903011   65.45012488
 23.36999685 48.02777988 32.28233507 42.24594969 39.57781081 44.70745796
 25.6388468  49.19118209 41.4833092  39.99896451 26.17313461 41.72616067
 60.52869014 37.08136673 34.370089   65.1611878  28.60189815 35.67105008
 46.98313596 57.32923022 31.88865446 22.62517065 58.98594426 44.03007966
 29.67431069 43.76676774 37.46621474 41.47425973 56.10486772 36.83253342
 42.22300031 36.60012601 47.54813786 37.58146478 47.89354558 61.09258248
 59.33930745 28.72105951 52.51000927 26.71831636 27.15372133 58.19557443
 38.23218474 36.67657535 33.59681311 36.33472396 64.06007916 42.65625851
 51.46898968 44.51722613 42.60092762 34.63211868 58.36692591 45.04963099
 32.65797582 47.93665516 28.57459865 44.08326977 48.78898068 59.85393484
 39.56964984 54.59672099 45.88653377 30.49752856 28.46237554 33.76453455
 24.93712613 63.9512197  68.08741194 35.89798287 41.04919704 26.57198204
 25.53510021 22.42344173 23.9660587  24.32388791 46.32489472 28.51672715
 50.60923614 52.70067713 58.79208602 70.1143894  31.91111393 48.50810621
 45.65553866 53.02248443 40.62468908 31.02407792 53.51330699 33.54829532
 47.04364141 43.74643589 67.55645147 41.49097563 50.71254626 38.45137533
 24.64322948 39.67071757 39.96530019 41.84727508 30.24011074 37.13259172
 42.97906162 42.32941459 33.45188161 43.76136613 31.71140726 34.83416049
 37.93316395 48.17455933 60.13854066 35.5368292  66.88696305 31.59653291
 22.58913739 28.47870588 40.65476134 33.42348513 38.80065287 33.76577701
 30.50402943 55.51904748 52.53305769 63.89807656 34.51753262 41.97677451
 45.39408882 54.40303272 31.97825191 36.46541052 57.22479807 37.86248119]
Test abnormal scores: [ 87.14428724 153.96280314 109.79349352 ...  46.41907787  56.74392041
  95.05430739]
