Logging output to: /scratch/mgirishnair/MotionCLIP_experiment/results/multimodal/classwiseGaussian/classification/anomaly_results_multimodalClasswiseGaussian_waving.txt
Loaded embeddings:
Z_train_normal: (3022, 512)
Z_test_normal: (758, 512)
Z_test_abnormal: (52935, 512)
Normal classes in training: [11 24 32 39]
class 11: n=750
class 24: n=757
class 32: n=757
class 39: n=758

AUROC : 0.7774
PR-AUC: 0.9955
Threshold (95.0th percentile of train-normal scores): 25.7581

Confusion Matrix:
[[   93   665]
 [  857 52078]]

Classification Report:
              precision    recall  f1-score   support

      normal       0.10      0.12      0.11       758
    abnormal       0.99      0.98      0.99     52935

    accuracy                           0.97     53693
   macro avg       0.54      0.55      0.55     53693
weighted avg       0.97      0.97      0.97     53693

Train normal scores:  [22.40076162 24.36447908 23.41075977 ... 20.04005638 24.25913
 17.22472778]
Test normal scores:   [ 47.03794534  20.4844961   72.84370769  25.44281304  24.34400204
  44.98475033  28.54983109  51.04158184  53.86351807  23.81123942
  42.1410548   47.6835042   40.43470464  34.09940814  48.44954634
  31.11140815  25.76603464  34.3406326   46.42912996  51.30203836
  29.30203462  40.20206765  28.24319082  36.58467958  52.5634102
  37.75275703  34.50893959 111.78032129  32.9178421   50.57720189
  33.31549702  23.04465739  50.52864716  34.31797287  36.14585256
  51.89673167  27.16986462  43.50243625  71.92542096  29.30140695
  71.05027635  23.52581184  43.94773514  70.6329929   47.22853336
  33.07284659  25.74734852  51.7533207   25.83776435  44.54945353
  32.17131478  42.94005499  31.94951167  49.87958055  47.42458785
  22.68670674  29.3555455   25.20700222  44.16570332  58.78507599
  48.40757707  41.68506093  30.89618988  35.29351238  31.83682242
  26.44019844  42.64837512  39.65656832  46.59918622  27.15203734
  45.84854438  32.49742297  51.57093644  48.59622069  52.01199958
  38.1821179   16.19510278  47.78699341  30.51234498  66.44927319
  76.8520272   49.95857929  29.17111395  36.19870826  52.48220414
  42.29786688  66.97479016  43.77759039  43.64355484  34.6292244
  20.26685707  50.87452173  39.8043553   30.865874    71.67125431
  59.83479491  48.45676807  46.38669828  33.80233847  26.55211448
  34.0620276   28.37302801  65.5797215   34.7558284   40.35744257
  28.64781061  30.71064628  43.88204314  23.72204663  42.24813316
  50.8418068   35.59459677  27.44198381  35.91744854  31.83979672
  48.45595392  29.93248695  46.70009037  54.90837508  43.51790705
  53.1500914   54.15171536  50.17197746  25.55512241  33.57123243
  37.18734953  45.69397246  26.66898325  37.25817062  22.39334288
  47.7130294   52.02250332  51.98477717  24.87845588  25.64749846
  40.56876311  20.27220946  36.32188613  22.18464264  36.94813229
  63.09763826  51.10793363  65.17460643  63.29882381  23.51637567
  24.62238654  36.95821342  30.74023927  50.17145038  23.02074574
  50.80013512  57.27598386  62.62304166  39.73781242  71.5226425
  29.14896303  39.25476079  23.19206927  37.85140481  45.96470507
  53.2795676   40.72391344  25.08253257  33.41751369  63.59896153
  47.35271501  78.55897593  61.78033539  23.95304542  41.44550185
  38.63994807  37.95530985  27.56899151  69.10810067  94.2591874
  73.13798772  86.28803362  66.43780897  22.53792003  29.8694355
  49.16896718  70.12517218  59.79238025  37.80229495  29.35190605
  42.3352268   25.7964715   65.76189492  50.85909278  25.62360985
  41.21822559  42.53812158  33.82902533  32.16570529  53.06494299
  17.9879802   37.92576553  67.94168645  46.12012663  34.03194699
  60.3895031   53.90430046  63.97096909  33.56730688  24.59821735
  27.06039688  58.90233106  39.08481144  41.24433511  30.87214494
  48.62990793  54.01695362  59.94528222  54.5687      27.16638673
  42.99918447  57.46542188  59.04964942  52.16511204  37.18883409
  34.26591202  31.4907255   21.75541992  26.22625303  45.85546817
  20.48087402  35.13743395  30.05733715  47.97859898  30.4108133
  37.13133851  27.11857145  42.86062617  36.78998567  73.71525516
  29.3128626   24.59392537  38.43934367  42.02680982  53.5515151
  20.32080177  49.88873151  35.2618691   38.04387142  61.4011976
  36.98913012  39.38276628  20.56833506  32.69592665  30.55015414
  38.26222936  55.07173381  66.21681294  68.02624989  45.39210129
  51.84056862  48.13362867  66.19551171  43.16398462  32.24113135
  53.25211977  61.6169495   33.9655005   42.50701954  34.71721499
  54.79730932  38.52310608  20.9763157   38.34572309  21.05624918
  43.99727656  83.8681203   45.58230166  18.15366768  26.86139527
  59.38981545  37.41686525  53.25188088  24.04585176  56.25473093
  45.21374785  36.78768651  67.09628358  41.73153661  37.44319284
  47.60378967  58.66906774  40.66118651  25.61020666  74.51932702
  59.22492994  77.86765617  28.63345699  50.47836434  40.98587807
  27.39655904  83.9204986   43.12351607  36.36180416  33.47811403
  62.09306816  27.86329313  57.69823755  51.45708145  58.5095813
  32.83710298  56.65520455  24.4762876   41.78043084  31.31717667
  44.00277426  29.51816414  36.76818571  36.9710563   37.72228377
  36.2833207   37.7520552   45.17527101  47.0480351   30.04711413
  43.06753322  33.81520408  28.0808314   50.73013612  42.08899831
  21.93181661  32.46005002  79.26880137  49.14861531  45.70438782
  34.34822021  30.95152468  35.09819738  66.70153845  43.5489823
  58.17109373  30.743566    50.0553878   35.23549738  31.06257093
  36.73790172  32.72064214  37.76498333  62.15167401  48.64565927
  47.43828162  39.81570926  32.5228416   24.34338792  50.64228846
  54.09685176  41.96078421  44.67799332  37.94511214  35.34968348
  42.01735545  35.50152538  53.57256122  53.02781338  58.40338763
  37.4869374   29.99950818  40.16743858  47.02922185  47.88123939
  43.88967352  42.86510358  32.7220023   31.31292246  52.8874236
  23.88980343  67.75836404  43.74322878  41.76989148  61.77855884
  46.06338076  16.22038391  41.09783128  54.93950511  48.9804327
  97.13204658  19.97703858  54.46993298  78.88903772  22.67143386
  61.91286237  45.78727192  53.58568979  22.33789582  28.98874816
  61.07139589  76.90964755  57.81639379 101.33734531  16.91668608
  58.69799428  28.34388377  23.93700609  36.27088742  34.88768439
  65.79095841  57.68999905  41.78663765  22.0211632   49.64465529
  41.32717907  34.39413392  32.19737675  27.55303717  33.14162799
  31.24573647  38.73366055  35.45420608  64.01653622  41.6986742
  42.03836402  36.34920134  28.46643078  29.1107676   28.10429515
  59.64754517  32.37546302  43.74587151  56.70192025  72.26721543
  60.88573484  19.38546471  53.63057624  50.88417525  51.90842627
  48.86007272  30.23503399  31.15307045  34.99915532  34.29480111
  50.9494743   23.07863736  30.02518617  43.24283531  47.92457483
  34.64647179  34.96831129  52.37044887  25.02816733  26.04516442
  27.22071123  52.18452716  30.29901388  53.04907201  34.25871792
  24.24997913  35.04283459  29.83342217  30.48580729  25.6483777
  51.73803869  40.87549258  52.29196152  65.54223363  74.83497823
  63.95544     23.12918754  48.79130711  60.15378026  22.76352811
  28.4322274   38.10852931  40.81526536  24.35539042  24.53002934
  43.19562636  46.6266617   41.14434148  44.54693399  57.00257392
  28.80567235  48.35747005  62.87988667  57.90383672  31.68700852
  47.67601924  39.01051792  48.35784295  48.73771495  28.8636158
  26.18229699  25.21875169  39.79866666  73.32972167  88.78661372
  65.00809206  38.29983748  32.90016364  34.31390566  35.29962424
  25.636933    38.99237619  24.03280955  23.77871798  34.61046033
  35.14566914  39.05107999  48.88234976  32.40573126  45.73104171
  38.49384186  39.1234917   28.37470434  50.93140643  29.55368742
  39.3672613   23.16524452  48.70714216  52.68914282  44.0704622
  33.83854774  73.73751913  51.50188246  40.59007466  51.52341633
  33.05091735  43.62490203  46.41710219  30.60442268  32.39022897
  39.04730085  52.28859228  55.83507588  29.21935885  62.09751518
  57.04853422  32.07601388  61.62037985  32.33083971  39.4168326
  43.74076115  51.18618306  26.46818419  35.80646062  50.40045093
  25.05599667  50.75781829  31.29068211  65.74950418  31.28618568
  42.08784733  39.66688346  24.83110831  75.44126597 112.79883869
  33.05516996  41.84241887  30.32299074  22.75883572  96.00075675
  57.03984775  26.97921573  35.51729335  39.2828304   40.43315362
  35.89218908  28.16149708  28.39624453  35.08024444  35.90135323
  27.3371953   58.97537165  47.52429315  45.93844952  31.32528501
  48.69752782  73.04700498  26.54239503  31.22480142  35.53982571
  54.16793712  40.94039775  32.54017667  24.0959332   35.87647294
  29.19619006  60.71947785  32.77739983  29.91732217  53.70355831
  61.91093619  34.82287796  55.40328246  51.32537651  25.29847384
  30.62497861  31.53624059  30.07641988  39.80313601  39.2129959
  30.49634746  22.99233972  60.59886207  46.98959223  42.84439893
  38.37550695  74.98171987  44.37829095  38.26373471  65.41542579
  27.59355895  41.47412662  36.61461751  29.66518893  59.39145227
  23.54606082  33.66523184  43.12990527  41.90321239 107.49576153
  43.43649686  31.37581313  54.78414369  37.51833105  29.83618348
  58.09217715  42.61402526  27.28141424  36.27450716  57.6665371
  34.50939766  21.78728836  26.7737644   79.71348869  18.6921834
  52.62623528  41.10312856  50.20698546  33.59942729  40.79699925
  72.18277531  49.92850384  41.31934231  26.94949671  56.05558125
  72.46565229  20.99108694  63.51712016  48.03944045  52.57832326
  31.20518473  26.99129033  46.00559975  60.81573693  26.51391455
  48.21959684  41.21577077  36.58350351  31.73105542  55.68419556
  24.59907598  60.44027074  22.10671833  42.08638374  38.48479149
  43.66869899  23.51314888  23.72240355  53.75838077  73.94805657
  26.49990238  53.25128428  37.289084    43.01073832  35.31717976
 103.13145849  43.04348475  44.15545835  25.2634877   70.78738483
  51.68882277  41.65529752  54.77828985  49.07931572  27.11816221
  29.60878029  40.74474341  77.54728231  37.9788338   45.26195946
  54.24103238  32.10233393  41.14813283  36.17077047  37.58724451
  24.25134289  58.38367322  35.5984335   40.08566091  51.65218639
  25.32599889  51.59689485  30.4047738   41.34228666  21.22963957
  41.48800692  83.8124988   23.5225017   48.47814017  35.55781835
  28.48822056  22.32058944  44.73185363  31.5207173   22.53579405
  56.8995856   23.8518809   35.36273171  34.96886726  62.31993205
  82.23147119  58.7042804   22.25075625  17.20849468  54.22229233
  21.52419249  47.32314169  18.95034528  52.23296906  72.20939888
  32.55197413  45.34729817  21.5251941   38.95645957  77.75653076
  45.13855839  32.04787758  24.83084478  36.73081989  43.18940717
  43.13780291  76.5172454   34.39608297  45.96540213  38.19613036
  62.26114591  59.63097101  50.15013219  63.36531856  33.05533008
  37.56894577  30.86162358  38.03080235  25.04071274  46.73948737
  62.12399567  34.66502591  19.25950765  48.23210488  58.70528584
  53.83856004  63.14344684  34.84465913]
Test abnormal scores: [86.62274382 31.6702324  69.99594374 ... 42.45192797 63.56143397
 44.88962597]
