Logging output to: /scratch/mgirishnair/MotionCLIP_experiment/results/multimodal/classwiseGaussian/classification/anomaly_results_multimodalClasswiseGaussian_handshaking.txt
Loaded embeddings:
Z_train_normal: (3031, 512)
Z_test_normal: (760, 512)
Z_test_abnormal: (52924, 512)
Normal classes in training: [56 57 58 59]
class 56: n=758
class 57: n=758
class 58: n=758
class 59: n=757

AUROC : 0.8576
PR-AUC: 0.9976
Threshold (95.0th percentile of train-normal scores): 25.7723

Confusion Matrix:
[[   85   675]
 [ 1473 51451]]

Classification Report:
              precision    recall  f1-score   support

      normal       0.05      0.11      0.07       760
    abnormal       0.99      0.97      0.98     52924

    accuracy                           0.96     53684
   macro avg       0.52      0.54      0.53     53684
weighted avg       0.97      0.96      0.97     53684

Train normal scores:  [23.09304304 21.52676307 23.28332455 ... 23.16707934 25.16948467
 25.71552615]
Test normal scores:   [ 63.41800702  25.55954882  52.51532901  30.49755669  40.04176649
  27.33718218  37.33578656  28.37420793  52.06215716  44.04085793
  27.40355159  29.88030177  36.29215394  23.83213388  78.76840654
  72.29860442  30.31693502  33.32502242  36.26161871  30.92009227
  39.42787758  31.29961559  34.67312728  38.76954293  35.32716325
  61.81433243  32.91053841  32.21437359  34.96078773  51.99406407
  37.76575935  41.08807172  49.5736246   35.96742493  32.98165522
  49.19099576  42.20324256  38.62024816  55.52383573  55.30389632
  54.791843    48.05143714  38.59448211  35.35155491  24.56338325
  41.68228101  18.04832386  35.32305652  55.38958924  30.06580475
  47.55440226  41.27095774  33.81158074  44.92260634  35.7910851
  53.54699345  37.90932098  28.06417716  48.61533079  33.36038223
  32.79158575  47.49567132  51.55901239  46.43162149  51.49016357
  55.94881642  37.78608155  42.46936191  58.21261333  32.08014643
  27.21009303  24.70462219  77.3292279  113.85933702  29.84609351
  53.65003433  36.17528929  48.97212483  45.77824633  86.36152337
  38.12135116  41.51605877  62.83266829  36.0076674   72.84450982
  31.96227842  32.749962    35.17140824  34.94650669  37.30477935
  19.14503159  41.51679676  51.03277682  24.45583263  49.37004424
  46.35799848  56.31579588  39.28000537  36.24814346  36.6898105
  64.80658466  39.03961111  47.03127998  41.98581089  40.25232175
  58.19611422  38.13020813  47.83169961  38.67289889  33.80086781
  49.47661937  62.58184607  31.10681234  51.33881313  57.43728358
  18.03893595  24.08614614  68.33547868  33.06015558  65.14016066
  25.72779856  19.13435711  51.26756922  29.79120615  26.00395076
  33.06667741  26.67064509  34.60283802  32.9543294   77.49502666
  29.9291005   47.84097579  18.69939522  52.84429324  26.5602587
  44.79115206  41.7665505   32.99340594  27.89650941  79.88822982
  44.48576883  30.68065598  51.7443188   67.10167278  35.4934796
  46.98891623  62.96069243  21.69363587  51.96176059  40.17453207
  72.71299707  34.0042547   22.21581402  59.00920749  45.06559097
  36.29323759  38.40017268  30.38382003  43.29599872  48.92131961
  64.97996716  61.71180029  43.44603008  22.25871617  52.2686099
  42.48502737  20.28558233  54.3224137   36.75837286  57.36563313
  31.52837236  31.80089465  41.42046897  76.94700854  30.59518488
  50.73383099  61.7106258   38.53387707  52.7305106   39.50491017
  40.49604112  59.30560634  15.74921043  26.52539997  46.34695892
  32.72414073  19.6228378   30.38121217  44.80240613  55.53854181
  37.0525322   31.38798882  31.45892192  47.18160368  41.40024898
  69.85741016  48.91197471  45.6323308   26.445353    30.39551214
  36.46294326  34.14797066  34.72778091  30.50152747  40.69975579
  26.82088206  29.33559184  36.5856129   56.66972545  33.56143268
  46.93391592  38.78305762  59.25084789  43.30113419  46.39787483
  24.52919146  47.99098693  31.71028812  42.56966044  43.10432395
  39.11257397  34.66232865  24.39911754  58.32028948  39.1494708
  30.0099268   26.73163913  50.0432226   40.05659954  43.339131
  59.94435937  24.69343144  29.85295609  24.72498026  25.25762501
  37.09597585  38.17719965  62.26755141  38.79232311  47.19971176
  43.07194119  24.0000707   54.61352858  43.36801881  46.31791911
  18.8176233   38.89225597  38.85371704  42.88536248  31.36192661
  49.30670753  38.63580979  34.59744191  55.11304948  60.4295068
  57.82369668  38.93056273  51.00405601  48.30732274  61.99403847
  19.18781605  12.59801177  34.78161468  41.49789851  55.86870336
  38.24284505  25.5152287   40.45408043  43.83824836  35.05847176
  40.27519786  44.25843326  76.80146553  55.39107354  26.964062
  29.06904344  47.21203395  65.5330153   37.81400397  45.77522445
  34.66141718  32.4818099   43.82446039  28.04959201  42.26760051
  43.63804648  18.27893755  45.25409386  34.10176542  56.77448657
  43.44120478  86.09557542  27.06719523  45.34478865  59.05535281
  69.13129483  22.81807471  35.7363347   51.78517223  82.645027
  69.63036247  38.75287497  43.63407683  28.70672009  52.91785927
  55.79846781  20.44687094  32.45978159  42.33194199  40.77562995
  22.81375253  67.77428185  31.38926014  50.2230375   38.62197336
  28.47198671  50.38327942  55.3065078   38.49754319  16.85227071
  18.00288895  50.15702613  22.24017234  31.46003873  32.39944965
  46.18195667  27.87838684  34.56479406  46.80620386  61.27869448
  26.89349585  67.04200797  41.26983912  44.2920361   48.48329504
  39.35894885  33.53919959  21.34724268  35.08422812  51.93189733
  57.89117598  39.05982124  42.43187847  35.71472161  27.91514742
  46.9698887   52.41156177  37.72001428  53.24389131  49.35597363
  32.61661603  30.27063022  44.08747987  40.0910453   52.11044493
  36.78264359  31.1393993   65.74707909  27.93554921  42.97638322
  20.00372768  39.77567488  46.15443961  65.19290995  48.44066764
  65.09107524  40.09056482  32.19320578  42.87119204  42.94372308
  21.96004629  44.59055257  36.54554825  22.16616352  22.52838732
  38.99799893  25.78010256  51.97029846  44.95793779  39.97874185
  46.25655642  25.86112479  43.13401098  34.67486309  27.81732505
  32.40733433  21.84654251  33.64027904  32.70257633  43.19220958
  30.89395698  37.8791657   32.65138374  20.54516865  38.69194416
  51.22415707  32.24067403  28.80631726  26.99318432  62.42684065
  26.41011151  49.47755183  71.52581783  27.6950692   53.247055
  30.55689312  41.26228894  30.95756152  54.03626226  30.31681773
  36.4327608   40.17898532  48.86176979  54.44776179  72.82948007
  30.02554465  50.45924572  28.88871241  74.00852076  54.30953925
  34.30699911  37.63582885  34.73785026  26.81720573  33.02579787
  37.55509867  49.33386491  30.12969379  25.70571123  39.78381198
  58.19541206  62.37266816  15.10043205  42.64469905  26.26866957
  29.89619208  39.50322344  44.01714774  32.98276018  85.84044669
  28.16866275  27.51809209  56.84731206  76.02890428  37.43834932
  26.04440147  64.41857195  25.50671563  45.55018016  39.88345497
  30.52567287  42.07744822  36.36403801  73.89130835  45.56823387
  43.51030456  43.46279847  46.13120514  24.88375281  47.05295159
  47.03174408  40.22402679  26.46004528  33.32573309  57.48780273
  23.26898396  79.4001299   31.20917786  70.07937559  34.26952031
  42.44892539  16.64701013  50.75903615  26.7068346   49.86231415
  24.44072038  36.39798848  33.18483995  31.3695262   23.33254466
  56.62095544  20.09453519  39.4463127   35.13216255  35.28035169
  34.68571667  49.74500854  56.05133691  53.06073603  40.8005777
  23.83870777  41.60865403  26.96255558  32.02591969  52.18718842
  38.67166299  34.25152199  28.52100659  58.97000501  46.64250879
  23.36848389  57.7863368   40.82267284  45.69554427  29.77999357
  48.03547843  30.490222    30.6960205   42.91748158  21.62689159
  56.39705655  89.85400372  69.90033209  31.71165917  31.86339741
  40.09687538  26.10443922  27.43106806  35.72020047  27.27227961
  30.61301418  36.55762793  42.43880839  39.17659913  27.89537494
  35.08998954  52.6815472   24.80295711  27.93440993  41.24228651
  45.63352925  48.65424203  45.85646322  69.43235832  45.34822597
  35.3921064   31.21944638  39.1817601   60.62075799  62.76654468
  34.39835415  43.8094856   25.04469277  16.75268734  34.2754864
  66.72753447  26.14947228  57.31718269  71.24827649  32.25507831
  29.05043798  31.3463405   48.39828999  34.56449662  28.11107936
  35.64325324  27.02479755  44.71420699  48.61046752  37.23992144
  23.18081159  46.79287673  31.07698074  30.87713338  77.26425293
  51.8301796   21.06427831  28.64362595  58.87290696  49.73436281
  19.67271507  22.91407192  39.29483948  32.16142888  34.93680644
  24.75746851  38.80164631  52.25787957  30.59420426  40.42022369
  45.33539672  52.17498694  48.5940524   25.72989965  36.99505951
  34.26407469  48.56011689  22.76794483  28.09490297  49.53229507
  34.44438088  36.99549141  51.826194    39.60105132  21.01030094
  38.17250817  44.82975326  33.40271887  42.05193487  35.66939125
  59.14365782  18.45002619  33.6899842   33.03891413  26.68250577
  63.29436361  43.07479013  38.90133452  27.50268643  35.71143314
  28.97778004  61.72862373  47.74145943  33.92351774  34.55384704
  29.83447199  56.89945853  39.71577807  50.9111184   25.34882417
  39.46123318  53.84621355  36.20351874  47.89469335  33.77773643
  25.89897174  58.24701803  50.2790943   43.94615715  23.70756828
  46.39986108  18.09948049  51.52933405  42.00304076  63.73235394
  51.41067255  28.48882707  63.52981662  56.26514258  44.43684635
  43.8020108   39.83653229  35.89816082  28.89462276  46.19136766
  34.83860512  22.14676502  39.43411476  29.04044652  24.44001186
  33.29529692  57.04672301  54.61962219  82.73334468  28.25621283
  39.59358198  20.90274633  42.85438994  45.25757504  44.23855717
  77.42137206  22.26585171  38.38546982  27.45548989  23.33396794
  29.69037821  32.03099657  49.52687835  34.64910922  39.64808567
  50.24165974  41.44181693  27.60643216  25.50179728  16.67048465
  42.05229702  31.61077356  40.00456118  50.11977993  34.15667451
  14.80610887  56.02340166  27.87971391  59.19070178  39.61326212
  65.19595619  66.82711473  37.23155614  25.85604744  34.59179129
  30.42421731  30.74324244  37.08510762  42.30644999  50.47476403
  31.64550628  44.44362181  18.21792886  28.08034841  61.39259824
  46.48619078  45.11689665  28.38637696  37.64765461  50.47829054
  30.09865495  65.54333918  52.19414897  41.32017038  34.17856256
  32.63519224  86.96718057  21.73403338  29.3053896   30.73554609
  40.88290952  48.42729998  70.24609378  32.75013156  35.38824808
  34.77501128  24.70945601  45.85813396  38.93727847  34.87679875
  22.69005117  40.97121471  23.01690503  22.12162739  40.34033203
  26.64458211  39.73578245  19.51315276  33.54477729  34.02804116
  46.584482    32.33718874  28.61653687  33.5604295   33.75519032
  36.32256169  47.22152346  52.01133647  28.01805075  30.86727231
  58.99205416  45.15464333  23.23900972  34.75446601  41.37718187
  30.07515383  41.24409501  28.69745019  45.9388565   44.37725509
  34.69998683  34.63954464  41.16288435  30.18137507  27.33927693]
Test abnormal scores: [ 89.03620758  81.94724627  84.42356206 ...  31.22219866 116.7184778
  80.05742829]
