Logging output to: /scratch/mgirishnair/MotionCLIP_experiment/results/multimodal/classwiseGaussian/classification/anomaly_results_multimodalClasswiseGaussian_brushing.txt
Loaded embeddings:
Z_train_normal: (2260, 512)
Z_test_normal: (567, 512)
Z_test_abnormal: (53888, 512)
Normal classes in training: [2 4 5]
class 2: n=754
class 4: n=752
class 5: n=754

AUROC : 0.7857
PR-AUC: 0.9971
Threshold (95.0th percentile of train-normal scores): 25.7984

Confusion Matrix:
[[   56   511]
 [ 1239 52649]]

Classification Report:
              precision    recall  f1-score   support

      normal       0.04      0.10      0.06       567
    abnormal       0.99      0.98      0.98     53888

    accuracy                           0.97     54455
   macro avg       0.52      0.54      0.52     54455
weighted avg       0.98      0.97      0.97     54455

Train normal scores:  [25.16400148 20.71085161 24.15416731 ... 24.3141283  19.42480505
 26.34757818]
Test normal scores:   [49.38555009 54.34066716 36.3325334  37.62252215 29.79249857 63.96547877
 34.33181257 26.56644754 27.16034227 53.84581533 31.81922527 71.58299633
 51.38196    52.56224266 47.6723186  39.77251636 32.40541833 51.83297579
 28.2201333  45.55807229 45.51365041 49.54516025 39.15610549 25.43917184
 45.36623159 41.96490866 40.49854099 78.77380512 42.17105116 58.60145435
 41.19555385 63.64181311 24.35035031 43.16326057 52.03153695 43.77111618
 44.25083138 47.1853281  25.21265436 59.57656006 54.49238611 30.2737786
 61.39268975 58.3365003  45.18423669 45.87483182 40.41204685 54.83736083
 33.91745534 38.48875048 30.52148282 48.77419948 26.21879522 55.24308977
 68.42513433 55.70443964 39.8622402  55.04859996 86.43207306 44.58943411
 59.5470678  48.05912068 55.93178723 48.42376412 51.23491261 57.32264758
 53.11059393 56.4633464  45.41578538 16.68451403 24.61510219 34.02820826
 82.00706491 31.20804632 16.90401803 35.34510039 33.53824105 47.89506143
 28.0003468  33.54926898 21.02229577 41.71124613 54.2022448  39.23922314
 36.4908311  62.24376108 65.547987   48.32414275 29.85119193 36.88409063
 54.16829008 53.38474634 48.20673331 61.33543368 63.92674394 55.00123704
 55.73153216 30.73288005 21.53190305 47.87311538 47.0981371  29.97752833
 21.64641649 47.94051104 66.88521419 66.71093552 27.87066993 51.79298426
 53.28539888 43.53755725 48.99417414 34.78334222 30.32036028 42.68069129
 53.52390503 39.79320736 23.94838621 18.86371887 55.21973876 26.66838864
 36.76235961 48.07497418 28.45973032 28.46032758 45.22667843 37.76294657
 41.80199298 27.08562565 49.25178551 48.04169664 20.60803747 62.30805173
 44.5021122  34.59116555 49.26808411 55.45142479 20.1818858  38.74821321
 47.00738188 23.93673265 48.95822483 39.92384034 34.1633161  34.57709592
 30.93550836 44.4649622  46.06636828 35.8846667  53.74680392 39.8228607
 74.65534781 45.25541224 51.06348648 37.39321076 26.02676237 52.31768622
 42.42329887 56.43127057 26.7880475  56.2268159  26.12888585 25.93139031
 45.86433624 43.69932419 30.85189879 52.74171081 29.52841962 54.48509697
 34.0167433  41.86256153 33.71248087 40.62105692 31.36453066 68.50944615
 47.39909426 39.5699836  51.16394198 22.03000238 23.48154214 27.9361415
 25.84206707 52.44577914 28.88964688 26.73062794 49.12208227 27.46935966
 52.87186222 35.00757264 49.40304138 24.84349398 46.67216344 44.75577526
 20.53530269 43.75209449 23.00105198 36.59268232 47.98839377 48.83100373
 71.16245157 47.59324988 46.52339148 42.43325388 43.22039076 50.44896751
 43.18298791 55.95192373 23.90973558 38.51430921 27.40946083 41.92056086
 51.67344907 24.52827807 19.96812873 29.69843615 35.62272288 66.55411818
 19.65068349 45.84707547 53.87750136 45.53854683 36.53256274 31.88230281
 26.19306713 31.13351388 51.07195899 33.49540701 45.7663022  23.50511279
 55.94748918 34.51652526 61.35911719 29.33591331 18.91277846 41.92395935
 51.17287958 60.46505604 34.88216311 24.27006951 23.41028089 53.14923108
 32.11935545 16.14504894 41.46562635 26.92434145 75.95737137 26.35314037
 34.70116204 26.85997749 44.3729311  36.47650649 64.35893831 67.93574027
 48.26390412 26.27673106 44.64557527 28.39777345 28.868907   34.09838842
 51.65113718 36.44427156 45.75105918 39.46915264 33.69039352 23.68582954
 51.62707312 30.84908469 42.056263   69.46089323 52.95275322 51.98539646
 42.79016421 42.94913598 64.50128197 52.34798703 47.44663455 38.46366691
 40.74064952 31.40321453 42.99472583 63.67668813 25.75570472 32.28197747
 35.27353588 26.97249953 34.34502384 64.44653922 55.52230139 35.69946351
 54.17865757 76.58681047 58.34078009 68.8482841  30.64015193 47.55461418
 38.87200241 32.96535124 46.15568049 44.59654033 35.13403856 48.33355427
 48.22772881 71.66184347 41.03673831 24.25792512 38.56350683 42.15573516
 27.07152728 54.84994815 62.39327876 44.05406834 42.32445101 42.83517453
 22.21970331 36.98344656 51.97161223 32.83181021 32.63337858 45.64009862
 52.68966275 59.50697869 39.74060549 33.53592847 19.67599985 38.28290638
 24.75735825 21.77544057 23.23350671 48.01133353 31.4623481  26.28799184
 35.21323656 39.08566799 33.04607023 30.56852789 34.74785929 32.1331698
 57.3626957  31.44651538 30.24202752 45.56927469 38.65053897 34.96891533
 35.94512595 37.51167576 67.19207927 29.71145349 48.72015463 34.97628796
 63.63468324 37.47939813 35.88746942 58.75012895 48.61678204 59.94602564
 35.21292548 30.07173249 39.60067034 56.50746083 34.26191945 45.05829342
 25.19312171 41.02669994 20.20224728 69.73845556 56.14359021 54.20217208
 25.02945576 71.99472042 53.70735088 50.24093115 52.44750648 45.64380303
 43.08309611 56.79864625 30.76125902 41.27324929 50.15917058 36.15758427
 48.77129914 33.33014506 25.36174194 45.7590283  41.31668408 37.78842443
 38.20100996 55.96834768 22.95405266 68.07619883 46.96838778 33.93413837
 58.99077165 45.08205828 42.50049513 71.04656925 31.77034169 23.34235419
 55.60181892 41.47788366 51.5365749  32.36122496 81.47211884 49.47242269
 28.30384254 34.05677585 37.89983033 44.56604381 30.45108333 49.74211584
 58.94096771 28.260819   45.71872365 28.60908696 49.19121149 39.40239296
 36.74692937 46.24618143 21.42418463 19.56651592 30.86229473 68.06009967
 40.28792377 43.66495962 57.29109645 32.10984226 42.61856668 31.61279548
 34.18461634 38.64602888 24.48616627 21.06524397 39.76717691 31.44025538
 38.45641654 40.60274859 57.37067005 46.380932   25.56712685 64.32511611
 42.10074555 75.22917669 26.6360127  42.61273136 73.26075006 28.77911504
 46.8872079  37.27092495 53.36357179 35.33833814 52.27101095 27.8274082
 30.16449253 45.59431905 36.97833526 33.8278841  29.33022321 22.79672913
 26.35680202 47.94253642 34.00401253 30.25135501 23.07330121 32.92456483
 33.92238801 50.76968105 58.97581141 40.04887988 48.53182273 47.54366893
 38.08105248 59.30128563 42.52092793 26.36308882 43.50131282 38.80429282
 39.4067089  30.39008997 31.830663   43.16278228 44.68995016 62.71134056
 32.04290889 62.8372848  46.48027363 40.1154694  31.86199273 39.11703446
 33.79910689 71.18640453 52.11099549 49.11698504 49.68632755 36.98049035
 45.11395063 26.67539513 43.43327995 19.69864461 32.35601406 27.51442129
 45.88606627 33.03139542 46.24165457 23.19399263 37.42170238 36.64229968
 42.01513993 33.07889528 49.4369371  55.37867091 42.50048302 47.40373411
 43.2771631  36.79662651 53.58611505 57.18301446 33.99964653 36.6225612
 27.19541194 35.52905652 64.08356174 46.12776195 32.91223098 25.89283862
 35.1939974  30.58976674 40.79900961 28.78995859 49.47178812 44.66797818
 59.08596014 44.48235857 55.29792694 60.36047095 26.05883229 25.85452712
 34.4134067  54.11986584 35.23160595 29.15500933 44.44832647 34.98389918
 24.19735917 40.2344416  39.92349075 75.77192894 19.71900633 40.44005415
 45.15772269 45.03563846 62.52388505 38.0639314  48.6757086  36.68890798
 21.84353852 15.16491411 28.11862339 39.0036584  38.91665489 33.29841928
 26.46219531 46.09368733 58.12006517 40.65115314 42.51304686 27.36914765
 54.49086633 25.78512684 41.0973196 ]
Test abnormal scores: [68.55551549 13.99568697 40.13688739 ... 41.81540391 54.5360533
 35.50131291]
