Logging output to: /scratch/mgirishnair/MotionCLIP_experiment/results/multimodal/classwiseGaussian/classification/anomaly_results_multimodalClasswiseGaussian_random7.txt
Loaded embeddings:
Z_train_normal: (3022, 512)
Z_test_normal: (757, 512)
Z_test_abnormal: (52936, 512)
Normal classes in training: [ 6 14 19 40]
class 6: n=755
class 14: n=756
class 19: n=753
class 40: n=758

AUROC : 0.8768
PR-AUC: 0.9976
Threshold (95.0th percentile of train-normal scores): 25.5717

Confusion Matrix:
[[   62   695]
 [  251 52685]]

Classification Report:
              precision    recall  f1-score   support

      normal       0.20      0.08      0.12       757
    abnormal       0.99      1.00      0.99     52936

    accuracy                           0.98     53693
   macro avg       0.59      0.54      0.55     53693
weighted avg       0.98      0.98      0.98     53693

Train normal scores:  [19.94585211 25.94059271 22.89669981 ... 22.06768905 23.89403096
 17.91567739]
Test normal scores:   [ 72.53922057  33.24190481  43.01333227  48.20796868  44.00666368
  33.01223592  47.43269334  48.32964528  47.3254034   31.80663144
  64.69001845  39.35501995  28.44141357  80.61528395  22.80927845
  39.17283863  68.56757055  24.18688271  72.75777999  23.49736089
  25.31534628  36.40737545  38.3707613   40.77883532  54.71662069
  26.41183653  57.75986646  27.07325972  73.29135092  33.92156223
  33.57801829  43.76074187  48.15234495  25.0155205   42.77640718
  50.51712649  57.47939594  28.42074007  35.74538535  54.43894001
  39.25793983  56.8540406   44.82230999  39.01521191  45.96608979
  22.97880044  35.91223056  53.96138422  39.66365641  40.50270979
  37.36512467  25.76234254  41.70481605  46.44609798  27.439042
  23.81457945  29.44929088  24.7455666   33.18573279  42.78739556
  26.51159507  39.4775282   21.00835315  26.88028206  57.41140692
  47.51132604  34.83542329  40.0748355   25.02577213  46.78594904
  97.44391758  36.45153356  29.54503187  40.2963563   51.12116106
  22.02938707  31.70537909  48.27439922  26.32321871  50.75756544
  31.94504852  51.98030649  72.56453348  40.26729404  39.85616106
  37.69916066  31.19155817  56.01281076  29.05568836  28.2368261
  34.33221802  43.97570345  54.13099971  61.40879383  49.64976246
  33.71121662  35.11416385  27.27528777  56.90854019  39.45306812
  30.33880855  24.72714683  61.46299892  57.71409479  61.34158194
  40.1599068   68.66893878  44.14700184  24.20812642  63.85736579
  38.57354812  34.88937067  31.99576367  68.67338377  43.58662884
  31.02079505  28.2923652   30.08838763  38.89996013  30.88654725
  26.77426577  50.01472641  22.90815798  27.00124865  43.99030656
  41.49840743  63.48143513  74.98540899  38.54086075  39.24957782
  35.99343898  40.15544769  45.55462646  31.10454449  45.27143037
  40.73784264  44.1094029   37.44655665  35.55500511  28.68102894
  16.05571696  34.74051207  42.33345746  45.6323778   24.81653267
  53.94448022  34.15103161  55.81105298  40.57658379  82.01522512
  24.91491779  48.84069174  74.93291614  41.90614974  38.81332529
  39.97603523  45.00395325  49.84918677  58.66447711  52.53530942
  26.81831692  59.20218401  60.8671967   30.89544415  33.94288996
  73.63383306  51.16015407  75.2315948   51.83760338  33.53589248
  34.25543819  36.73556897  41.58240057  34.97936815  46.70704159
  44.13544889  40.79304786  33.97592814  43.44591684  59.52520379
  44.75634533  31.32452117  66.03810518  32.33212603  43.44175338
  31.67626736  70.08386673  28.99846369  43.38028969  39.45302371
  37.1353139   30.30365245  41.29529363  27.26991802  49.18163891
  38.13911012  33.91411816  62.16322037  31.22860535  34.6481978
  38.39943391  32.23737879  31.28117396  31.35654378  43.85151088
  70.93884022  60.95594229  47.06959606  51.67817818  39.04387756
  26.24403908  68.18094342  31.22999721  32.05699491  69.47438578
  34.11972487  43.42748548  87.07441281  64.46118286  22.68306096
  60.16846388  42.8310703   40.55324872  42.31760542  29.04335888
  52.60881501  37.80610485  27.88864403  36.35402198  53.53257105
  45.97672494  24.85465182  22.81656924  49.24062742  66.013601
  30.25803229  25.98626091  33.18546537  52.89895097  70.96961432
  37.1766244   40.23352152  52.66981783  42.64395208  51.50174299
  56.48495774  29.83014827  60.93682558  49.28506192  23.86539318
  26.50001759  53.87845106  45.50234521  37.95237334  69.97908475
  26.67064413  51.57823318  29.54142827  64.72019767  68.69447052
  38.50403982  30.3048514   43.9869993   42.68766296  37.56214244
  61.5411946   21.25046008  42.65218006  29.64432709  33.19168343
  31.81967386  61.22607021  48.26097007  43.14780443  27.31392288
  27.49529016  41.03983983  44.89171657  49.39525481  43.93252516
  47.42589287  47.27235059  38.37370991  39.44052231  44.37110824
  34.00601925  38.05172576  35.61617808  36.83596807  43.87335637
  31.73649532  39.18121529  50.07418402  35.9646388   30.64372313
  83.1766891   40.32449151  43.57495384  36.08706284  44.1807501
  33.25809853  43.47885665  25.74637882  37.77730167  66.24278941
  43.19133816  48.8680212   45.86394758  41.58890413  26.82125406
  40.67556808  54.27386455  27.29261101  50.34075502  61.81502504
  20.83973785  42.31339483  68.23708726  50.79805877  31.56723924
  39.07672861  18.65723895  34.39840822  37.98656799  36.23604005
  37.6958634   33.62136114  51.11540477  53.18731072  26.38106205
  27.4098042   42.82236564  24.85680232  49.10004938  19.82996341
  70.03851811  50.82807815  96.5354138   34.71312101  40.64148188
  54.63605112  34.9253279   54.45734489  29.27775484  38.57366057
  44.70846427  39.2354647   47.52517662  27.91641627  34.23336651
  28.33616573  49.44949368  37.26924152  50.81661406  41.04628878
  32.55687032  34.57554396  27.7294921   33.01717165  59.90232792
  40.34305863  56.69543792  62.34188963  47.92717829  37.95161185
  43.89982799  63.85941797  40.95367503  44.16513561  36.78731395
  19.2624557   42.13254647  37.86668792  36.86586095  50.23648307
  35.27336261  38.08405264  19.84559848  20.03884454  22.40004686
  78.63859228  28.42460313  39.98664478  44.05668003  83.98510967
  43.06082964  61.78411095  58.7833992   39.72856005  54.33624345
  74.9306103   34.44856675  37.93672576  28.62889907  18.17558906
  33.89674782  26.73680541  48.34838631  66.08891276  48.45970059
  28.37194325  26.79102618  42.35236378  31.97131204  33.38499877
  32.85157292  30.62782583  57.76313909  31.47806019 103.53803122
  58.37768765  20.67089007  34.67421737  38.78383898  47.94555973
  35.6461595   59.94932489  53.02665569  38.02882506  31.71283553
  25.41407964  67.62399976  34.25939916  22.2661062   35.99116327
  67.47874219  34.21622068  43.55649057  39.76257382  33.63883616
  49.48017731  40.45088664  32.26413232  38.65189769  27.07922918
  43.97879357  81.23401021  45.22104778  22.17578372  56.73424236
  39.96679306  26.67180099  38.29954273  39.85543394  55.83337754
  33.15255756  43.25192808  36.88922168  54.32569419  58.95744483
  71.46687364  62.8963932   28.41486241  26.16317091  25.96596977
  24.96799279  40.40311856  36.51415458  36.88968308  37.77018783
  30.3360329   25.76877489  32.59778068  46.32220413  37.79949018
  19.52661876  42.06608562  49.13237482  40.79808213  34.47079702
  27.50208676  39.98798551  43.44299733  26.92637444  40.07199459
  57.15296142  42.03025158  35.96440786  36.79899764  28.36323548
  41.71609178  37.31723978  32.69987655  73.70358472  25.91542969
  40.65686124  40.08521025  64.52990948  46.02821401  25.60388649
  37.28469954  42.8377312   38.94983573  35.93075439  44.12987101
  46.67502942  26.53292821  32.55461202  63.63629014  73.99030445
  19.90820231  32.85670019  44.9010923   17.50724743  50.02595767
  45.57117532  47.67766489  26.36859363  41.46608652  38.66132607
  43.07948308  59.35836135  48.39022487  42.82965358  38.62518199
  27.67897192  75.2487771   50.95546675  62.64677797  42.01852161
  33.16281813  31.05092591  36.37549622  23.98651039  23.66776064
  36.82045511  38.32572289  56.67512184  34.86363718  36.86701001
  39.75139413  50.76610435  28.59372407  29.99050843  51.034628
  38.71556012  34.11701132  42.6077589   25.35600071  31.9337886
  45.94805059  43.13096963  38.42870212  33.62329769  35.60432213
  31.41005482  52.6104471   22.75179334  32.3032121   64.27540006
  29.09237708  29.82366798  19.91236308  50.89840178  38.46972383
  24.44013624  22.54090198  26.25912758  19.91878001  31.59865871
  52.75372516  43.62313154  38.26325243  26.12929494  57.91661273
  36.41664771  33.93022974  36.20792994  90.9113967   52.24256746
  65.36469098  34.87886452  37.61841578  33.04173462  42.35765839
  19.20992644  64.80870393  22.94648103  41.2508311   55.05050071
  75.54072789  36.85074076  52.29893041  34.93844256  44.67295666
  34.49747246  33.64753915  38.59883946  34.17381444  35.69680306
  28.14884939  44.21286375  44.03449741  46.39213995  49.48647927
  56.69441996  58.60255984  55.3386087   58.35715625  33.9538438
  37.28520592  52.82801576  35.72658999  29.49691272  56.72938271
  49.18176439  48.15511172  69.53173127  47.03120019  37.95108021
  50.22316061  66.34262161  48.55051361  22.92694219  60.16614387
  50.96170048  35.8435766   56.10048638  27.37202026  68.68241086
  64.26853048  54.62459268  40.35410942  97.30619196  81.67429648
  40.3198661   34.00230345  49.73240301  59.35725686  26.63535486
  38.32729557  30.68950001  62.66630625  49.32332484  42.51440009
  40.44593319  34.18786116  32.21235334  44.58764261  38.4309996
  44.77470014  21.98608496  42.02415579  30.87459248  40.41613305
  40.32416835  70.57635679  30.21942661  42.41399229  25.86843388
  36.52672462  42.75471323  57.56379778  46.79693013  48.13324024
  32.93783703  41.49641812  32.41370979  56.28122511  46.76760406
  26.49970652  28.43631402  29.32085355  37.39130315  32.69370429
  52.70701873  58.80854471  41.74556396  36.76336518  47.23819294
  53.63858044  29.98125526  34.29644013  28.86089408  49.01768412
  24.24399304  45.85672358  26.75733732  40.02042745  51.09667585
  52.56042067  28.05235541  39.8635152   42.59070296  32.34533593
  25.346608    54.8188769   38.32655257  40.40457732  38.43103849
  45.23330488  19.71923134  40.07623234  48.99957601  90.22250163
  45.60715064  28.7075385   16.74212507  14.11855227  47.58471234
  52.64727875  36.99886801  53.64566586  38.46267244  53.89909168
  31.15239135  36.85642757  24.36855011  28.30373775  60.93264989
  50.57342586  36.40727772  35.27360596  36.16697628  35.60618037
  43.6852872   35.56940249  31.0359298   52.7638494   43.8785789
  25.00482546  24.6413927   32.28411676  34.4879243   33.93492247
  48.84558813  35.12793287  65.27160865  18.42358804  38.42450647
  41.3940308   63.52483111  72.34057608  34.14284176  48.80228426
  63.59221978  35.94252958  32.15801774  39.65738761  41.87861482
  66.48498139  62.32671425  55.1621597   62.16755607  47.41781199
  20.31202648  32.47765132  41.02650149  32.23525147  31.73571789
  48.39489412  33.23772127  39.52345561  21.49615569  71.44135777
  49.74635147  61.9411492 ]
Test abnormal scores: [62.81373092 86.66725141 75.13791487 ... 47.79007073 60.05521315
 97.27457802]
