Logging output to: /scratch/mgirishnair/MotionCLIP_experiment/results/multimodal/classwiseGaussian/classification/anomaly_results_multimodalClasswiseGaussian_random6.txt
Loaded embeddings:
Z_train_normal: (3015, 512)
Z_test_normal: (756, 512)
Z_test_abnormal: (52944, 512)
Normal classes in training: [ 3 20 22 25]
class 3: n=752
class 20: n=753
class 22: n=754
class 25: n=756

AUROC : 0.7942
PR-AUC: 0.9960
Threshold (95.0th percentile of train-normal scores): 25.9239

Confusion Matrix:
[[   74   682]
 [ 1055 51889]]

Classification Report:
              precision    recall  f1-score   support

      normal       0.07      0.10      0.08       756
    abnormal       0.99      0.98      0.98     52944

    accuracy                           0.97     53700
   macro avg       0.53      0.54      0.53     53700
weighted avg       0.97      0.97      0.97     53700

Train normal scores:  [21.49562763 22.68481123 24.00414975 ... 24.8166537  22.98419447
 19.1789251 ]
Test normal scores:   [ 29.41638467  45.498242    39.83025164  40.79940492  26.75947006
  41.48327927  55.95219593  62.21503346  54.77422665  29.06865625
  35.02829509  35.70983771  47.75322548  39.96527706  41.06269612
  39.25310016  20.55772368  46.99521501  88.0099286   43.17488305
  57.00337667  67.5388262   43.05583218  42.94321624  20.4403584
  22.70972193  44.26111609  69.49232274  28.83483526  26.01030802
  64.41642376  24.40779206  37.73743352  51.88808957  41.74154285
  37.81369044  64.2584019   44.41217206  47.01633874  92.8614538
  31.41429961  40.73636479  48.07077656  57.68325492  61.30315761
  42.22458493  34.73774984  58.58224991  19.37665297  23.31755851
  28.78887661  22.21839974  27.24404667  34.42185179  26.22661798
  41.66622714  63.46194153  33.35743733  40.13292251  39.01599135
  58.45183731  76.37554743  18.51173597  43.018136    66.65101188
  47.82658423  26.32852101  36.16417931  27.62793934  21.83421998
  31.29198008  39.99668116  36.32169195  56.64959146  32.97763618
  45.88651701  50.39156381  72.94658455  48.78344074  38.18977796
  40.12884407  32.28233235  36.3225673   38.60993102  57.90793111
  33.8407215   64.21993966  71.09711702  47.67341198  30.23310666
  49.11639705  46.95543385  23.87995336  42.9762482   43.36663154
  57.7106549   32.92566683  61.54587974  23.93002828  43.58796957
  44.1738193   60.4600996   34.97522897  26.80212226  44.08324976
  41.52381575  55.87076171  40.62089524  35.57656497  60.72288074
  51.05145684  68.64379107  62.96111752  22.22995719  25.57626686
  24.74483313  42.58262974  33.19524564  34.81435483  39.24609636
  39.05216999  42.16411727  42.08214162  44.22951878  30.43841695
  49.12640007  21.94539093  42.31112537  64.19208101  28.9605949
  49.9957079   51.85790872  66.90085498  43.10394745  38.07097356
  70.8263011   31.39918004  21.18308521  24.55143862  46.32111602
  55.08462509  32.02643017  48.50437205  38.44106644  56.54771707
  31.90485892  41.3012177   28.08490748  54.314837    65.39746264
  34.34229256  37.19368038  46.29881883  55.59945035  38.89109137
  53.37337186  29.50964745  37.89154954  30.87559521  33.28128257
  43.23167555  61.00250839  57.2438715   45.71441068  24.98311666
  48.76622966  32.99471744  41.45267996  49.46876729  22.33620205
  34.53077864  33.83432892  43.03718224  27.15709575  33.13868782
  39.03374391  32.20943252  26.6791311   16.11241297  18.79313854
  33.32987817  41.01014145  36.51475321  63.89807766  50.61026655
  50.64988771  18.89109041  68.91455213  65.21042739  48.37686748
  21.25505845  48.72747008  49.72481577  29.84110487  48.15723987
  55.75908613  39.3626894   53.87812745  46.37205273  56.64370064
  33.58895522  31.47496057  52.61000822  53.0206072   42.07511215
  52.87286734  32.74127057  52.50256451  31.91112063  32.75011143
  44.56254652  79.73605699  43.66892409  30.97897029  43.54041074
  40.21596629  59.40099004  79.36861984  41.77938649  41.51092535
  29.16411404  30.41893565  43.16824936  45.85706164  34.51478245
  59.94502913  29.67884919  68.21162414  28.53762851  29.11434084
  44.56993164  46.59948794  77.94249133  20.38102227  41.60372774
  45.2174793   51.72269271  43.95766629  39.83493508  22.97860232
  76.92394098  48.30745567  32.20979022  61.34386821  28.89879662
  39.95784587  42.88801941  51.74877541  54.92124084  66.64658213
  36.34088884  26.322385    22.37425348  58.78119654  23.05036155
  45.37875231  26.00663941  38.19577471  50.37818849  29.67511841
  44.85885097  53.31296605  54.15739842  47.76306905  55.71965957
  68.15161918  58.53568006  32.43524585  60.7034588   41.01510106
  50.27222787  38.59018148  47.73617571  25.57140041  33.41747432
  21.23220163  39.35711085  49.4278653   50.47978971  33.59605675
  34.67206629  64.09238266  46.32178701  74.58540407  42.3115546
  68.16835412  49.66351456  27.7201734   57.45162911  45.60690189
  57.5862215   22.44061478  59.02845042  45.9534041   42.67201197
  22.05514266  68.43805365  32.08229109  27.77146711  17.66567736
  28.36743221  70.82754398  33.04510066  37.14244332  31.81018131
  27.46092575  41.56715224  16.94823473  47.45735748  59.70300589
  37.93011086  47.13922899  31.10404388  25.13334648  84.32619648
  37.13258767  59.76103345  33.66168724  24.19925136  17.82813959
  51.24436069  27.48135701  48.19760431  31.35057855  45.37327311
  22.88285382  41.31141417  62.58963587  52.25604142  36.23704424
  39.94947402  54.4030117   41.24007037  26.89833244  36.5323807
  27.17644875  57.86601948  26.80126805  56.27809612  30.71005729
  30.39776892  56.85844539  64.72788993  40.28695207  30.97885851
  60.56883323  42.43791464  28.7773708   79.78519742  52.34664739
  38.39893054  32.45253907  28.00503001  42.83386673 100.09396766
  38.28032547  21.67446455  37.86247743  21.66497496  44.20056849
  43.66736394  28.19870006  65.10697472  37.8566841   54.23434068
  39.92406088  36.98044107  49.38360584  37.13258719  26.90629077
  24.58551251  39.83523962  34.18995807  38.36214385  34.50637032
  35.67104183  38.22072713  68.67817255  70.65735546  48.83663867
  16.07723189  42.09772278  29.84535209  30.14164865  59.77689322
  47.96597631  61.43191599  40.79476648  66.38054935  27.1093877
  56.36205203  43.6405692   32.53897226  41.97674838  56.74985225
  24.34229932  22.8030227   44.31966168  38.7004676   50.86580173
  20.60375228  46.97271737  32.06606456  30.1122165   50.76836461
  16.98470507  28.48619405  21.74422527  31.59381648  40.98917253
  45.15556307  38.3431625   37.34807769  34.16380328  44.85996912
  53.7553456   63.19319419  70.80592219  34.73626583  44.16978466
  50.87894352  78.60748515  68.18088587  40.91287314  31.42951726
  34.19868851  40.72615945  74.60176403  25.52091609  69.39664398
  43.6412408   27.48632325  28.72903675  81.2097725   34.43315903
  44.40914083  56.57183569  33.91449831  23.18372894  45.49353627
  47.93473687  43.39334006  24.94075302  39.33859732  57.08627334
  16.85468186  51.22835711  41.32092557  35.3911008   77.78763446
  58.52288822  40.77950547  30.47850457  49.92020202  46.21605991
  50.59804825  38.18341788  34.81447217  58.16029555  55.15218367
  28.74158735  35.84393881  41.11452434  45.39577475  29.41304359
  66.6839254   40.05404196  41.72168969  36.48853343  32.36715069
  45.76158307  43.87249439  34.5417376   40.09010192  51.48385137
  60.43708211  33.54829324  58.99831433  53.59061439  79.53903004
  60.34525439  34.16410784  42.6498062   31.96028515  35.58045158
  78.84553944  61.42180301  43.39439895  43.86933206  61.8768922
  53.02251147  30.51584107  41.55018963  25.0652528   22.66039859
  39.58152118  73.63216572  58.77391071  25.99422601  35.24398748
  28.05925336  42.38067242  43.36847452  50.94439212  41.32407797
  29.32461281  64.61880555  41.36349519  47.11478737  62.92780503
  46.53489794  26.482445    33.48320254  22.84169943  29.01251816
  41.81721769  56.09250208  40.95440324  66.49761861  37.28015821
  44.45874112  44.93656599  29.60944195  40.3440612   38.52920849
  36.50742717  69.0661377   44.48560876  46.86918248  22.83861748
  33.87625087  58.14144312  48.74437149  36.06083931  36.93455117
  34.21169488  48.30308515  58.98596846  36.28804489  27.76224838
  46.44143847  33.95939093  53.68493805  21.50964748  44.57967303
  40.87267631  22.49146162  48.59140597  34.62323877  39.77719529
  34.57221593  63.17207623  22.87070839  50.61583442  30.20378993
  42.73974879  47.04552154  61.21179099  19.95442955  46.69437619
  28.85058204  43.76135891  32.68361375  74.92574802  56.61312009
  35.15767597  36.47740375  43.53560384  17.99692891  46.90876431
  22.57369787  31.35083689  42.13179361  41.3101812   39.11657927
  40.24888033  44.50447502  45.57157887  60.09709962  74.47833752
  25.12532573  59.79898032  36.83254277  50.08114298  54.27704955
  62.28149851  39.8125292   44.030676    42.12975834  36.07339388
  23.02977855  36.80274316  48.59573352  39.13669608  30.52540491
  35.65342655  29.24865663  60.1153634   42.60091778  51.61786517
  38.1840169   79.36351534  38.81111335  46.4067425   31.59114691
  38.89215915  18.00196429  27.36860372  18.13943387  26.56152219
  38.28177969  77.98479177  58.13722933  43.98608676  34.01624934
  41.38324778  49.31613936  42.22586721  55.15492808  46.51796046
  31.49303888  30.03328861  25.91513424  29.82132804  25.88413388
  42.82583238  60.52865501  23.01624711  57.21732853  65.82496124
  30.54613493  58.43394094  89.30264134  35.42975064  40.20466182
  49.19071581  41.86783229  81.03993362  34.71103367  41.47426998
  37.39263008  47.04367094  42.80822576  37.11949651  53.13162828
  27.06273276  42.00763183  73.25492568  74.86889972  49.48360752
  27.20021452  49.67676112  31.14418901  41.19584055  73.60245236
  62.45746857  33.70758594  56.33588528  43.30380616  38.48027135
  49.89632316  31.33766161  18.96647503  60.19749495  31.17871674
  30.36320643  46.30364571  29.65846261  29.40454637  35.89399351
  34.02837559  57.62151664  62.00373124  59.64594562  48.55372448
  56.10907437  27.13426315  40.1642991   28.33855302  56.00822275
  38.43674349  45.90296933  51.65317594  50.28540426  56.11300374
  53.57279245  48.91174523  26.71836702  51.57146269  35.13158838
  24.08496991  26.33360426  55.51906115  31.95563221  28.97919353
  22.98635413  48.31508972  46.08828846  37.74172334  24.25037727
  26.75236525  53.21549129  45.51758962  52.54476284  26.98657967
  48.8184515   36.68855098  29.97106543  36.04427526  29.27580752
  35.32371368  31.3245168   28.54549033  47.730856    34.741403
  36.65461863  63.47261978  41.29391705  38.82952888  39.78994671
  63.01236366  32.69936759  26.61699362  48.96307552  69.01696389
  32.32945292  67.82149349  33.11503202  41.71325424  38.44866388
  39.69843634  33.9933507   39.95535605  46.50162185  53.10145844
  31.10334153  34.78999371  55.10267618  39.22169834  26.43826838
  28.06312161  49.79272026  62.39394704  48.20966278  31.32956084
  33.17449924  17.17092174  32.58446834  23.34618309  46.9831355
  17.56189462  47.30973693  35.55848249  73.30279688  65.16121575
  39.13396324]
Test abnormal scores: [51.64042444 23.01221648 76.19955948 ... 49.55382139 56.74393594
 42.05937031]
