Logging output to: /scratch/mgirishnair/MotionCLIP_experiment/results/multimodal/classwiseGaussian/classification/anomaly_results_multimodalClasswiseGaussian_office.txt
Loaded embeddings:
Z_train_normal: (3026, 512)
Z_test_normal: (758, 512)
Z_test_abnormal: (52931, 512)
Normal classes in training: [29 30 31 34]
class 29: n=755
class 30: n=756
class 31: n=757
class 34: n=758

AUROC : 0.8800
PR-AUC: 0.9980
Threshold (95.0th percentile of train-normal scores): 25.8367

Confusion Matrix:
[[  113   645]
 [  563 52368]]

Classification Report:
              precision    recall  f1-score   support

      normal       0.17      0.15      0.16       758
    abnormal       0.99      0.99      0.99     52931

    accuracy                           0.98     53689
   macro avg       0.58      0.57      0.57     53689
weighted avg       0.98      0.98      0.98     53689

Train normal scores:  [23.25508279 25.56639582 24.99230904 ... 21.348649   25.23872504
 21.14490687]
Test normal scores:   [ 70.7359907   30.78722871  31.51390688  32.91649718  30.08609041
  25.83426014  36.52779993  50.93690189  28.15086236  31.34022625
  18.9479598   68.94296179  56.11212517  53.13232015  52.20039083
  20.75686925  51.04382161  19.77585771  28.09741443  27.87336543
  30.14296613  31.36975861  42.7462012   57.58760752  38.27039329
  52.65948088  28.08986707  53.04368595  51.1121278   28.38295193
  66.23786684  25.12449919  43.66970927  50.44761131  50.95626603
  33.87831335  53.66967843  35.05988894  29.82858476  41.68035028
  33.83346941  26.23826181  43.55476973  32.53374184  48.50532761
  66.47063046  24.70580972  29.39669198  40.05531153  51.99720502
  58.16758489  40.80679573  55.32148719  64.15200768  54.43781778
  51.76532489  35.38648444  40.25525722  33.46363688  34.47684421
  35.19384112  56.68145532  56.30160284  26.47734389  37.74989668
  44.20393329  60.50010725  20.92068809  45.87838064  24.20506087
  43.74822519  39.17715199  22.63107647  48.29040263  20.2247262
  47.34190377  65.407719    26.1490419   20.21797892  25.78086618
  64.1886385   18.31831574  27.41876159  32.89144776  17.75860696
  20.42477264  42.030716    68.18257472  24.57633038  64.32810928
  25.18207969  47.62092246  32.66598963  26.37507392  32.08896115
  36.03700126  24.36136148  64.33854963  24.7623591   38.65399475
  55.89760028  41.3381306   17.6416517   25.29902682  23.22558188
  38.49103027  21.63957452  47.7075584   45.43341735  25.68635925
  46.49749886  29.09342454  61.45802106  38.9397338   35.28571217
  28.23588775  47.19327965  49.06517295  83.84301685  23.98075632
  19.53777214  50.62910868  27.01379739  22.82458847  61.07325622
  24.82565417  16.37761773  26.51064581  52.29226177  60.59429598
  47.23673906  22.85892277  15.14467436  36.91389692  49.42814525
  42.98670304  53.68159977  42.87204755  32.57122172  30.15098741
  55.36014159  35.59077713  42.6318709   46.95391546  19.68827193
  30.13879479  56.13257948  28.85607743  47.53677194  34.75291344
  76.63995587  49.93503754  33.0229369   23.99401731  53.23719629
  30.40186244  57.47131376  52.16853688  57.26500499  84.28728076
  61.30941313  58.74417017  43.48009473  38.81766043  53.56669598
  19.14132878  33.32021589  49.7943475   26.78811394  59.45837163
  31.77134213  31.62562491  25.84964314  85.71930976  54.05740465
  40.93244258  51.02755443  23.93058993  57.2817072   63.48528558
  33.7641806   35.41179845  45.06844716  23.12852212  67.2547971
  57.24326379  60.63617653  44.85226543  42.55283911  28.57598854
  29.10786938  29.82187181  37.24864197  69.15856048  33.1084957
  44.20289594  66.51638318  31.00872984  46.11887145  45.44378665
  46.9501322   55.71345108  34.9978545   38.09632128  28.84531204
  47.87715785  32.8054687   35.91768228  29.14619695  51.71738664
  25.94885566  58.25618904  66.98709165  70.28243676  77.77255001
  63.23972763  50.32975404  63.52267102  39.84392535  29.75491409
  57.63193759  47.18367086  39.62798487  26.82850867  63.17209505
  37.10072573  71.61331336  28.51959904  28.01572839  22.01140432
  53.5625699   39.89046771  67.90790606  34.83517504  34.28078943
  36.23180185  34.76844205  53.99649789  61.17122801  56.47106736
  79.21029474  40.44433462  37.57740877  80.6379377   32.43762836
  72.08255833  67.76691045  70.76840995  36.33175603  44.34103717
  20.95451501  25.83367728  27.70399037  36.81961266  42.61186327
  47.75220815  24.28531795  67.30585845  25.02212356  33.17545645
  49.4480903   19.63168895  32.09980413  23.42356726  34.37167167
  25.9478031   43.74659455  47.30912218  46.54551663  61.71763399
  70.60209603  44.2875773   16.66504084  23.69267316  38.28975235
  20.62065124  43.27858038  22.19725946  51.63047354  28.41183085
  33.18114277  22.03148212  56.04293962  25.0749282   54.08323617
  56.62514425  36.68597551  69.59966356  51.36657994  54.47937566
  44.23837484  57.10483581  26.62957912  37.2323925   36.53501722
  36.19340964  20.97682159  23.86624897  39.04291772  45.86324629
  43.19538463  31.83596737  16.0123949   28.44411709  19.57610902
  73.48369455  53.01431506  45.11923736  42.01256892  39.32562804
  31.44885938  24.01742804  27.16276112  39.59193941  19.45201615
  29.23249833  54.73089392  56.13471463  34.46059031  49.89060527
  33.82400131  49.65420366  39.33808359  20.1210367   49.92253
  32.11132003  56.93680307  29.66380349  47.93016516  27.08478245
  41.87007018  25.73267463  59.16856682  50.66582961  66.33956078
  31.32195065  24.80761027  56.1923426   56.78447721  70.24177696
  48.68491861  49.36972968  55.84693272  28.33633868  53.1202885
  29.75878435  34.84827372  54.22908103  27.73202974  22.18110486
  42.59139113  48.60559348  22.4674147   43.05784686  41.10884069
  25.27554996  46.55696789  56.12287842  32.49164016  36.50458458
  43.469469    57.17531851  32.55098702  61.20464365  45.03194338
  29.38321145  64.93797588  51.7583439   27.06745252  30.66934197
  23.73481846  32.66504372  45.54952102  48.98922851  20.45427656
  57.51221932  18.73413137  33.45356942  59.74049175  61.94876348
  33.43551623  28.49594388  25.98641884  54.98123236  22.10633663
  48.74677366  52.23497342  58.28501528  51.41216547  57.75379347
  32.99569487  44.88023337  77.12414824  23.89435931  42.94295027
  25.92623524  32.51234947  68.87497273  59.50811103  29.09759288
  57.30033355  25.1817598   28.22025243  37.57778857  40.40714495
  31.00833421  22.71840018  25.97932269  62.96343048  25.81852854
  36.74705469  34.24956158  46.46006579  62.8080905   47.11924508
  34.4765917   25.77423307  24.49587759  28.54190613  38.86542826
  55.95100741  49.68011036  28.52599928  37.27143478  35.96733444
  59.88439766  56.62790155  46.31661043  37.11190527  43.073482
  36.22488713  46.12227876  74.79631336  44.21439973  26.80426421
  26.14557474  40.36956635  52.09224122  32.15107044 100.73296004
  50.1909825   50.1689038   33.28147687  29.64477365  19.19337768
  43.49530776  73.84669137  24.39608116  48.38274415  41.20497631
  41.55000233  37.983479    26.33326264  36.11552999  33.30616791
  18.67560736  53.64076554  24.37382421  33.74160993  64.58387305
  50.24833153  25.38566047  37.10393372  50.20134215  37.02497399
  45.65859769  55.3875054   24.4951727   46.10750467  23.01022416
  64.48729484  55.99397539  41.18033349  16.88159081  76.9606616
  72.94137375  45.56230772  50.85108743  26.63273287  29.34116092
  50.33806296  43.36362062  23.78555337  38.41553675  24.68896793
  17.94674081  35.04304169  42.32620974  63.78201592  25.64769031
  24.30758022  42.09228182  21.55362993  71.80623586  54.23833015
  34.32141471  45.79240161  49.72121304  48.76858259  45.80230056
  39.43157347  23.57137712  32.32814771  46.24725455  64.5552978
  28.87383976  87.2070678   36.38061054  41.13986695  39.41362723
  46.16350305  71.42052965  41.5518566   38.47535947  27.39089889
  54.88338217  28.54493913  30.31506814  49.47406055  35.54754337
  39.45681803  43.81837832  54.96741018  29.02578904  39.3355796
  48.61779447  23.48240824  33.16082471  57.66971278  65.65834073
  33.12082494  35.16064971  43.67504744  31.68758748  31.45468203
  34.77158289  42.52109203  56.50034364  42.47938372  72.69004958
  39.30056609  29.99455827  37.93020438  44.27652892  43.25722438
  70.77545732  34.9973243   58.31301494  38.01796044  58.47961809
  61.95730864  45.50759554  28.49971045  37.78562627  64.76416846
  39.62749793  33.32910337  47.40472783  38.5053364   33.76069761
  56.2991293   53.07701356  43.17591536  20.17147349  40.24479338
  23.91896812  70.82152138  26.80586783  43.36227731  59.46932761
  46.91975275  64.13025951  48.33685636  33.87906337  39.91823587
  39.25935194  32.8400917   67.511693    46.78896483  38.15893422
  48.28509329  32.47452268  40.62157975  87.81201421  41.68700121
  51.76245781  47.24350722  44.40677046  51.22470277  38.64954981
  42.19426507  36.168931    42.62590372  32.09144532  50.19955162
  41.12329309  59.16260009  47.66409692  33.29295179  74.66129166
  21.85116462  20.4236797   27.97374201  48.2677459   72.07908689
  65.27457827  38.61253256  26.74727276  24.44198294  23.99617671
  37.41837459  43.14997868  31.59311959  66.91632471  46.65468555
  37.80164369  25.04788671  38.2231055   51.23641869  33.07346103
  28.56497129  27.84948528  38.51685568  46.26722834  59.03348427
  20.11738767  49.03773123  58.52073509  21.29634987  53.82645573
  51.80481195  29.05249412  35.17142097  20.52796007  62.09366639
  29.51140035  60.80645808  46.21600151  32.19023464  34.16542761
  31.28255234  23.32742486  33.3485292   59.12381529  31.86795
  59.82452089  59.38139021  26.39465893  50.0931582   27.03189058
  63.16883869  65.50792139  66.43270636  45.98730381  27.02819017
  24.67369198  26.55712588  21.57831666  57.16496927  41.00377059
  25.70041745  55.84130357  44.27450601  55.603494    60.54587049
  48.29745494  65.69062706  22.43787201  43.87285301  55.79755034
  52.08670522  27.39311104  45.64720012  36.80567085  39.10502755
  40.83128388  61.03447261  77.33546685  76.3290432   58.04954168
  30.9000045   47.53712488  58.96894885  40.46462937  37.10632649
  37.63713429  28.16658672  63.7132379   63.58832724  48.68909503
  35.2168998   46.95374838  44.40318069  43.1009091   29.74478726
  30.16472449  24.47090374  33.43093721  28.23515687  27.26683403
  28.78762744  41.51549104  22.38593958  65.39601808  25.6040286
  24.73528043  27.78582823  34.83737304  75.80529563  21.86757307
  23.06594031  70.44250004  27.12819818  47.89366076  19.91931355
  31.53363252  53.04589166  33.17078246  39.86517581  38.97954597
  31.34225035  49.88714951  24.44502782  29.86658707  50.99915899
  44.4141381   35.32650462  39.68058016  32.07407605  29.11113648
  52.03641358  30.81559401  51.47342374  28.39075394  44.12858725
  39.42899257  54.35349777  29.33602271  19.4379512   27.84883512
  22.58299771  28.81659708  60.14653125  61.36129317  32.55250414
  36.31978701  53.77692469  29.37998657  47.63513341  30.64909858
  67.52314588  67.58859796  35.56654575  63.05928068  37.97625706
  17.92305807  35.62489444  56.83629921]
Test abnormal scores: [97.61204824 55.6157417  77.05113603 ... 49.12508642 61.57480247
 79.96134791]
