Logging output to: /scratch/mgirishnair/MotionCLIP_experiment/results/multimodal/classwiseGaussian/classContrasSplit/anomaly_results_brushing.txt
Loaded embeddings:
Z_train_normal: (2036, 512)
Z_test_normal: (566, 512)
Z_test_abnormal: (53888, 512)
Normal classes in training: [2 4 5]
class 2: n=679
class 4: n=678
class 5: n=679

AUROC : 0.7363
PR-AUC: 0.9956
Threshold (95.0th percentile of train-normal scores): 24.8463

Confusion Matrix:
[[   96   470]
 [ 1554 52334]]

Classification Report:
              precision    recall  f1-score   support

      normal       0.06      0.17      0.09       566
    abnormal       0.99      0.97      0.98     53888

    accuracy                           0.96     54454
   macro avg       0.52      0.57      0.53     54454
weighted avg       0.98      0.96      0.97     54454

Train normal scores:  [24.40180811 22.88324413 21.66388617 ... 25.70912883 17.21902834
 19.22776079]
Test normal scores:   [ 64.50039151  48.04386517  19.75471555  59.08801482  35.51545404
  54.85465904  56.97821282  54.32821946  49.94949054  69.54202823
  73.87141933  41.37762178  42.38470883  43.22161568  47.54461842
  44.26515347  28.77682618  17.11637029  30.11819641  41.00177345
  43.17064898  25.55042884  43.96187307  26.11245417  15.88569685
  54.49781105  19.7201489   44.61642538  20.13753329  33.53566254
  29.99969127  60.44082034  38.01758723  46.0770104   45.7043756
  21.20776086  30.52756407  57.62055775  14.60789457  21.00590999
  47.45661912  29.64820612  44.41820666  71.2472332   45.54490245
  34.83111143  77.78710679  43.87796021  40.36778832  51.91338436
  23.01585256  40.27124691  34.36328818  24.14889905  57.42753531
  50.57532354  34.41783273  70.70375486  23.58283533  29.31761431
  71.46223059  34.80005095  48.81335342  33.91405744  18.67133479
  47.0692046   52.97657473  57.22319588  33.22156818  38.10942828
  49.82498071  32.68837252  82.3225346   25.13924632  36.59852369
  32.4243412   27.80141356  37.46675855  24.74413721  39.46471418
  47.64430811  27.49576184  30.17349493  28.92111908  41.34556285
  68.07951939  65.11811982  41.53383178  45.89044756  24.85789561
 118.81268166  42.75404389  74.51541699  52.07812594  24.59672046
  42.80060118  20.90177244  28.52093943  49.71694228  33.19319238
  45.95541571  71.87432332  62.3053443   43.95152362  24.96951135
  60.68405139  34.14441849  35.91303505  97.75044006  24.20819821
  39.54698515  30.36527323  26.96160293  45.29525965  62.75010704
  32.43491391  39.89834335  14.57982233  40.66803872  22.61430678
  37.12051873  44.51232939  35.41564368  33.20216325  32.93819051
  45.63495744  52.29505221  21.69036016  33.25170858  39.00246441
  34.1762015   24.90169162  31.75130604  30.08761833  44.62942065
  51.81006782  52.93781957  48.35472195  47.40857033  55.18063366
  35.39689381  48.2991613   48.12606776  56.31185907  60.18431669
  48.55088323  47.80564043  25.48349667  29.97140131  44.19940957
  25.79231654  57.13860303 116.24304495  39.70012586  23.4491106
  22.24175091  65.12658852  29.68222123  66.66432474  43.15326622
  28.100015    24.85818805  35.95401556  29.43141972  28.59124465
  68.65782134  48.95472761  37.91913342  25.28276536  75.84333509
  38.70637976  25.48292008  31.37817541  23.51559411  31.61102554
  30.55570516  58.1424598   18.88082462  45.29719674  23.02264252
  21.51753244  54.91199927  33.45569786  46.80173329  73.44879749
  25.83845987  35.6829102   29.1367454   69.87945646  50.67887379
  45.47562997  67.11611746  30.39883887  36.70992703  20.36521854
  44.82938931  15.76087968  32.88136921  16.36298302  36.50370839
  44.35145822  49.49937602  84.31732363  42.70097508  54.28923652
  55.02936894  25.35736588  37.50172209  43.72387829  58.78608442
  38.88963606  31.38337595  22.87360285  63.92474031  99.81321957
  20.87314547  35.18112859  37.37746219  24.29259278  30.09799373
  25.37529887  23.777875    87.2988195   38.84228694  61.03581284
  30.01394443  54.71352734  43.60418969  34.48326988  16.36006007
  74.99852416  36.76515462  88.19254928  26.93933011  39.05851775
  57.75598367  36.93521382  22.28753216  79.21085336  72.43983862
  21.357224    32.49431387  22.29295382  23.35278322  42.42379981
  68.2943851   31.50586816  61.97529277  50.86814854  53.45269417
  67.55832939  53.891693    20.65218889  39.98762928  44.62766029
  27.73564917  35.59104298  24.99191501  46.91681511  36.72882756
  97.55723103  42.8935879   25.95958403  57.06500954  38.48880394
  27.61250015  46.95842777  28.52981179  66.77762062  43.38125375
  55.51084574  62.71638762  32.95785285  24.31329602  26.03770744
  27.07022044 108.79600293  29.35421916  30.80463199  71.24058198
  29.01402296  21.82729929  64.33373763  19.00765272  39.59393534
  43.02794513  27.33954457  34.27614729  18.1326373   48.87129974
  77.67221752  43.21753577  21.9867702   47.3048495   72.69746844
  26.81673616  32.73845818  24.89557094  50.5414683   46.13921929
  66.44740247  43.47537048  37.45063665  57.18275795  38.38955654
  58.0395187   27.42259472  20.40266474  54.77838483  19.42034293
  33.86572942  93.03152538  25.73975844  27.88409944  41.69242024
  27.57972772  66.19703794  36.76154319  30.43489877  94.81091071
  29.07301882  26.72759038  69.9171053   80.44861706  45.14712672
  22.58159172  18.97075291  45.91801212  35.76902107  17.57890096
  36.93440239  28.13511569  24.34065167  31.29793858  35.5414909
  30.23812989  27.55914659  79.71277299  23.09894745  64.15754063
  33.77076364  69.13716964  32.00020042  30.64995174  94.1871004
  43.19074522  33.31182226  37.95165211  58.87413657  23.24575431
  22.42521351  33.08230699  25.50110194  53.51379192  34.98402554
  23.83271537  38.95581144  38.95959555  42.94926343  45.79554293
  21.51663993  22.28878021  25.65337869  68.79608282  52.64688708
  72.93663363  23.17444194  31.00154357  66.13796137  50.2499016
  48.90354974  65.52418116  57.74410271  61.2220399   30.37192527
  60.45925105  30.49672453  30.55259132  43.30161126  57.76940809
  47.41400564  45.22959615  38.11386125  23.39939538  40.70623551
  29.39672981  48.39121097  28.88383054  41.12898626  56.26151313
  15.12266099  44.12014066  47.45881604  63.37996208  26.746561
  37.50906753  47.40594099  19.04807754  30.16221053  21.73969471
  13.4480544   39.13294898  45.9773336   50.83897606  27.05703741
  42.52755541  28.3625604   27.17321261  21.93776921  45.25212657
  41.94129229  28.69360049  36.03029731  19.06302049  23.50421016
  67.18212167  79.42953066  37.6633344   26.61307899  21.27703426
  64.60359098  64.4526239   62.75927648  57.96257217  46.36792184
  30.68318313  28.60531566  33.74707918  22.5300851   35.51837884
  55.11215974  28.37827087  24.21894493  27.64545835  24.89574108
  45.39252118  17.10764461  29.52622903  44.17561395  75.57871606
  20.67758721  60.97909825  57.48359432  23.33006017  43.11772769
  56.88591769  46.36346958  91.54263182  34.68542051  47.70064137
  23.89854939  18.47186592  43.43280844  38.45960099  30.0011145
  19.32025454  25.42739809  53.23150308  21.71094392  46.49856413
  27.15542219  56.37458827  77.11608887  56.87091245  32.94548035
  19.50351831  31.953788    46.97722866  26.16851549  41.39587181
  61.76133027  58.05375131  82.57277951  61.66715431  38.14945072
  32.08246075  22.5151709   20.84873271  50.53462677  23.87524033
  21.25721703  45.86487408  21.44107521  36.77784849  26.16811089
  31.82246857  30.53137247  53.18057939  46.35113795  55.7279844
  22.22158802  36.69859661  46.59848748  52.85493957  29.44274414
  40.37556071  30.76216135  22.63929884  23.40771152  27.20384919
  41.21996593  39.5055381   21.57262413  28.05786601  43.07369095
 114.92635601  35.65220222  27.01492495  34.76956907  45.27869485
  26.38810655  24.63735652  30.43936512  45.80277895  36.75380251
  23.4677923   21.92513278  34.37817096  51.92303335  37.25908817
  21.00119672  24.78549106  23.51722342  24.00753591  37.89939762
  26.65433202  52.38735625  73.71476394  34.68197178  28.614652
  54.53757716  45.51401088  64.64159772  22.22134765  47.44623687
  49.12363302  47.69497566  50.83935968  41.20948118  35.25046347
  22.43842271  47.72998672  34.62505837  68.42409362  56.02965576
  37.24911915  54.23766159  53.72631615  24.36762655  33.63817824
  51.185494    33.12114644  35.2577247   24.69798269  63.94879771
  28.05458229  52.44927153  20.97808858  25.0820732   55.32416508
  24.85635437  26.97043439  26.039198    41.90215475  36.21224588
  29.23216945]
Test abnormal scores: [66.99028666 15.8420102  35.50503194 ... 91.23004431 59.89609961
 37.96214543]
