Logging output to: /scratch/mgirishnair/MotionCLIP_experiment/results/multimodal/classwiseGaussian/classContrasSplit/anomaly_results_random6.txt
Loaded embeddings:
Z_train_normal: (2716, 512)
Z_test_normal: (754, 512)
Z_test_abnormal: (52944, 512)
Normal classes in training: [ 3 20 22 25]
class 3: n=677
class 20: n=679
class 22: n=679
class 25: n=681

AUROC : 0.7162
PR-AUC: 0.9927
Threshold (95.0th percentile of train-normal scores): 25.1131

Confusion Matrix:
[[  121   633]
 [ 1406 51538]]

Classification Report:
              precision    recall  f1-score   support

      normal       0.08      0.16      0.11       754
    abnormal       0.99      0.97      0.98     52944

    accuracy                           0.96     53698
   macro avg       0.53      0.57      0.54     53698
weighted avg       0.98      0.96      0.97     53698

Train normal scores:  [18.5210562  20.93602763 21.55005517 ... 15.86739532 15.19806869
 24.38414081]
Test normal scores:   [ 59.97303738  40.52119241  72.79068078  36.68771984  26.35950682
  43.16770089  42.32167155  44.25688922 101.84761973  17.16885149
  32.97423734  18.25128416  24.19108309  48.06908133  38.9307122
  45.2564022   33.90143853  37.77996563  72.26497353  51.13190902
  61.76435191  27.86007146  40.92694915  82.75985054  46.59086797
  15.25181692  52.54058656  36.5622263   25.68791177  41.68799292
  39.62645541  46.6330237   41.58816685  44.78607355  30.37003236
  56.09569203  27.68631929  69.28090229  62.51909184  30.62321861
  41.21780891  29.25779578  48.13759233  29.70225993  22.6401949
  53.685941    26.3083792   48.24239913  24.30546422  65.40232251
  53.81877544  20.95773796  35.05855264  37.23844886  45.65960261
  33.02636824  21.02085946  26.25453286  62.61716696  39.13789725
  52.56030554  50.81681954  31.64861323  36.50105833  14.26849636
  32.531967    35.07012754  53.76922609  46.40713772  33.57213014
  98.68613166  38.74449631  48.57597661  25.73976994  45.31037198
  60.19264781  43.98337073  13.13890558  24.09568402  43.25667528
  48.23965163  48.77865299  20.78732156  45.2331757   33.23012099
  24.70606158  41.76429834  16.93288388  28.51939058  48.91555452
  84.61275319  36.110502    27.68577714  47.78134395  56.59879143
  47.99711677  69.33411112  34.69084447  44.20387793  28.21585751
  32.67079366  32.64179914  34.09638756  39.64913857  21.44286289
  49.97527158  21.40188911  26.41655621  44.71381548  26.17768713
  31.12410432  39.24231963  39.37610638  52.94195665  45.57841801
  30.1764307   58.94507534  21.20838416  80.25721624  44.76764914
  28.94944681  34.30002328  18.17385675  26.26848073  50.65071727
  44.63193774  30.3868005   30.58665655  15.72329315  34.36845773
  29.059482    61.27137135  26.78462354  34.90565047  28.00626255
  83.50281222  42.27428342  52.36269985  76.94703956  32.90658105
  30.3264062   26.96769158  17.31893675  54.60697721 120.26811544
  69.12611181  58.40270315  57.11307425  39.40503897  24.72635986
  77.17916014  22.99691455  44.11016296  44.49722361  45.40847776
  36.49479644  38.2395964   25.70772054  28.7293348   35.74692845
  32.07334184  41.53655698  24.95122742  58.17379405  25.41515861
  53.22270546  21.48962678  44.70026481  30.16582011  58.62666032
  48.05457667  45.16092763  37.74606398  33.1491297   19.36737205
  22.79260835  36.4309061   22.45492473  48.40415652  53.99693075
  28.25746023  21.6722796   21.06690559  33.96600291  34.09561532
  30.10923762  22.23582227  15.58198041  45.64635024  40.33109234
  18.94432268  68.28108396  51.26343713  52.41406272  31.87456598
  34.40589111  26.38826674  48.44385825  25.73439997  57.78768454
  76.78110996  36.94243885  63.58270288  50.59274356  56.37128291
  29.66513626  47.882826    47.49344587  31.64240133  59.0497066
  35.84066268  63.02456067  52.39151885  44.87673048  42.72016642
  50.30211583  29.1493845   26.37017229  27.55145792  77.70476247
  59.85449251  30.68557124  26.59451898 120.77481858  39.83326393
  21.63972829  27.18270805  34.965998    18.66037006  50.20372299
  51.09563703  43.4828599   50.49757528  69.16875146  51.06188847
  31.49497986  48.33164201  73.152575    42.81024225  42.71958882
  64.51122787  26.92432555  66.29061639  25.8355003   82.45940683
 115.33086728  26.46978304  31.42752682  61.55508614  32.7307669
  15.46054575  41.12225044  28.6236466   42.4833516   34.664564
  31.47662755  20.01094096  38.28208529  34.99969965  52.22304786
  43.21097237  33.42845989  16.85719929  20.90099666  38.41819932
  43.05452464  33.71457206  43.15793107  41.40482504  34.80677132
  65.8365505   56.7404222   26.67888294  79.35583469  26.74670239
  41.18220226  38.57943955  23.42233695  19.91360594  55.52937159
  20.99916854  20.36816119  21.3769491   23.11168133  17.73773054
  68.77503755  42.16063613  62.40704311  41.95355765  46.19755249
 126.37148442  39.36758753  69.65840493  76.11767571  36.54561508
  50.8324802   46.36812759  45.35250222 128.48099542  38.34571078
  44.72289379  49.36460604  53.83502013  57.92234608  45.26390705
  65.46662704  14.11197464  24.11879083 114.05468444 100.41263216
  28.40248776  28.41371939  26.2434966   39.36089675  42.76144455
  55.07885338  52.58337568  33.02621573  34.65780255  27.9917859
  42.10470491  38.65603543  60.06558401  34.25348887  28.66164762
  20.23896097  38.34068739  18.14948949  33.25085974  25.07455526
  17.32532334  49.43972294  31.41465734  17.92359417  46.96721766
  18.73648979  47.2689943   31.74492144  51.33637483  40.05491611
  48.48232284  68.60284498  30.6927397   23.04135751  22.56281231
  81.96874647  18.03829675  45.90441087  22.36287071  56.1720825
  35.88137239  26.98092073  34.68282805  55.29266523  19.86020361
  28.78716119  25.91196894  36.82144411  73.57042591  14.95636207
  28.48068558  25.66115223  40.21550853  56.95389725  61.65608228
  93.13736608  34.362643    28.08507007  71.37696123  42.86983866
  30.09184536  58.58748199  32.85060339  25.82371306  24.92074803
  64.34482684  36.19723388  28.869926    24.09385105  27.60873156
  61.39866024  19.99720032  51.48285656  68.29032693  53.39277621
  28.27901791  45.1333209   44.89195079  22.81537599  55.14610994
  19.38383418  29.13958855  26.43415885  29.48291723  62.64396955
  28.08138995  52.39959456  34.40395103  45.56873059  35.2698712
  52.73003135  27.21979786  32.44779374 109.65758841  41.6456352
  21.66112885  19.48190062  24.21399116  56.22290853  21.91040515
  17.82947184  33.10310145  39.54189651  27.52062671  52.39117867
  16.53179665  63.06184871  42.40163736  21.20504332  31.99175237
  40.60299115  29.09504612  36.03071308  78.37560948  52.55382993
  45.17447868  47.26953579  40.99982062  17.94520171  30.75896121
  36.65588378  42.94578481  54.02595099  40.1746396   24.77917755
  31.64847283  38.12330057  39.45761162  30.46436907  45.168544
  52.32579971  63.53830093  22.48956448  43.60555099  24.44705335
  36.10137461  47.38214381  47.83530018  22.69041606  37.08084069
  25.52982134  58.46975705  37.62519428  21.6592263   34.48896732
  37.05111273  13.22429311  42.70839862  34.17055523  35.48482711
  83.92457825  97.47100382 115.28717764  52.77008454  51.6481894
  21.92340974  44.62388026  26.35461068  40.1327914   65.05652769
  42.75492048  21.43724612  21.0732214   57.63140849  53.05851375
  41.66938958  34.3153939   48.0208203   44.10090589  59.48511657
  27.034164   108.76622992  40.24273632  18.91048742  34.66853069
  31.16755513  17.30801752  66.50407958  39.16193066  41.89001034
  60.14846109  46.87104946  49.57371088  46.44621354  42.32053313
  38.09618896  95.09522013  50.85718777  36.47736488  46.13164012
  56.45486414  17.83450335  26.79448632  15.98571642  76.079221
  40.3773734   25.95938675  41.24488001  70.80825138  61.71624421
  37.27754592  40.75912309  47.28031541  36.01632992  45.90955269
  36.12891249  25.37226346  56.36482128  26.4295776   61.51810686
  28.06291508  30.4727764   42.36670874  38.78609249  51.87244372
  61.13402174  30.57099314  46.02536165  46.44453598  27.87493695
  42.80819831  40.81623994  39.37922552  40.33176453  53.89180399
  22.22899922  63.13290896  58.95502224  30.88024131  66.20747359
  34.54184613  31.51431063  30.33322305  29.65947174  32.72289312
  39.88665811  51.44441623  60.73960368  34.16519764  59.50371448
  47.96645395  49.60030392  20.38991545  19.03699491  42.89401937
  24.35532623  27.71955485  28.58212113  22.01287974  21.56745182
  20.27867531  53.52162135  27.75410084  37.38027879  54.65716318
  36.27595245  14.95364844  21.64991913  21.87912242  30.35289459
  47.68264329  39.76529045  56.1421506  104.36512828  58.99730512
  33.32066259  14.80848927  51.34245133  17.5450775   49.03142197
  28.48460491  51.98495425  48.14127052 108.92767272  40.12962803
  66.18396746  36.80307848  37.59866148 110.74608403  23.1833938
  44.56922763  54.78766174  45.59371182  61.46040242  52.01585055
  26.31317662  23.99904246  29.23476741  29.45615625  61.24080867
  33.50378188  23.90542994  34.24127643  27.86822478  43.95216346
  38.69807593  45.12095757  29.59622507  56.54589577  20.27486153
  89.15508967  25.37861483  24.59848565  39.79617282  41.81863575
  47.18930836  14.97592489  52.51897632  69.14098975  59.87176509
  23.62570628  40.31463545  51.21937446  35.62311748  53.36727079
  42.34474305  88.04719256  33.47103008  63.87453849  38.3623482
  27.03249791  31.62586065  27.43565106  30.76980625  42.09599496
  29.54487859  55.47968577  40.85316479  34.29498769  38.99857272
  86.58827221  35.14799205  60.22469138  72.39894839  20.60424318
  61.02760272  88.5990692   14.83812685  55.10150289  38.37387092
  47.41003387  47.35749671  37.65466634  30.91615318  42.22610019
  25.84364165  43.20665621  18.58169925  34.50287933  43.8513362
 133.77920722  49.61801502  54.1394095   59.33428615  26.20864897
  57.09336899  17.01881675  91.1946305   29.73519162  36.48642643
  33.96865572  44.81887113  17.90539344  54.37195501  57.84008656
  21.37887248  50.83490256  27.51697194  28.05295192  31.57500655
 170.34386117  29.34015499  42.30882917  45.14194931  52.21519703
  54.70869265  24.11158289  43.19859207  26.03503347  25.78056148
  37.94400774  25.45626531  48.46966125  46.65260591  85.43851889
  60.87747024  30.18526166  49.20938235  72.07548053  24.93545408
  26.34220767  39.5002583   25.33780407  40.52213426  29.24940521
  23.75961664  35.97525611  59.36087725  23.27579922  36.25940994
  19.39868144  76.83058792  19.70796125  59.20901085  60.55994873
  22.70806654  59.36118723  44.55961969  29.82787602  38.09411292
  41.89164293  42.60820237  41.96298073  57.65251568  33.97108814
  43.74618724  66.23705021  40.50051585  48.03530554  23.57711171
  26.20974438  69.58620205  26.07762651  39.43022591  60.08609946
  58.74242233  32.19368998  50.70456912  22.59675405  68.6733554
  31.15320933 231.14901878  24.18714478  50.9878093  159.01828733
  43.61661647  49.80994684  45.11382495  66.96163356  41.12405242
  31.38972294  25.26946776  22.65606714  30.72589483]
Test abnormal scores: [53.97600889 18.76095225 67.78565905 ... 83.02213624 55.06615649
 38.02178657]
