Logging output to: /scratch/mgirishnair/MotionCLIP_experiment/results/multimodal/classwiseGaussian/classContrasSplit/anomaly_results_dropping.txt
Loaded embeddings:
Z_train_normal: (2715, 512)
Z_test_normal: (754, 512)
Z_test_abnormal: (52944, 512)
Normal classes in training: [ 6  7  9 10]
class 6: n=679
class 7: n=682
class 9: n=675
class 10: n=679

AUROC : 0.6813
PR-AUC: 0.9914
Threshold (95.0th percentile of train-normal scores): 25.2206

Confusion Matrix:
[[   81   673]
 [  873 52071]]

Classification Report:
              precision    recall  f1-score   support

      normal       0.08      0.11      0.09       754
    abnormal       0.99      0.98      0.99     52944

    accuracy                           0.97     53698
   macro avg       0.54      0.55      0.54     53698
weighted avg       0.97      0.97      0.97     53698

Train normal scores:  [24.32633527 24.19521118 18.40167264 ... 19.13103695 23.03465378
 20.34529123]
Test normal scores:   [ 36.89512771  23.13232081  77.14980078  50.68089396  28.28131197
  30.65440176  73.68414654  23.71663387  37.06341597  27.35627048
 143.48928678  36.63104065  64.187876    52.90537474  35.29998803
  47.12354733  93.79072009  22.32268257  36.89162568  30.7887726
  32.08612585  71.31469157  97.63697111  84.28857785  33.66302751
  27.6698062   36.61598045  39.56762979  44.46440395  22.69923481
  38.56943318  43.95286691  37.49336491 115.50258545  28.7503086
  59.71969004  32.62189299  60.169786    37.47718973  48.530427
  41.90499511  40.91018898  42.59495096  37.45653559 107.95207455
  21.00460922  29.31744228  56.80923021  62.98606199  35.40310458
  46.09836377  73.77953601  67.17251912  31.81479664  49.76428436
  22.86612176  17.48345965  26.84985058  37.97716045  32.77540875
  35.85139523  45.23766833  18.27288905  73.57808332  47.40579456
  46.99437028  32.37540967  42.82605121  54.4607072   20.0932032
  74.03074973  61.84518998  28.94917436  28.3975898   41.58363254
  55.5838159   28.10987401  97.63750741  40.0608674   55.58445704
  27.82377803  33.58999004  23.66262055  19.73519291  71.55139219
  51.04345836  20.68385035  45.9763459   57.12800374  46.50779377
  39.27678717  30.87400328  78.94466105  78.91454095  50.74374633
  43.64935191  32.96720102  58.58084565  61.48233862  30.81836171
  29.46712487  33.73431655  42.77292353  40.30429492  29.36002487
  77.54949727 121.87322287  86.85276814  19.7143734   25.56371875
  97.54441943  87.52204229  25.33346423  64.26409294  75.48370122
  34.25605758  40.04896452  32.52217811  75.99951454  44.35657193
  35.83808737  36.65344004  24.92746946  24.40586786  28.84885685
  37.29619134  36.37927572  50.07446101  33.43794035  72.8245286
  45.46209163  30.65731883  70.08872052  35.5890326   45.47340976
  34.18206412  44.8825597   31.39866682  54.13833236  51.70595761
  34.08264457  22.87874727  42.60849019  52.40859571  64.39393709
  34.97120204  32.60095549  38.17592951  31.70961152  57.66898832
  32.62604135  34.18549901  49.72336277  45.18335707  38.59779745
  21.22839387  19.32722458  29.55111483  81.01113977  40.97711462
  41.46545937  25.95187457  32.07390591  38.29783742  23.93640998
  72.63260429  67.83582469  49.96858207  32.73047224  75.36709773
  96.09711852  34.14519304  85.90865865  57.87619052  25.28002977
  18.74611006  22.19588396  45.30318832  47.81593506  28.90407394
  76.25621213  16.21393035  42.35045142  22.01033465  45.45342824
  23.59988607  32.79306022  68.03712448  30.25666595  27.40393687
  40.146974    41.25226749  39.99776678  82.57083496  30.6896641
  63.12973098  99.69152614  29.28203065  27.94815842  27.20360651
  44.82494032  57.25468669  42.33610673  78.3358684   16.8728568
  77.72060991  27.701095    58.64814105  71.82709056  58.05338634
  29.50909806  95.22679877  33.79428141  34.81296279 169.27105306
  83.23821056  47.24776611  35.01756821  80.48548111  78.9076105
  25.81990763  27.27648253  54.54308229  26.48638126  34.90536311
  49.14379942  22.46652388  43.61583165  62.2391288   25.08890891
  54.66463698  63.24264254  33.43023382  28.52569714  31.80660766
  54.62243332  29.28130348  33.1064851   41.93700885  33.94644608
  26.45791882  33.07938036  60.62856157  48.91233897  38.41206845
  29.00489568  59.51739834  49.58709862  29.78235596  28.12268359
  50.22000336  39.12772701  53.00044524  50.02347104  67.92199876
  36.57550147  26.83076117  86.94502326  41.07007505  66.79499011
  78.34777062  45.12691466  26.70527879  34.00439616  69.93845589
  26.78775453  25.34829936  23.61213835  22.93569182  27.12465309
  86.15264385  44.9749708   45.42898255  37.38482374  23.01774537
  24.31156182  60.2459841   72.74191896  43.83806335  61.05613709
  56.11220582  60.68761342  39.44948429  76.99466981  61.51655504
  95.61928989  53.12769617  39.06169331  64.12405464  33.83292664
  61.10782708  28.70852297  22.08834523  42.17487024  43.05465987
  41.42365423 105.64171904  25.24851669  50.59242612  23.68906636
  41.87757895  31.04392357  46.00367215  47.54787704  28.37852826
  76.08086914  36.28777188  44.75075416  83.03051393  49.28407944
  60.80965849  49.15569222  22.35349415  35.6177426   45.77093227
  59.85607456  29.24675185  35.66646962  26.69672695  51.17823298
  75.47920921  24.21182137  93.94109928  94.94247713  48.01791817
  44.38059196  71.36810825  39.67375458  50.33990343  50.16829667
  27.60883233  31.21842281  31.63482976  48.04116499  61.61962297
  72.81171003  47.4954891   34.30342131  33.60521422  28.00603956
  27.30435885  62.33525086 142.12963207  54.15235237  44.45873559
  43.55977237  48.85089722  73.50527386  40.46707631 134.81647617
  63.75638935  85.55214703  74.05387838  26.28349199  31.76768544
  34.87441542  39.28201314  38.25916906  43.95031575  30.98978073
  66.70083774  30.99637233  37.86871984  50.64009259  30.75444552
  32.92834972  26.65033684  36.84201399  27.41900136  58.47595422
  24.17622376  32.81772787  80.43703245  91.63595394  91.59874924
  63.32886316  44.55240347  33.44315699  59.32263319  37.48181767
  63.70792417  29.82293902  31.33364257  35.85507495  33.46252874
 148.1858238   42.8957276  119.6651959  105.84342161  41.731962
  78.22058795  92.88779726  33.78208559  75.18056664  54.16995357
  24.84013943  70.51228067  48.92381193  56.26421846  86.56367923
  27.66283393  69.91622679  28.64090389  57.15584897  23.67684481
  30.15705342  38.83283363  43.11350813  56.82239562  44.35852387
  84.86472564  55.96481463  23.59450676  65.85275199  42.36905287
  48.02612789  38.7252045   69.31510109  28.68320478  33.05813584
  31.54166189  41.18360261  46.8468237   34.22507887  26.75082636
  27.33254009  78.20211222  57.33395841  22.07833241  65.59931247
  37.22735805  22.42325339  36.62277636 123.85727717  47.91592902
  30.71601403  45.15284179  24.01185707  73.24879082  62.02697416
  26.44167991  33.2778114   39.56656933  64.89954854  19.80611839
  24.39357317  30.65446422  15.85864125  47.48921581  28.86679053
  58.27806476  65.27058039  51.44393315  65.40996201  48.91300756
  36.78489326  33.3753568   47.54189173  47.63929811  41.63374926
  50.63618342  20.53998446  32.9312889   21.36791218  24.68180642
  29.81181913  60.77392027  51.16908561  29.96701185  41.83060482
  24.15097255  56.51142305  56.46641673  39.38612658  23.65483986
  40.72553821  34.2773198   31.30698051  53.92622176  53.49237489
  32.77948075  31.38254213  35.98499772  53.0802118  130.81854166
  43.48424501  41.85875347  39.55895655  24.74085253  35.72315385
  31.38500749  56.17948428  58.8853444   31.65749946  53.24996691
  27.61243895  26.20404945  47.84759943  40.16838273  18.83467389
  55.72492264  34.04131925  48.13403531  39.64107445  60.63398354
  39.36926031  34.91140995  44.47020381  53.55390523  66.85907025
  41.7670312   32.27358966  52.6228463   52.64650715  21.39256477
  43.41360251  30.71636435  63.69169554  35.50521736  24.19304626
  69.80762048  59.98120985  16.69702241  35.02648563  48.82457077
  38.89366334  39.98867846  46.2001552   27.8185403  179.02024875
  88.66727312  37.5889657   46.14690149  20.65934808  38.21625896
  43.94156803  23.40344613  99.305593    51.43333359  34.67017057
  51.85341542  36.74912229  64.41902559  46.2951284   28.60576982
  84.58057724  52.60987056  77.32299192  94.89693026  73.15505514
  63.42959362  64.05106173  41.19730205  51.47199137  28.41542791
  41.7135171   93.0679809   31.92926493  71.33081726  47.10317801
  19.38226605  50.92536461 100.15226997  67.72711702  33.56975373
  36.31778542  34.6726429   45.84963313  34.73747706  14.52901042
  27.20129019  41.16544021  21.02884161  42.74357941  37.572291
  30.31022299  20.18907124  39.20005919  35.91908669  36.33373781
 141.13532972  36.21875257  39.51734868  64.67833972  64.58926044
  65.11895372  68.18521122  33.17630926  35.13761703  32.63187065
  64.55134804  43.49194164  36.61348374  34.48997117  42.13563732
  42.31523928 209.50434074  65.74374088  95.9142385   69.38299771
  32.50814542  34.68409017  97.74721766  63.02372295  63.74776791
  44.73149986  38.89570045  41.95364515  22.74396901  44.13575107
  36.78577759  56.3441169   32.60093472  28.92878571  39.5215961
  39.17618737  54.54696093  23.33141441  23.20426855  85.6724955
  57.25145896  66.32654647  37.03333571  77.60932065  42.63698925
  26.50966273 116.97155576  38.8175434   70.53782197  84.74324079
  44.40817146  55.7962906   31.63924349  38.31846801  26.75072586
  23.9969445   22.29725707  34.9379731   29.12243295  26.30230315
  36.7777655   53.92102302  46.69208359  55.01436367  34.12951662
  58.57269257  36.13260527  28.87148659  24.45627485  34.5875079
  43.11166468  31.53114194  33.75296636  51.17750614  51.57982829
  37.36368627  42.92711804  51.00317187 155.19568702  37.21908509
  33.91125236  81.9279257   59.06008688  31.98255862  80.66744224
  52.04328829  20.44385525  19.55956383  46.8345772   52.42251109
  61.48792335  50.2709423   72.52310482  18.77811799  45.029153
  27.32242462  23.31535475  17.98446754  31.63689394  42.5847413
  43.61466515  64.22305145  23.44414706  18.40437583  37.17181168
  52.25003119  34.89289411  46.32781858  42.48621002  42.44586983
  45.96176861  37.30990116  34.16619209  58.48544696  59.2813775
  33.30258924  85.8805078   42.80387459  66.51083783  77.87182323
  56.78729198  60.44389925  48.55675948  36.51800997  48.61843103
  53.5065383   75.03753142  32.27349905  77.34884477  52.37572235
  71.14733523  21.3298638   37.27992752  19.35720809  84.99167891
  62.59293931  21.36655099  52.73804757  29.99967789  91.09249783
  21.07648838  19.6395995   25.05698672  57.76819525  50.72340724
  19.90004626  38.39198364  46.04459609  30.03218536  72.79506857
  68.88714329  36.21227489  40.72937836  29.69725375  27.97167627
  29.76434411  42.96178295  57.4962883   30.6611089   40.15407511
  54.30429389  25.57864831  48.28852737  45.76022276  65.54662679
  37.5383775   35.57818825  86.15751197  36.38619076  38.55148896
  42.05627753  37.527569    96.68331354  48.55083107]
Test abnormal scores: [ 78.88481575  37.57041646  48.55443964 ... 145.63663244  46.79112368
  86.76567174]
