Logging output to: /scratch/mgirishnair/MotionCLIP_experiment/results/multimodal/classwiseGaussian/classContrasSplit/anomaly_results_office.txt
Loaded embeddings:
Z_train_normal: (2723, 512)
Z_test_normal: (757, 512)
Z_test_abnormal: (52931, 512)
Normal classes in training: [29 30 31 34]
class 29: n=679
class 30: n=680
class 31: n=682
class 34: n=682

AUROC : 0.7450
PR-AUC: 0.9934
Threshold (95.0th percentile of train-normal scores): 25.3961

Confusion Matrix:
[[  166   591]
 [  963 51968]]

Classification Report:
              precision    recall  f1-score   support

      normal       0.15      0.22      0.18       757
    abnormal       0.99      0.98      0.99     52931

    accuracy                           0.97     53688
   macro avg       0.57      0.60      0.58     53688
weighted avg       0.98      0.97      0.97     53688

Train normal scores:  [25.0210518  19.18373508 24.41347357 ... 21.97720048 19.67839171
 24.14844101]
Test normal scores:   [128.0626506   27.89531054  24.52047227  38.66620434  40.79811449
 160.50642298  28.39911988  19.66040521  27.98590402  55.22333536
  14.73153357  44.69447885  53.8692298   70.03328185  63.92234693
  22.60025243  64.93883474  19.20994487  19.26605816 102.22818163
  33.26150243  48.53070446 142.34411158  89.79723276  23.20822606
  67.8590747   30.07747753  33.32077077  15.27194458  27.70329833
  22.10342295  36.11183468  58.3443088   30.88818339  20.20740926
  29.49530724  26.99404292  22.1296722   96.42472156  20.78931913
  21.59136495  24.49866449  22.67550514  20.90727708  39.15018715
  21.3006506   65.00644628  26.04175408  24.05957085  69.00028237
  25.81734677  57.53614322  41.84895765  29.55621963  57.39174361
  23.51135026  29.47334365  32.31035666  43.71850072  29.14175586
  67.99628582  40.30331138 120.54015365  54.58489768  70.86668111
  27.66649611  52.6318438   36.06567964  28.35128115  16.08838361
  56.80768111  31.55612765  18.85963954  22.20088294  34.07148574
  39.86167059  58.79942491  26.18690564  15.95688439  35.35302744
  44.7079709   42.50663494  33.37712613  43.24195772  25.14094435
  67.06556503  38.63059431  42.83232467  35.5015828   31.1324777
  61.97587342  43.91369241  80.96806148  81.54798233  23.59689879
  66.29443977  51.61024282  32.52474715  25.62272282  25.83301037
  26.05104017  20.13481447  28.53841725  22.59162315  34.61174601
  41.05933083  27.17350216  73.93729419  29.3199299   29.33743483
  52.93576526  38.01933032  54.39140968  83.55424646  34.61373306
  30.68199464  16.04834941  24.1629453   28.46969933  49.52338508
  71.05016548  38.66889523  16.7373517   34.621618    52.13000546
 146.70172781  34.32702295  17.22235212  79.79762717  47.06702942
  49.60971348  39.68516215  27.30278699  28.4621671   75.6893562
  50.84310403  46.39261479  22.40369869  36.58927474  18.13372025
  26.46808396  30.49556058  48.54812614  26.59734196  40.86526627
  45.74018106  24.99534295 117.73948198  27.19128922  68.93660483
  20.65803605  20.39551798  53.95366513  16.82922154  55.00760923
  29.04436777  25.86798363  39.41082591  70.0219291   18.30506424
  36.82622569  54.26173298 127.68866046  43.93218871  45.91986613
  40.89653268  42.18717574  36.5372259   51.79512553  48.02012939
  54.0289784   31.51155311  68.43985987  26.1618538   36.44079069
  38.53450214  80.17012505  33.80289841  51.93038176  32.90129283
  32.74024682  28.10550288  43.4323517   15.23932787  30.12373438
  58.6502064   46.36175971 102.10658756 109.660422    37.9769853
  42.67651037  34.6262961   32.88760805  50.67561442  53.98865144
  28.33142463  46.27747784  20.66744616  28.44456893  66.29990137
  21.61479841  49.89816624  30.86312286  23.35036211 157.71276675
  63.44730489  22.72040074  15.59987584  37.08670949  18.19393935
  94.1944536   35.03726452  43.39379794  24.55910222  45.88497194
  48.64038252  36.92049901  23.39778088  57.11343469  26.06644684
  52.4147527   43.51484368  44.45963064  19.50578243  54.37363484
  72.14914228  32.05012875  28.80590501  38.71496499  47.4237908
  36.97273734  29.64929114  22.1990017   32.63394524  39.97836657
  29.65750122  16.90593932  40.53726199  17.2237764   21.31589751
  38.14300017  48.9959471   65.96343441 170.24612479  32.89313469
  31.71204382  32.50293892  38.39791259  17.46647001  66.22717202
  52.50137087  67.09795984  39.52282901  28.24974296  57.50028678
  24.44986808  37.67517299  43.9174896   39.34671845  33.0329709
  68.23017743  36.55958456  33.50655319  25.39291507  17.15926719
  28.58096751  33.1692597   66.22518534  42.2728518   25.16532748
  27.36650662  28.71651899  33.28462192  43.46253547  20.42694902
  61.17938421  55.67688275  47.20518011  17.32451433  17.30436726
  32.48821401  69.12958046  28.08455514  20.09402278  38.68478973
  85.40263736  40.53217374  56.18384153  25.80468548  59.32530601
  99.00650108  93.31506472  47.67773768  78.88479136  14.66557844
  33.34150425  42.6858681   62.55721758  47.58021043  33.38077441
  49.52909463  41.38448075  20.8921975   20.21621365  34.45150834
  40.1163777   17.2443669   41.64252415  38.16492359  47.50597913
  32.54681168  57.61737105  26.27012458  50.33101449  85.20730381
  53.09651924  45.26920404  23.10145611  21.75585188  37.1235851
  19.33194823  26.23226843  25.14175506  44.05109972 132.51552708
  39.06824213  16.12094214  69.30561771  46.23865849  39.55133408
  47.16841347  24.94738904  50.47093856  24.26505537  70.02632948
  24.29920953  54.89319726  24.81703459  60.84346277  46.36446005
  84.03150802  94.15170736  29.40518129  24.43728874  57.32295775
 113.73204461  38.05657302  30.2991983   17.92239475  27.51430522
  81.74336964  28.90472232  25.3769073   46.00413994  20.30549537
  20.32870167  48.76566563  17.0023091   25.36421602  16.64659728
  36.24025614  24.31611258  69.70858266  28.0956513   32.81700278
  31.87018244  26.09078964  34.7713174   55.46099108  83.11893443
  77.40532549  75.73673262  50.7704747   75.67840129  42.93557328
  33.16157924  33.20112024  33.02546111  29.86414239  23.37100216
  21.48860581 130.93538969  74.9991872   73.20237159  35.13230838
  32.76559409  20.07427011  97.75419937  20.23862249 148.37911933
  65.32623524  40.139586    91.44422768  27.69030775  68.15995511
  97.31292396  60.72277987  43.9642383   31.96121372  92.97497501
  26.04090401  21.89773802  32.18528056  26.75882183  37.06776761
  54.5446095   70.2659896   43.99687952  53.43572092  22.44405834
  32.89818007  28.51165792  16.16748734  14.05904971  24.05896263
  47.46841636  20.95091879  39.05940428  27.13668669  58.95427904
  75.25341081  32.45096652  53.1252311   35.16936696  46.24561665
  69.55182624  28.61209267  51.04705263  40.57424011  45.70169175
  40.07391928  32.6913518  140.62691596  20.68087199 138.35315297
  30.35864651  36.29595892  39.95000037  30.6932254   29.41628574
  28.79460719  20.38567842  19.42416291  43.05578484  33.38692209
  21.94731071  40.44896774 108.26376853  22.94909921  37.87161407
  62.44674881  13.35514118  40.12667505  20.26001894  30.54619392
  42.63886527  35.57615319  28.08795458  37.17985878  23.3592753
  58.4024046  131.67792183  32.822909    69.54062387  21.47719132
  27.28016653  28.28001017  21.5619572   15.58869131  29.88297561
  25.78835642 126.55972984  32.0249563   45.59488772  50.62224795
  20.95731262  26.4817095   29.14780113  60.58496041  38.46040256
  13.69239783  45.41557455  41.78883934  46.66181629  43.18324276
  37.56544574  28.23328845  34.74983755 161.25020551  14.78431242
  50.71862133  24.69716315  18.04410813  27.68598438  28.43839368
  25.96057621  27.01619418  37.16409098  48.34999275  20.43412082
  34.18008863  54.63116902  23.48805642  64.45071711  31.3117925
  99.47037978  48.45667522  31.24667268  47.11524914  30.98712229
  58.17695722 122.17545919 121.42065368  66.87865208  25.0341446
  41.93502086  48.61610019  48.61789379  55.20926512  23.62671135
  65.67989193  62.91613675  38.73469302  18.75774149  12.79974014
  31.02757371  35.87250099  47.42874082  74.18590254  22.99483272
  32.65416567  52.74004293  21.9925739   66.0500597   66.73515364
  20.93121377  44.53076752  45.49187722  32.70664479  20.27776855
  27.04387632  26.89142569  60.18529596  68.3911058   27.57176212
  35.26536976  54.38771583  77.64691122  26.06710819  39.11645764
  41.7081224   21.54912855  20.09431458  56.25183863  32.85721246
  39.45757808  47.69355098  65.22447371  24.42183015  23.87353914
  62.95349515  30.36250989  29.66459865  49.90365788  24.71071012
  25.46871185  61.11212902  40.82939631  34.49201957  57.71029931
  51.72687537  23.99311087  41.44768252  28.884351    31.09243027
  65.65593085  42.96280265  74.95103183  45.83712854  31.20100079
  39.05453247  49.09199591  22.69081424  52.58810853  73.94540734
  63.2654011   29.08784201  29.92636686  53.25927625  89.38483878
  69.2607777   59.56514783  51.06785808  25.80299649  27.87420872
  37.68466799  78.90358677  77.89490997  33.15041908  18.4980147
  31.36154562  41.02646868  47.38515718  77.895425    60.67256805
  53.74467959  15.83545746  50.42139636  20.3751904  107.86053329
  71.66373198  11.56013943  34.08224233  20.15399656  21.9460916
  20.06508223  22.13657963  65.11124687  33.45942439  30.58997686
  41.13889724  30.16620094  20.75898096  60.4192601   36.12927453
  31.48202757  21.42872144  19.07572083  63.25595997  34.71473101
  40.61878518  59.63312252  29.63373196  29.82682265  24.38022048
  50.37545439  26.0480768   27.61802346  37.04588289  17.73037256
  57.34061992  48.57991845  32.14901484  55.41280339  52.23741027
  31.37475577  25.02107519  42.75059117  27.85614249 123.74700242
  38.30800084  42.94158964 160.30203695  34.3714797   46.01585932
  17.2375105   26.4989654   69.10381789  69.00828509  27.65733785
  23.78301955  16.2266436   25.71778607  21.69326807  83.31400584
  28.98034351  22.94628137  54.89691691  59.07946583  58.03674139
  80.8467665   38.50050336  67.87962176  38.14309968  25.16350887
  53.90573102  50.97963602  81.1815175   57.04496552  29.61585928
  26.06923467  41.60654053  26.89991445  38.56870656  70.16591218
  36.23579392  49.79896471  93.21769748  82.69448966  24.27418241
  31.36065975  36.7617528   32.48269348  20.00643604  85.78740296
  42.5648932   32.86814021  46.54421212  18.61261088 133.75104511
  17.80151935  15.96330622  18.82223056  36.07806216  25.80682954
  61.58001782  25.14936103 114.80039641  29.7232557   22.57773415
  47.83567256  29.70053855  21.64018002  26.51963905  14.34183911
  29.82142104  26.24445505  81.26908392  81.05485107  25.88994154
  25.52746917  49.13116416  16.26721799  67.24728794  48.20979679
  45.54325865  25.23123575  18.55520162  16.01444628  69.64975717
  40.39225337  35.93033753  34.8573048   40.06672662  27.07345336
  28.90321233  77.7239616  124.39213955  34.35277687  21.57524696
  33.53213921  80.45079402  56.11581937  49.4684675   14.6315305
  40.019269    29.63483881  25.12837394  33.75035341  47.48063096
  20.52611116 101.97012481  95.20671197  64.7997928   20.79143156
  22.37136533  48.17228812]
Test abnormal scores: [ 73.17300318  29.68903581  57.09293093 ... 102.4313628   58.53116948
  52.40778645]
