Logging output to: /scratch/mgirishnair/MotionCLIP_experiment/results/multimodal/classwiseGaussian/classContrasSplit/anomaly_results_random9.txt
Loaded embeddings:
Z_train_normal: (2724, 512)
Z_test_normal: (756, 512)
Z_test_abnormal: (52932, 512)
Normal classes in training: [19 35 44 51]
class 19: n=679
class 35: n=682
class 44: n=682
class 51: n=681

AUROC : 0.6538
PR-AUC: 0.9910
Threshold (95.0th percentile of train-normal scores): 25.0888

Confusion Matrix:
[[   82   674]
 [ 2093 50839]]

Classification Report:
              precision    recall  f1-score   support

      normal       0.04      0.11      0.06       756
    abnormal       0.99      0.96      0.97     52932

    accuracy                           0.95     53688
   macro avg       0.51      0.53      0.51     53688
weighted avg       0.97      0.95      0.96     53688

Train normal scores:  [19.01276898 24.1449235  21.90019069 ... 21.78659212 25.06943459
 24.48609383]
Test normal scores:   [ 19.42029208  52.83528213  39.23810098  58.87248869  63.71287582
  71.11301256  37.03908829  38.83789441  36.91103418  24.34838999
  58.94923917  32.8720801   70.24832556  45.32170124  36.4829176
  34.74602954  29.36092291 155.92389258  42.29955374  53.25506554
  31.47259005  34.98711404  56.22098775  31.14168537  76.32358819
  38.4877463   55.35557938  22.66126889  39.81842711  47.16749868
  48.97485999  49.95694354  64.01705672  55.58503056  28.84117126
  82.07609328  52.71800955  20.59383486  37.95150903  50.88220142
  47.54134748  33.69432995  31.04119567  21.12055161  20.34875009
  56.81849232  42.32270172  64.68116874  40.40750988  38.36190079
  51.91054355 140.12055743  25.68588216  47.90613351  37.88163328
  45.09388857 130.0715787   52.12364376  63.46448946  47.21077008
  35.98425493  43.41585965  51.86479684  48.09429617  81.82206723
  27.73307876  25.15349712  38.73130879  44.54810649  31.95026499
  31.33719112  53.71273666  39.00991382  66.43736998  42.47916403
  27.40113467  82.67552222  28.83384007  58.08604544  47.23754708
  25.03608871  68.44256059  24.81906353  65.38164049  19.77671041
  56.14656659  43.16320197  29.55079343  42.59403801  29.99972618
  39.8142968   36.25600731  38.29950861  52.27905281  33.75808987
  50.16693402  34.76830636  39.02480684  47.09056563  49.04331727
  59.35619642 117.29962556  17.08175044  31.58202047  31.32206637
  34.47512877  18.56840452  66.86322618  43.49106038  40.15394654
  51.99826747  44.87828765  53.24305222  52.1183487   51.0307637
  97.29022264  29.08434145  63.95766281  63.72837524  34.95617888
  63.64599923  42.31570043  61.23175126  31.08009668  62.5371221
  76.93622825  34.23300508  53.60352965  36.10740454  34.53631833
  61.37309747  66.88445832  56.38259712 120.25976377  55.00298686
  39.8839627   39.83380824  78.42487695  18.39418429  29.42763502
  37.52504058  29.45561828  23.63488277  45.80273969  45.0149079
  59.83899333  21.366972    36.49228248  59.54227105  53.21670534
  41.26266055 126.37437377  62.0932298   41.80538376  42.46537373
  38.70881494  91.25922825  40.86544197  43.49961266  31.32676641
  62.59382091  60.52424153  90.9922674   34.97271974  41.86953742
  39.31009726  45.77229477  51.26095808  60.45702789  58.1803018
  29.43386966  32.07985105  37.40225749  33.68019658  19.88282747
  42.36169937  39.36975166  66.46048981  45.60794998  51.19214223
  43.83573019  29.81991235  33.24954313  28.88769575  25.34950307
  24.75434539  38.15656779  23.67049883  40.667574    43.39722152
  45.56318991  38.13415702  35.08566654  52.8423137   13.64201689
  36.41259514  56.14874959  72.86359634  28.94892305  29.18323841
  19.29890844  24.81651664  36.67053931  36.95678391  19.46136455
  37.03984657  66.11554519  33.72812496  63.89612087  45.58201607
  99.45455587  44.42094372  40.58187133  69.2521406   43.07900969
  37.66623878  68.25538219  74.74599532  31.686914    64.83060291
  18.30264876  30.81100278  43.48862717  82.38232126  61.05961619
  75.18247653  37.09424718  53.08937398  34.6594159   39.83480089
  31.74199148  13.94100997  46.40612943  19.88642573 100.79025449
  51.18937976  74.36039075  72.56769925  88.58209006  21.94564586
  29.30787767  50.74887258  88.5956605   47.3033494  106.50427864
  26.98699039  25.84157586  33.57916363  33.97374558  55.4039596
  35.45389717  22.49398161  31.34460819  29.54602066  52.78292511
  41.05599627  46.19897805  35.78042341  61.55141448  31.56101507
  90.47930958  36.27405961  56.85323628  38.15378197  89.03517726
 141.14517258  40.65403527  30.63859545  51.57421054  34.47873902
  32.41495622  44.07733084  43.71294321  37.63523768  77.94620426
  45.00717069  24.17666255  44.42001403  47.50060247  53.12319881
  96.30226783  62.4377887   21.89104262  64.82408013  46.27464258
  93.65453523  31.45334153  49.24907064  34.13810012  26.39293257
  50.38457397  59.38817841  43.69700251  29.50881787  25.51400448
  32.50807878  87.60606928  57.34945213  13.37924729  45.00924311
  26.68187864  30.12515342  38.05811626  25.31973085  27.7124797
  68.71929219  71.28300047  48.12315933  69.55132918  38.02556192
  25.6820386   22.64788691  45.348883    71.00600223  26.50343915
  54.78748988  49.13120959  24.95374756  24.10144488  52.09640623
  80.67341538  27.61243453  27.02113331  60.20370911  24.49748134
  49.74879303  40.51341347  15.7234257   51.06826857  52.08019508
  27.21888711  35.49187142  44.93352797  50.81122588  62.98869056
  43.69693224  35.71563093  24.06735614  37.7647973   55.96530695
  53.32342616  36.87954533  55.74118933  28.72047666  30.2269192
  41.96613238  51.26415745  78.16139196  39.43469921 104.20253966
  52.33910073  35.1054642   30.72884275  31.81250741  27.00728694
  46.2610279   42.44163222  44.22238817  39.29292082  32.70909359
  25.37060682  37.94612847  53.98975323  49.46117372  28.37417131
  38.73527829  19.46679753  49.21065407  24.12090866  55.875885
  36.31702746  40.71484813  21.59416932  53.6902267   55.79870547
  43.66787437  58.7933081   37.78103001  42.00244402  62.7533777
  42.47854687  78.58732119  43.5793361   30.69878507  27.02683107
  35.52573705  16.23351451  69.39789372  45.28021727  32.33356983
  28.48728615  22.92224614  44.55790461  51.67924515  86.04196238
  52.28531999  76.62142959 161.62708781  89.29535954  29.81064626
  27.7368619   43.432572    31.24285602  36.54125481  31.28524853
  38.22486577  45.65955416  21.89441297  38.31629693  76.52671401
 139.02402733  30.83734191  47.97452312  44.53801097  25.4145654
  30.53333055  44.91195039  56.30408943  17.51784119  34.97753759
  61.29496119  93.49393822  35.39810451  60.57386671  34.61312885
  23.26819614  63.11398113  32.63309676 137.72048204  27.44577762
  31.69256963  36.61814519  20.77476742  42.95260526  56.23853469
  25.47077414  64.92222638  32.74979702  64.74620697  39.67116613
  27.62457257  55.032495    49.01058759  70.78651728  23.89087658
  17.63693393  31.26958383  66.04241811  53.99502738  71.53599165
  58.25527932  33.93743744  37.21939797  44.60135855  56.30667656
  41.39798725  57.36636476  28.45025435  48.89850499  51.30034932
 159.42978796  52.10083771  60.21557596  40.00551859  57.77607902
  32.05252057  14.22066111  64.20593265  48.33912568  61.5816369
  38.28704824  32.37515065  46.36061817 104.86024665  53.88809525
  63.99542842  24.54099118  38.36293594  31.75705567  28.47598375
  42.84168362  45.59812775  63.85270949  21.71034213  39.87039798
 101.15328594  53.8227518   52.7099167   49.5705581   33.88681121
  69.61647817  40.16923875  37.40886983  99.46832864  60.86282213
  43.44962936  44.88024379  75.32635897  40.3926106   24.98869075
 131.22541776  21.86744081  38.89973446  47.7352737   38.77655165
  65.91568918  42.73836842  21.80170109  44.98711846  19.64543427
  33.54177035  30.76881591  24.13072389  42.40815148  29.83597542
  34.85987466  55.46009117  41.90762738 174.79248288  27.84744248
  37.38944904  30.62899192  45.30148638  26.961203    53.45642269
  22.02549202  53.90950661  22.13172845  58.66471212  34.8876928
  43.00160533  48.84997723  45.00665619  79.74941928  34.05833417
  52.63086214  31.65313694  45.32974628  26.09146419  59.97428948
  30.29982769  25.67572831  23.52181806  64.10171121  45.4302193
  28.83629011  55.38044     54.03985036  22.38800631  58.80147043
  35.84859061  41.02867586  45.02370886  39.02952356  44.67297283
  47.84394961  35.25988782  26.95330328  30.11570708  43.47336454
  24.4123813   34.63193737  34.92084881  56.4101657   59.83284039
  62.22610724  50.87169337  27.27196823 106.83910769  31.44175291
  47.35972321  56.43185021  47.35461759  40.76031844  48.0017133
  48.49785224  25.67159855  21.88268781  55.39578071  33.12298379
  28.79446544  30.58663599  59.02956003  51.94237598  42.54671846
  37.69961152  47.58040518  43.68999461  60.67870587  52.82156627
  33.31060161  73.45801218  51.32062498  60.50936895  31.40913414
  68.78615364  24.42287649  33.41194031  63.84836484 100.7362999
  41.09175635 131.3547306   26.19782953  47.42763543  34.17380291
  27.99645084  46.0700948   40.82305792  32.37766636  58.57753554
  50.71169696  26.51620132  65.56634364  22.6272649   29.62980705
  27.57558646  45.11942677  74.59385412  41.5542769   31.75861037
  80.50280213  20.59216646  42.65638342  41.05706099  82.37969917
  34.68979975  27.96360193  40.60709088  64.85489788  46.26316281
  39.70781812  23.6206801   31.62152526  28.89251003  27.81474593
  46.05639438  23.8914493   31.98295436  49.79082552  29.08937112
  26.17381659  26.10013527  21.57678675  40.61427122  24.39729179
  55.94514062  18.32899811  16.82134068  48.04735042  39.73343655
  62.26254268  33.23213829  38.48651876  32.40899608  18.07286948
  58.33001862  29.07362906  33.91192022  28.45614466  24.04637346
  46.65080384  41.08476744  28.2672459   21.96578683  53.87887493
  59.76299585  34.1228784   56.43411319  98.43592211  23.94165542
  88.69065302  53.89937592  46.05225738  42.07291656  38.53231839
  53.38474441  21.97616116  75.8359206   37.92866123  81.98484369
  31.44217053  30.25305295  25.63090616  33.0216934   90.17546913
  48.10836004  30.38468345  21.5147141   45.36121917  25.20173428
  68.26068228  42.94747632  45.30981672  50.53696734  27.26928017
  42.19613892  21.36693712  35.80659766  75.81876301  27.26856905
  39.23187108  36.71363449  42.34569689  38.29823524  24.748047
  31.52543025  40.34781207  59.83788628  44.1738891   55.34009745
  53.13900463  66.51388352  45.82298127  35.46281756  53.3814106
  51.66675282  45.13659087  38.54200992  23.31399327  82.75422677
  72.9128582   61.39222281  67.56456646  30.54017059  22.16707271
  29.10142564  23.23224832  48.17782511  68.01168166  31.2035031
  44.44099686  58.8881407   28.27382316  36.27647344  40.2359723
 102.86873333  49.81671001  36.5769099   76.08708485  26.2987478
  51.05752874  48.99832066  35.62319381  42.84093231  25.30167295
  21.66459957  60.62320462  44.18536929  41.4934961   38.54662627
  41.01965436  21.85575868  28.02084189  32.17496781  72.85026196
  38.99059657]
Test abnormal scores: [55.28109325 23.80738126 40.1769081  ... 97.91647237 68.12896188
 31.76885657]
