Logging output to: /scratch/mgirishnair/MotionCLIP_experiment/results/multimodal/classwiseGaussian/classContrasSplit/anomaly_results_random5.txt
Loaded embeddings:
Z_train_normal: (2726, 512)
Z_test_normal: (759, 512)
Z_test_abnormal: (52926, 512)
Normal classes in training: [30 34 35 53]
class 30: n=680
class 34: n=682
class 35: n=682
class 53: n=682

AUROC : 0.6840
PR-AUC: 0.9914
Threshold (95.0th percentile of train-normal scores): 25.3689

Confusion Matrix:
[[  119   640]
 [ 1516 51410]]

Classification Report:
              precision    recall  f1-score   support

      normal       0.07      0.16      0.10       759
    abnormal       0.99      0.97      0.98     52926

    accuracy                           0.96     53685
   macro avg       0.53      0.56      0.54     53685
weighted avg       0.97      0.96      0.97     53685

Train normal scores:  [17.03112686 24.84331295 21.85990618 ... 16.93481471 23.95297342
 25.68246587]
Test normal scores:   [ 34.80378636 165.58946851  74.40488042  32.06975116  26.70725732
  52.47700463  50.74398382  37.49719408  47.403217   168.3583482
  37.63434815  40.58198648  44.96751619  62.75249163 135.63499553
  30.62336824  43.98530036  28.36883295  57.74574005  60.11202975
  66.69694804  29.72837458  70.72437569  35.03538648  62.00621952
  65.21804547  27.69475213  46.40226918  31.99388452  41.61964006
  42.07605639  30.62818709  20.72041778  50.09224546  68.81001619
  54.86298169  27.39874769  30.87175421  22.03535999  71.99626057
  70.9295462   37.2410755   35.40091477  28.9196775  111.69885256
  60.03608744  31.61601433  61.46473374  50.26354475  56.43332128
  15.30481707  63.3961354   60.67663585  45.00127032  30.48518636
  29.06195672  25.3579745  209.05607827  18.33291208  39.81615758
  52.09039951 101.90590119  25.46913124  15.89227988  26.53670427
  33.23689001  45.49426016  25.59646882  20.99873915  60.06647931
  47.87317024  42.89962987  55.86453092  24.23128514  13.72187278
  51.05083218  26.51950324  23.50250752  49.22729181  54.94654182
  82.00677209  68.14600671  28.66322444  53.47237033  60.71310122
  47.95578713  65.89554528  55.8878838   23.04222882  24.0065517
  45.95692707  77.84812766  90.3453188   97.03399385  33.0977687
  42.71315568  18.50760518  76.21372493  76.83326924  41.23463839
  22.13995649  30.49710906  54.14013556  23.22007967  58.52210418
  45.03040443  35.73460835  46.65971167  24.09719097  70.66015146
  20.85670014  31.20351227  72.1498619   32.18975013  76.75670498
  51.21901515  16.85597728  58.49740606  67.73451079  66.91160982
  33.14082373  87.46672131  67.29959339  37.5943647   52.70186051
  31.40747254  66.05894475  43.26855626  61.97230814  34.30297315
  31.70831989  28.59739503  41.99065197  43.19364111  59.62468564
  24.11787773  38.39259021  29.35200769  22.45839669  80.65002351
  34.32890144  21.19943337  72.04426761  66.91625359  79.60087608
  27.57612129  32.33246467  51.44230579  27.05304575  57.0181008
  68.96458094  33.83777247  46.49593559  50.09359499  78.18663106
  26.74046129  16.85796066  24.1805917   54.56312652  27.97789219
  46.60214415  28.29632539  40.34106636  45.06556823  47.50910311
  92.66320141  29.07545028  38.04328546  17.10893315  33.36049382
  55.78517509  21.13519062  47.46841228  80.86973433  71.54458725
  37.98335377  52.12990205  61.84681218  54.87185659  27.46561522
  33.02175302  33.95545136  47.84571741  40.58639149  43.74200877
  13.92487696  25.36668502  32.90653598  31.73639497  24.8508076
  54.59518204  36.25476564  47.29459288  73.0105915   87.20993515
  58.71098623  38.69291069  67.8129281   52.47018579  43.81983844
  26.97329301  30.94295312  44.34367337  22.00050875  45.19682094
  23.17087681  42.57458846 171.45478424  18.99653861  33.32375445
  30.46372319  36.23809296  86.51645509  39.68203371  26.56854803
  46.87213425  31.3190324   20.99471644  49.76543615  25.19381247
  66.29711312  64.26930779  76.52094856  46.33774826  25.39314148
  34.97134057  43.36540079  36.64826724  39.49848135  36.48832435
  56.64112986  73.13420215  28.19592819  48.70890119  30.86107414
  61.76543686  54.16369132  52.33320828  28.99154533  41.44561862
  26.45295934  13.3776731   45.51624845  25.96255416  49.51896258
  62.95599962  20.73752395  49.6319593   37.57274282  67.78608617
  26.82873371  62.13572432 113.04592116  33.22234008  19.38193339
  22.27470261  16.59885997  64.99492274  57.69728463  47.06089567
  83.78545887  29.50367863  23.06006318  85.11649145  57.71819597
  45.09001712  46.34647531  48.79604925  65.50093567  39.37794164
  48.75356287  45.27373234 154.17774647  31.39787609  43.78048019
  33.57677777  22.53302361  15.90238099  34.60592147  28.17826684
  30.41401086  57.09261166  35.2905596   57.70443766  53.43730769
  30.8123413   30.98654013  33.16960646  31.38794935  36.8033655
  75.25206816  23.6723865   56.63770109  40.78557613  46.95608289
  51.16354307  51.87259176  23.55511692  54.01146368  57.54514754
  38.78865578  22.64997205  23.01996862  53.60686097  49.47758413
  39.95984444  15.67065726  22.92519064  26.43315879  31.88797167
  35.01048721  60.35538314  41.93454046  46.7966307   23.38874508
  47.07161441  44.68632674  60.36681876  41.26413764  24.82746976
  48.7883913   29.50941893  13.60482498  26.84760857  50.42535312
 107.21048886  53.54794301  57.07449166  53.41528524  99.01174382
 119.62556243  16.4619787   25.5791596   30.65347136  49.63492916
  54.24096165  19.66308161  21.61629373  87.10469154  18.26889318
  48.52338366  96.29230527  36.52258516  66.14410744  19.82692299
  77.65544011  39.59954897  23.37321666  52.3222882   56.60429713
  34.56777564  31.72311115  74.82832654  27.1998993   49.8042127
  51.52740037  16.74838468  34.06092728  39.64379411  41.17284759
  25.99992189  39.37443561  46.31031373  26.93528135  44.89943475
  30.1947649   45.22843704  30.17222576  45.79610268  51.18158155
  47.00739184  38.18017982  63.48316454  42.01739431  26.99414008
  25.6281208   61.94422494  26.32914218  49.37044371  30.71123662
  43.44647662  31.35068036  36.96241093  66.66102201  43.95330626
  56.06363706  44.05811122  51.17341034  23.16551342  23.11910603
  51.62088945  25.27290072  59.86660377  34.14460614  27.37623838
  32.00044501  34.8463868   43.76446818  42.87680948  40.34673324
  41.1992487   31.17917309  35.00891842  44.14597324  73.01851273
  39.19657464  21.58668033  28.78791129  53.3127157   30.75499032
  23.72520179  19.71548074 121.97954782  32.37677164  30.07716216
  39.32685607  51.50944841  36.09436371  40.11591631  66.91578842
  11.01272866  29.98729229  52.08218072  36.25620666  41.02916858
  39.53927195  29.46507323  35.45153354  72.94342177  50.00395385
  24.70952015  50.26803616  46.71303588  64.24224205 156.75643664
  32.28694741  47.43317547  44.09007988  36.50821615  35.1145672
  78.64861662  24.72691398  50.60220666  61.68462463  46.3209892
  28.62933716  45.17524089  52.0528954   28.0092077   30.87193975
  12.45174957  60.33704009 167.38547131  58.80932773  14.03532075
  39.93388347 146.79240621  27.35820801  30.27352122  43.08836894
  29.19722192  63.64318498  25.2354455   57.04581427  48.92516868
  42.6221767   22.05677014  90.48216841  28.30709769  29.00053349
  24.92688761  29.12706578  35.11988228  59.56682186 150.80279752
  67.39482295  82.89084228  42.31820131  29.67082417 158.64759729
  58.56806681  41.54841944  57.19803375  58.7186041   72.43023621
  30.31786518  53.52460021  25.66542475  50.98336145  24.66530049
  30.79584164  55.15163637  44.76879542  44.65160417  17.98419512
  36.66738684  16.69614421  56.25719988  36.97985202  29.70667962
  29.11218477  27.74431892  35.86365895  39.72131903  84.81675932
  29.43950156  22.73553903 108.6080961  169.92039506  28.4719989
  26.98143222  30.12077071  30.77510676  51.4529119   29.63713424
  60.75599806  35.63802221  39.28730898  23.00418519  56.97113911
  22.83052893  40.46011856  38.92275282  54.54374179  47.75666357
  37.03753552  15.40187811  62.50070846  53.86255483  39.47954164
  33.17359307  37.32917008  23.22739871  48.2711912   27.47299922
  43.54635677  41.52979016  53.03197805  16.78214863  17.25230839
  23.52188472 105.0996657   59.59259588  46.26639175  10.92996808
  73.13539816  16.58211227  28.94787976  42.06686925  36.23118049
  18.25031381  40.56790384  84.9522461   16.52442651  18.428286
  41.97932757  29.49128449  29.35083616  41.27369164  57.1984749
  22.85699695  41.93133974  28.9150399   57.01162391  40.60316022
  45.78367942  23.84473699 187.56693919  43.83670796  29.46979079
  12.17113024  49.67030159  41.50484625  53.09865283  58.79732531
  47.47990006  33.42703784  43.57374077  25.87784937  40.13073041
  31.65497198  39.48905736  38.05554749  29.18569426  46.16410824
  75.9820037   34.9856168   25.26565194  22.83184125  36.71230132
  33.27909229  21.10482463  28.95138004  51.30083515  38.51857005
  39.89185469  26.90719107  18.82164558  52.52868438 108.25636765
  52.35985581  30.4751727   53.36450081  44.93964772  40.27346885
  77.69476649  41.8260183   47.06460145  21.37009428  34.7552419
  27.43206237  32.85338852  52.48869939  51.18578986  45.38064269
  24.97572444  24.0309362  102.20032533  34.49711591  14.81885406
  20.99108298  24.04176657  27.11558964  57.74935055  36.51741795
  16.30918016  56.69550716  22.08351219  59.54962819  27.61801603
  33.84114159  70.94095382  24.24112201  26.45504011  43.57013697
  43.9232848   55.86345237  32.7959307   48.78271703  56.7490907
  26.80619898 102.63854707  41.57948069  39.46478005  34.71585353
  81.74395611  23.64280782  43.93951821  44.50968671  43.57017792
  65.59776352  43.4528482   75.66939838  33.93781616  26.28996719
  39.46111626  48.80288783  24.04829334  36.00568344  78.19077001
  60.35067603  48.53891834  24.26158205  43.63864118  26.33312943
  55.23080712  16.78843965  69.80029038  95.17884451  25.71959822
  37.49898976  29.97232438  39.27901577  20.56015679  31.88438867
  29.96692346  52.93262542  44.91779199  31.00449931  71.82295002
  22.14638014  15.81363195  18.22864417  37.40431906  47.89940067
  16.7089719   37.5756507   80.84878368  20.63496043  19.15164614
  51.52899016 109.47526485  33.8626351   30.48144954  68.90632945
  27.6186216   52.02507086  43.07677935  36.98508798  37.35901852
  53.21263974  76.64965609  48.48081497 188.03310628  45.69503395
  39.42256749  58.11235863  62.27226623  48.20309415  50.58061398
  31.50271829  39.50203189  48.12078883  20.62812043  33.17771599
  39.97772251  65.78723567  32.04075835  56.2922318   25.77257287
  45.24005841  52.55220618  58.92092717  45.38767741  30.70997771
  27.92971959  51.03341463  27.45656416  19.26951706  56.32370234
  31.1770581   38.96597166  41.33744093  20.65071206  31.10490738
  41.63299178  27.70028082  27.81823538  29.92261741 114.44860589
  63.37466049  63.212126    35.30611267  43.67382047  15.44421887
  53.19609373  31.59135109  47.85995263  32.37462807  32.45122354
  18.66988838  92.20250783  42.89616608  48.00468771  74.88236039
  31.57239848  33.72159707  36.71483603  40.87497031]
Test abnormal scores: [81.6091918  13.47702334 60.70619125 ... 98.79764339 58.61786761
 35.29177624]
