Logging output to: /scratch/mgirishnair/MotionCLIP_experiment/results/multimodal/classwiseGaussian/contrastive/anomaly_results_multimodalClasswiseGaussian_dropping.txt
Loaded embeddings:
Z_train_normal: (3015, 512)
Z_test_normal: (756, 512)
Z_test_abnormal: (52944, 512)
Normal classes in training: [ 6  7  9 10]
class 6: n=755
class 7: n=757
class 9: n=750
class 10: n=753

AUROC : 0.7864
PR-AUC: 0.9951
Threshold (95.0th percentile of train-normal scores): 26.2786

Confusion Matrix:
[[  165   591]
 [  900 52044]]

Classification Report:
              precision    recall  f1-score   support

      normal       0.15      0.22      0.18       756
    abnormal       0.99      0.98      0.99     52944

    accuracy                           0.97     53700
   macro avg       0.57      0.60      0.58     53700
weighted avg       0.98      0.97      0.97     53700

Train normal scores:  [24.08430415 22.32097572 23.32453836 ... 23.95999886 18.92947054
 24.21687332]
Test normal scores:   [ 83.22443646  46.31375326  24.79228312  17.04401744  29.08188783
  41.27284048  22.03071776  20.93576574  33.41287464  25.175604
  55.45812496  64.97293432  29.32931335  23.56186531  74.0172326
  23.15733421  78.00938228  30.98087355  63.236841    76.06996261
  43.25507708  81.23309232  48.4090979   26.93061605  49.69653116
  64.01699225  19.40578596  39.51505183  46.60904958  75.68610958
  35.0422851   26.46928449  56.73526793  79.1351703   27.12407288
  62.56853018  30.27689013  37.9345925   41.93654794  26.14793554
  58.95163747  19.89266147  47.15477557  36.61588807  24.60691846
  48.20424386  64.36185414  34.89245236  59.10589084  94.78599695
  27.46542443  24.1985941   31.84203541  23.69587369  30.72755042
 109.52540027  44.34822057  64.69683767  24.14692365  26.8773643
  21.76555646  31.30066252  56.2410086   23.22814084 118.80484628
  29.7673102   28.15980195  53.71745934  35.3151217   18.83973683
  32.13450268  28.3135618   18.2768789   29.96304863  29.32346588
  45.94705471  69.08699379  19.56017018  91.56522349  41.43713728
  56.11625518  30.23806868  22.32380135  30.79395046  83.50562196
  55.28649412  28.79988846  74.30298497  36.53666137  34.2320334
  65.36857077  42.67882827  22.64111058  46.03789277  47.51458736
  50.91288928  31.80714696  40.92277187  49.25194789  23.9967076
  45.35261071  57.27747812  54.56490543  22.49966978  37.23952
  48.49091506  62.54895336  24.96456178  46.530251    21.95563411
  48.48910905  54.06155888  41.51575625  19.32641676  19.52200766
  18.11268975  51.45859218  26.64671538  76.76387325  15.23462962
  43.48090377  22.54460825  42.56459178  42.48134858  27.98892155
  48.18077177  31.04113362  43.65550147 100.34737932  46.99327125
  50.80432567  75.93934406  58.69211658  19.78397025  88.65703018
  59.08465777  37.9721838   23.03804259  24.66627187  27.11234213
  64.54584156  81.92821022  20.14251539  25.02921175  51.63043998
  33.00427255  27.60625156  40.26633636  38.44069002  45.05734579
  22.51032061  59.37752381  44.3315371   33.74879844  52.20014854
  53.86358743  34.02982612  69.05531539  45.42984839  37.07068558
  48.04103555  19.59384309  54.82984951  39.62785819  32.56750597
  55.16325399  38.32563866  42.40798383  26.49929375  47.69970837
  55.51512295  32.57972973  70.06110551  59.86037176  27.4067784
  44.42614841  29.63246882  40.80674242  58.65210827  20.98913829
  49.87987718  27.98045853  63.15571075  19.42612068  36.20948574
  36.04714291  35.24212571  25.91920472  26.82779971  64.86577345
  22.31780188  75.81136047  31.00244538  21.63950674  52.63927913
  23.50558261  52.43019653  46.66294477  76.83713804  26.42217317
  77.94026792  23.20828064 101.33767536  37.80857599  32.81291518
  86.76085154  21.97851556  97.28922717  22.6720698   63.6089594
  76.0130672   48.30959333  46.86817848  51.78111771  27.92145607
  31.84709318  76.38886664  42.89993368  36.30033454  20.25947542
  78.86460758  47.94223447  48.46856493  36.80832444  47.04982256
  28.08474629  34.18473092  42.6775913   20.03955628  53.81162493
  26.78042923  66.78193332  33.62324555  52.2300831   26.24462322
  50.58109147  19.32469317  67.2273154   35.65744222  67.39534948
  29.35462974  22.0916439   23.70789368  26.1140792   54.17675611
  43.86452131  22.03767074  19.54947995  60.44288923  50.34995417
  20.8017695   24.47455277  43.40647327  26.19719373  66.57725505
  22.19700179  23.58691961  29.34898396  83.4715779   23.33882404
  58.69595933  22.68467268  41.32995876  14.90785727  29.70619311
  42.93476702  31.53605772  20.25524647  79.24331921  60.6164808
  54.89378101  76.07851385  25.68260254  31.50732948  34.77799331
  23.96858653  29.2977013   50.55743409  20.51804944  44.3381065
  75.68797183  47.81340165  34.39107222  29.09900796  49.53871301
  32.90837009  59.7205042   50.65691976  38.67097906  61.43127362
  76.68119598  42.03649527  44.38466087  63.63661468  45.18458654
  44.60765617  32.29902097  39.09767247  88.49493334  55.69524709
  19.6741094   41.11490127  30.27968406  29.10326107  40.13464845
  79.64493604  85.55412985  24.70984916  39.72253951  30.5292071
  68.20274438  46.02001878  28.65673522  39.43220211  40.83155924
  47.29893392  83.68040383  18.22277035  21.46411505  15.61007812
  41.63828778  30.38369465  24.98513928  61.67820088  75.42124093
  34.77759081  42.46160108  41.1256971   33.75881647  32.43351494
  52.48932237  29.19147498  36.5755674   26.09419529  33.09190701
  50.82163899  22.73475776  37.44988809  30.30872757  37.42310879
  30.75878905  30.12179185  66.77658428 100.33965159  66.39770201
  33.6274763   35.33363874  30.53277865  84.88203547  49.94396095
  43.41315052  38.90860154  32.70870208  61.30112583  20.45790021
  71.61394181  19.79141107  32.20737857  26.4266613   96.73390171
  75.62207538  46.67102685  19.1048826   32.94313416  40.79657229
  32.80216943  28.9858636   29.63021455  17.16864683  22.58373043
  25.89831716  17.85404807  47.84207422  92.12176936  68.2105354
  42.94117535  78.55451964  62.96807415  40.59564122  62.01014858
  30.30925454  34.96038091  74.85399137  65.24814421  49.50839346
  23.25693473  55.69849031  39.24358257  83.44970336 119.64549962
  18.82217729  18.44216164  41.50201421 102.00100558  42.43347396
  34.20968182  49.42796473  75.30524882  37.61191324  48.77234909
  94.68699503  20.2740143   37.44292609  50.92590688  62.93752761
  46.60286822  27.78958978  37.28633847  34.6687516   38.53003279
  48.2498802   89.48672318  44.42037408  20.24379539  16.42614626
  38.78211048  41.18930374  28.44153743  53.4375884   28.41702625
  28.40173131  57.91189586  27.3659724   78.58756823  35.21937469
  24.58419724  23.27403684  53.33682086  35.86997231  19.06061651
  79.61404412  35.97438637  20.89859226  26.6374813   34.95451428
  31.11281305  52.96683585  21.71329912  18.35456018  81.41210667
  40.57986542  29.23640268  29.69242961  45.22978248  43.38405725
  24.93551425  21.65522139  17.14735156  68.40781897  33.68307056
  49.10039478  51.03364868  28.29893687  29.53677069  23.59924389
  33.5953584   23.30810406  30.53704424  32.68904537  60.68252959
  36.14027995  55.82997279  21.26133023  53.89222876  56.0137812
  35.55673077  41.68665986  58.35463739  26.26621331  41.47877077
  28.95016826  20.5325958   18.08353776  43.34515367  39.71365182
  22.15715601  30.59725653  26.87993208  37.95127902  75.79333635
  96.12787242  51.64788669  50.35726009  73.47941667  50.3438773
  19.05757782  77.55467426  23.39738308  34.5460383   64.39445014
  20.65483567  68.35845272  53.60835289  70.48681876  36.83504905
  19.34889677  27.8288681   91.48402255  50.03966694  26.08279433
  18.36468295  75.3306613   35.73237265  37.07969291  82.33962647
  22.99841262  47.49172248  30.36968668  27.64426523  36.16718488
  26.41235915  24.66835482  46.47493981  26.17721059  25.25539776
  43.10602054  44.169054    42.43874156  56.8595972   47.74607795
  17.21963296  77.06084418  63.43308272  22.91892145  47.15039356
  32.52467752  30.44383088  40.31739567  37.13059581  53.0483673
  48.03826994  19.96005162  32.23855152  19.74949297  35.88560479
  26.63965717  45.41354298  16.64582064  47.00398352  68.63416408
  23.97036783  28.34607431  43.54902132  26.30991825  28.53840296
  18.52970039  57.07529778  29.70714358  27.2856921   20.44759078
  21.90627651  30.32056109  70.83196022  52.33856473  41.3449734
  64.57206024  29.87463562  76.50336177  34.98380243  26.7547966
  36.76065809  26.41841656 103.08638157 108.90858624  46.87893311
  55.06069421  36.824963    96.35985559  44.19020245  26.50227566
  15.61710272  68.44456639  24.69086315  25.15541544  18.53535652
  31.87313012  81.36698525  42.48061893  21.99370663  28.54695012
  32.31004589  75.38534908  25.46247842  54.59896366  52.34907838
  30.81895401  42.4621732   47.10841091  47.2663256   50.98466371
  18.04596193  86.64418262  32.2433221   30.78110265  83.76858474
  47.27999161  59.41499889  30.12006928  71.6421825   57.00619325
  40.17658654  46.46369461  30.71796767  84.95919082  42.54033198
  29.62102383  30.30591692  54.77335413  20.94085705  49.45988269
  79.77382034  22.13246484  64.88381044  41.88224519  49.44575193
  25.63610559  27.98644248  39.56865419  31.3229634   15.45733531
  55.45568637  33.32959648  47.33137537  30.17215355  85.40277084
  33.86967455  72.51182621  64.63947261  38.74922283  91.5186642
 115.61737088  31.28416123  43.70065827  38.20033426  23.32804147
  39.3599176   50.13607418  39.42635181  40.68826367  24.76753331
  32.36609907  72.00094329  65.33527245  23.59790251  23.31873903
  36.48416888  32.7978908   92.6077006   41.42035428  20.63836737
  27.81838575  38.31935247  29.36880148  24.41306799  70.32560759
  45.50401719  34.57619218  33.92258294  81.95444     44.1528143
  39.81238535  35.87583795  21.17609953  29.85918342  31.47828072
  42.9124453   26.55934587  21.69451037  14.05044331  46.09945507
  33.4785997   65.85584525  69.26659102  65.54239399  23.12505655
  64.61676233  38.25774253  73.87558865  44.96809658  70.26717185
  31.97184326  69.98131011  23.48997824  72.69642032  21.06021266
  18.72001749  27.99317131  71.44208446  37.51161541  43.098521
  41.77636776  22.740086    37.26341791  17.51763011  91.25179278
  47.57996034  24.94370203  26.61058995  34.23111239  30.43274156
  60.37548494  57.75752223  53.99648442  80.1266774   50.07658248
  22.03064366  25.50320461  87.81378126  98.97844243  39.65495804
 100.55148726  73.69284135  40.38450465  18.31733139  26.0545918
  45.66017844  93.87272032  23.42210331  74.4730722   47.13009733
  36.08568138  24.96541839  15.19415733  63.07756747  42.75349386
  21.91515416  25.41773899  17.81174305  21.80093958  46.01630422
  53.0093312   63.26928934  91.66414693  38.82781802  33.03763942
  22.01108961  37.64920653  86.17758506  38.48114793  37.82823852
  34.11805042  26.54015049  36.38958566  19.91821546  21.76308916
  32.4670609   84.05761488  39.29037678  26.0846349   37.35542258
  30.97821589  26.58318386  77.15942244  62.09508758  33.90390721
  41.99763671]
Test abnormal scores: [ 47.79282886 104.78811456  51.01169548 ...  88.60718056  60.68564986
 109.65873401]
