Logging output to: /scratch/mgirishnair/MotionCLIP_experiment/results/multimodal/classwiseGaussian/contrastive/anomaly_results_multimodalClasswiseGaussian_dressing.txt
Loaded embeddings:
Z_train_normal: (3017, 512)
Z_test_normal: (756, 512)
Z_test_abnormal: (52942, 512)
Normal classes in training: [15 16 17 18]
class 15: n=756
class 16: n=753
class 17: n=755
class 18: n=753

AUROC : 0.8376
PR-AUC: 0.9969
Threshold (95.0th percentile of train-normal scores): 25.9760

Confusion Matrix:
[[  120   636]
 [  734 52208]]

Classification Report:
              precision    recall  f1-score   support

      normal       0.14      0.16      0.15       756
    abnormal       0.99      0.99      0.99     52942

    accuracy                           0.97     53698
   macro avg       0.56      0.57      0.57     53698
weighted avg       0.98      0.97      0.98     53698

Train normal scores:  [24.7528641  23.28626606 20.31895489 ... 15.64226856 17.82291358
 23.97093916]
Test normal scores:   [ 25.83255358  41.4349094   62.3228691   40.13273671  48.07784877
  47.26320638  31.57203007  26.05205601  25.82405769  27.92373866
  53.23081352  41.74299201  44.89057762  29.8485197   69.35379188
  22.1345161   40.97723839  66.21696128  51.35857901  37.46604006
  49.53208699  33.38645464  28.99639497  17.50327612  46.88528741
  34.69699134  41.01145679  34.32299891  26.52207726  28.99240729
  36.93411054  65.38563425  41.02423596  58.07464392  24.42467405
  27.70012048  70.39392231  50.16655975  30.6797512   34.49209116
  34.90114625  56.71530571  47.42214974  30.29256542  29.6206121
  48.39223259  66.73654223  62.76591548  19.86313435  65.37294231
  32.95669707  59.84830467  44.4244295   53.13483821  47.68319294
  45.48305066  44.56852494  37.84527596  52.19297301  59.71922639
  36.93919567  32.1588287   56.4127591   21.4177137   43.07411757
  35.88410287  66.63911036  59.42100283  40.10565973  31.7999669
  49.50430761  44.9287498   56.95764729  27.74552253  35.5838151
  38.53252906  78.57001031  43.48534482  47.57253679  80.55915547
  62.41959138  46.97134913  35.87406274  30.69673203  21.98837318
  24.40567239  42.42635204  48.818976    38.78565218  43.27427016
  48.7497705   21.35301778  38.14330686  44.4574443   29.40980415
  32.42692264  26.49593048  41.92788281  43.40708605  33.26326662
  33.28699617  34.5633728   34.99927924  39.34217006  38.40668631
 101.77419016  49.76882751  31.78800491  53.62810094  60.14117829
  39.82028893  39.96773333  29.51538721  39.48188508  19.05804198
  92.3693522   56.94804901  32.26359699  26.35775609  32.54880173
  28.71799744  22.26612099  29.08898257  14.54585091  29.38611362
  53.84462251  65.88493584  44.31579518  40.01419439  43.58561235
  22.72661031  38.47703545  45.06642629  32.10546673  30.14987365
  59.52610643  60.3868713   57.45777368  31.74496709  39.50965722
  28.9666842   43.83796565  24.04515085  32.55460096  63.73392044
  60.87382542  62.78326381  42.07534556  30.65040468  35.25830157
  36.7046611   25.3315146   40.59669339  31.68976166  58.28157625
  25.03153148  35.49177395  18.60097789  40.46626008  41.56756911
  19.951946    33.4460204   26.84932782  39.33681251  35.50281487
  69.15192371  47.72952273  37.64154649  65.47578682  42.34377293
  33.24069419  30.20312154  26.42568849  33.23216936  29.07825775
  17.19278336  52.72448736  28.6931303   36.08551434  38.35647094
  31.91771556  46.7864429   25.3477314   50.59364837  57.09456421
  50.86899112  35.36317086  36.55412849  36.83776154  51.85395719
  69.33138883  31.37782322  36.34185377  40.562559    43.6258758
  29.37781544  23.03583421  38.99115109  26.8943776   34.76900509
  28.7920286   19.95422813  21.60471174  26.40973131  38.56098942
  30.63389465  32.36131177  30.3744169   32.73622634  50.95461183
  24.4479215   35.93526134  43.84794967  50.66101604  30.72427075
  76.44058413  26.25814741  28.28763224  22.62756376  34.94565398
  25.62779774  85.35557543  21.52583424  43.63573924  67.37908063
  35.77343832  64.7042383   47.84515833  35.82083414  40.27036621
 117.37634175  26.43043503  57.93161599  61.63901836  49.56325856
  73.49817129  56.75670553  60.85231699  22.59536036  24.77628155
  18.7742365   61.2438695   18.86614684  44.67736382  41.29022689
  57.49901171  39.328576    32.03218653  41.64996473  28.83556904
  29.83093465  27.28096259  49.11788319  60.81314169  77.24410622
  33.76147236  60.20583867  33.31811699  41.99835946  48.29287032
  52.65593311  33.96791432  36.8433133   47.25914848  43.24665533
  36.15896897  40.2189923   21.96350485  35.94710274  21.72541415
  48.34507033  28.60542596  58.1927515   41.19976572  16.80121704
  32.47879196  42.07013539  67.97969962  21.7337304   37.02356504
  36.36254173  70.28775141  45.39809374  68.81125918  66.19664079
  34.52295971  26.65834695  16.36496417  38.48383865  26.30495933
  32.14965419  64.51016009  37.04599906  44.93401314  43.45403509
  37.24589808  37.6013514   24.40072299  57.27785401  33.47799056
  32.65238729  23.98823847  33.63332443  44.19902575  31.36168124
  56.85647393  43.11221324  43.63284395  29.09751626  32.40478782
  27.4275388   29.72964394  27.85176206  47.14617723  61.6099983
  47.37559383  52.17534645  48.35199629  20.13861965  33.59649659
  33.93405182  28.38674505  41.05715228  25.42494968  30.13616624
  45.04927692  32.29347192  23.01268744  53.29820777  39.25637182
  45.11502635  30.81695227  30.22398686  50.43584629  38.61009538
  59.90726524  72.8845343   31.81687758  58.6819368   72.4373428
  18.44069229  91.4902281   41.15647717  44.88662966  61.25049945
  34.11694644  47.89610553  37.69163691  62.38053793  36.34841396
  23.54155968  46.48641588  31.47820197  24.4329657  111.93212573
  55.53636393  41.7945448   43.29391066  44.44148383  51.53831072
  39.47859456  41.58073744  27.875349    20.41446972  67.0284228
  51.90434453  45.04957072  23.33438648  28.75969441  18.81426318
  38.33056979  40.96460927  40.43410307  35.80643002  38.60025308
  39.9134963   30.19619619  21.87805807  41.09777107  28.62510488
  22.96010119  37.26078232  30.38436955  49.41149846  25.86474536
  30.2661338   29.64395301  44.62462232  32.41229979  28.59332116
  56.73137684  59.06592889  48.77023044  31.04115546  38.68272139
  61.10605013  29.86159897  30.40439866  54.99326334  39.09963043
  26.17734807  47.60452186  34.96183531  52.93453293  71.46069531
  28.73287741  81.40645072  30.58162938  51.29794864  31.1531773
  50.13571905  30.58236452  40.75272915  18.34698595  20.32416489
  44.24023019  47.63512675  37.82933315  29.75032598  33.51616845
  26.45710331  21.33425857  42.88886001  27.55584315  54.20716402
  27.63822617  59.31152437  41.60823122  35.29685116  30.74373926
  43.92208025  23.35154233  25.20947171  52.23446133  24.39185671
  42.28526094  38.4137205   48.72045524  25.11301552  39.01043026
  27.83943914  54.33852589  46.11499359  25.93100355  26.93753714
  35.74517354  30.23508015  29.62190821  56.60184193  40.87276251
  57.6876458   69.25246851  41.51692762  29.81038435  36.49131325
  42.22716032  61.25937859  44.33439367  25.57377449  28.70365718
  36.01895035  19.54439635  25.96490112  43.63975052  47.64587387
  24.45206904  68.97724909  57.03416398  24.7576913   50.21013276
  23.78186991  18.86876359  86.54248505  38.1932994   33.36907375
  31.27297092  36.82020523  49.77740297  46.34826844  86.91274644
  66.88187382  30.17437724  91.886126    36.77549723  19.09549606
  32.41087046  32.54617618  86.6451529   22.5679671   27.16161472
  45.66216698  40.91200787  38.34485754  82.01038367  23.32152641
  61.83765282  45.22419751  34.58842432  45.13287391  20.97752044
  23.13232847  47.89565909  25.7564455   39.70626715  39.73732723
  37.51748644  26.49002839  52.80787047  26.7224741   34.80024135
  44.69000544  66.00882115  62.45644852  26.23279406  26.76467607
  47.82291634  70.36354972  32.90023883  47.8066621   51.26118077
  51.61428611  30.14593158  32.83593419  54.63397059  19.32986642
  21.2231763   46.55763399  46.65581339  36.304798    63.42969507
  55.87288768  49.68833085  47.26285456  16.8323139   46.46881431
  44.80552152  37.57897625  35.52492469  20.10722437  68.6976324
  43.92854212  29.63339042  34.67162132  38.73069284  43.67199824
  48.17938129  23.21983082  22.83539744  35.76867094  35.4893304
  40.60098709  39.07846614  30.92138734  29.83918013  73.03908505
  43.21734732  41.4116124   33.30303575  75.72105657  49.22814344
  22.16615663  39.86063777  54.4907464   37.77619434  32.39474845
  68.58114173  56.66505561  56.46025737  36.65633431  65.33152918
  61.13296717  24.63817658  40.85030597  72.37589326  26.11393027
  25.92373176  20.05586601  58.12366468  38.86241062  33.3694308
  62.37590007  22.87917765  73.27753262  48.8736097   35.23665176
  36.59999384  31.52582385  34.11315847  37.00410567  19.04709487
  32.84739357  56.04057423  24.18633475  28.90304591  32.21496048
  28.67797203  41.63039394  54.65992563  25.88358917  25.892994
  34.95877176  31.5230331   24.05924617  43.92270594  33.2790991
  58.34924746  59.75208518  29.01470864  34.77650308  44.02159508
  37.17622983  43.74509485  42.04514902  30.82650901  32.02633598
  64.72397819  38.20214355  20.56505131  27.51362386  26.70218131
  54.13755612  25.0602946   45.34473249  48.79815309  45.42937104
  30.07065425  52.88388884  53.26586463  51.96691505  42.91563488
  38.53960183  32.29887383  25.69167074  56.9400024   56.91106683
  55.41726912  38.91362237  23.62636228  23.27747778  25.82230107
  37.96051045  47.81028733  20.25153633  28.61655955  43.02783066
  23.19640815  35.44580933  80.22736805  31.26726648  33.20603464
  30.97317593  31.13997057  52.46879299  25.70755145  26.80721901
  28.8751871   37.96361401  20.90530769  24.55410972  23.66908823
  26.21712346  50.22754026  19.0512168   42.56730243  42.39140481
  25.39614728  21.5396036   32.528225    35.15024627  45.17802607
  47.17416125  48.57488082  51.42788022  44.00247012  29.43526924
  36.67197255  18.4663365   38.48599269  32.41400375  50.48971449
  46.73333651  62.62729096  35.60084517  19.90982305  65.06518503
  65.78709957  39.2709324   36.08797949  32.56720064  71.81978757
  58.19070362  36.3674119   35.25567207  31.79062402  45.47802943
  53.27224665  19.29582828  34.35856377  23.61429838  23.0696221
  31.18226643  49.13362745  24.19505012  24.49491348  59.05477755
  20.20336127  26.49011772  51.93223738  30.96889111  31.31347657
  46.16344721  33.01070113  29.39559245  23.25498858  54.3679158
  18.06449236  37.32238853  45.82098822  16.31447422  30.97851823
  22.47051718  41.20323045  33.09393396  35.28290623  51.72729638
  18.77509633  40.65489461  39.31043976  28.06878936  30.84371272
  46.03454008  34.04099157  52.91351664  33.16519219  24.65150313
  51.68242185  27.88131902  26.29394608  58.3458365   31.76432438
  47.76975576  55.19377144  22.40268988  36.42828787  57.19164268
  41.07178809  31.96166443  38.26135192  38.26022054  23.54538329
  64.79776674  28.03764582  42.04251778  34.44789389  45.55062028
  19.58209031]
Test abnormal scores: [ 59.18001183 106.42384174  40.53768559 ...  64.18871176  67.40222239
  83.04382397]
