Logging output to: /scratch/mgirishnair/MotionCLIP_experiment/results/multimodal/classwiseGaussian/contrastive/anomaly_results_multimodalClasswiseGaussian_random6.txt
Loaded embeddings:
Z_train_normal: (3015, 512)
Z_test_normal: (756, 512)
Z_test_abnormal: (52944, 512)
Normal classes in training: [ 3 20 22 25]
class 3: n=752
class 20: n=753
class 22: n=754
class 25: n=756

AUROC : 0.8052
PR-AUC: 0.9960
Threshold (95.0th percentile of train-normal scores): 26.4392

Confusion Matrix:
[[  170   586]
 [ 1383 51561]]

Classification Report:
              precision    recall  f1-score   support

      normal       0.11      0.22      0.15       756
    abnormal       0.99      0.97      0.98     52944

    accuracy                           0.96     53700
   macro avg       0.55      0.60      0.56     53700
weighted avg       0.98      0.96      0.97     53700

Train normal scores:  [19.81283128 21.68230355 24.23435872 ... 23.80300357 23.19979821
 16.89464247]
Test normal scores:   [ 23.90438816  56.49477685  33.60073439  42.66787546  33.77184094
  34.6701134   43.6415314   45.75469523  56.84006635  26.22964401
  25.86434313  24.82058114  45.23051757  46.37281227  43.92247342
  34.99642932  12.83300568  28.63900597  94.27667963  41.35183494
  50.79055003  63.57443788  31.65233569  37.45020089  15.60488534
  19.49016819  43.65146981  65.2358028   22.81180005  32.6442389
  74.94791529  21.9760158   27.64191794  72.76589384  47.26031098
  34.54241923  57.00095882  31.43376661  42.3949015  105.78020378
  26.5680449   38.21679746  45.02634618  55.31751349  97.27208799
  39.1155062   61.11194913  64.6855658   16.33968024  19.83045689
  22.24544457  17.03003427  24.33639277  23.47917158  25.27480037
  86.28155649  74.73207179  25.25178826  36.20341626  24.35148431
  75.42203457  48.85921299  12.44542231  47.99062842  72.56619492
  55.27641923  20.74149699  32.65125258  26.30716597  20.37660157
  26.64096262  39.54001097  22.47130639  54.74318416  27.85479843
  51.19229206  50.42047533  53.71410528  46.68591655  32.87082068
  34.25590263  30.98903845  29.14887604  37.35132597  60.05082794
  31.699107    70.59063187  69.95301455  63.93058147  23.7554033
  36.34408126  38.07699776  19.69667521  56.47346815  39.73446631
  58.94749177  28.16540525 128.77034226  17.32692818  32.20717755
  62.97786079  44.97654709  22.25963798  41.73461241  38.43662844
  36.70837163  38.20502887  28.5680966   39.09075524  63.1080319
  38.99551055  64.07659955  39.57400706  63.54358453  21.26996506
  15.90420359  50.91070255  33.05425198  71.59450129  33.73697624
  37.72904722  51.12168838  37.02497229  39.40684432  27.36938061
  62.24036676  18.01465273  69.67023854  60.03620637  31.41073173
  38.13823831  33.88789666  82.28367219  31.28693413  32.48742409
  91.21340125  30.99992131  15.2917106   19.92317097  42.62304006
  47.64845755  32.80335907  51.71226969  42.20679127  45.8414984
  33.92226575  29.54173942  20.62748711  59.6134208   59.03973463
  30.64944911  33.63681977  27.43603592  42.74007396  31.83137511
  54.91308775  26.8035251   67.29979335  26.21866278  29.6310059
  40.07257511  42.96029695  70.87045991  53.6297567   40.46717913
  29.98641188  45.28176046  31.67427798  56.32979401  16.35605973
  26.54223213  25.26147749  47.52970967  18.41477198  33.52335725
  38.05612583  33.55077005  19.1332387   20.93570372  19.55626796
  25.13226084  44.88074215  29.80661056  68.59257096  27.52602785
  51.19227389  21.16051082  74.93393819  74.8649978   35.38332772
  22.94670742  46.73754925  52.23043022  23.29818656  38.56221729
  62.8643687   30.51447373  40.70834985  32.68750214  63.19449443
  34.6211344   35.65927647  57.00450351  47.11567373  33.09299086
  46.01898457  33.82598944  33.86550902  28.70066172  21.92404313
  62.01791036  85.6719346   53.98977203  25.01067093  50.02746945
  62.99630486  54.76982812  71.21767265  38.51246431  41.41463936
  21.58477425  22.55441329  51.59560503  40.05338107  27.48006181
  55.89570486  58.88799506  78.87752291  63.61676135  21.98665349
  33.176337    80.37167191  65.77900606  16.27884019  35.86618002
  51.07715238  72.28777419  33.92037551  33.95800577  18.39702376
  75.01207408  63.06932037  58.57500111  46.1219644   27.09304959
  33.89947555  59.69958741  44.05416714  46.0317275   60.55664979
  30.3189706   19.69470086  18.13314371  56.31746533  18.07373721
  40.80310536  19.11506656  31.02343588  58.7085005   23.02726558
  65.69608674  47.5463179   50.34962655  44.14351272  79.84995299
  54.11262665  63.16446611  43.31993292  62.4518041   36.12093947
  57.60533353  23.61528383  33.26671842  17.7793989   24.96734495
  25.41803137  32.05840511  46.46811944  47.51324837  33.60900886
  32.48616055  79.58761982  51.91218067  76.97127815  34.85223124
  77.33015865  73.91728343  32.18114909  49.5206556   49.12107788
  52.56720256  20.70095982  44.75443085  41.61969812  36.72339634
  17.42846577  73.37019479  23.65297909  26.22810494  12.05175959
  19.03647114  62.52278377  31.3669855   28.04496957  19.71274956
  21.30982243  40.14969928  14.86706027  71.68479195  61.29138098
  33.7847932   46.97039163  21.75317391  18.98150935  67.64675718
  36.97989013  54.72055355  30.15735618  16.06874335  18.56062926
  45.26000255  25.34692494  45.10474609  30.5380406   42.91460583
  14.45807189  23.12930525  48.95040309  43.0012971   37.35769074
  40.89517285  76.28508878  33.84960968  26.42291263  28.81743552
  21.67384237  83.3421813   20.11420079  58.4034456   22.90107703
  33.75418298  72.36809118  79.22362212  43.98526606  26.55903982
  48.44079319  36.96073171  20.54010333  46.62960808  42.5423993
  40.7185716   27.15758305  22.33559671  42.0077554   78.72826041
  26.07482053  16.64001486  31.78510062  20.89191799  54.99700529
  33.03188106  18.25432194  47.64948598  36.78264685  49.8386404
  28.21116312  23.7066035   60.29147901  47.58976234  19.07620544
  18.73565397  31.38727111  23.09264305  32.63923496  26.35201581
  23.8837322   35.11889832  76.8350323  101.37150961  37.62356372
  21.66639029  39.07230264  39.07742377  37.63304596  57.80811094
  41.27495792  71.32120659  43.23999578  61.44106519  25.08132723
  98.9205031   47.72506516  33.07092877  37.24202066  43.15721268
  23.98557913  18.13058039  34.7322995   24.79101429  39.07015217
  14.33034385  35.27196009  79.64722804  21.7641635   54.96536163
  36.77364674  25.15256162  22.3184448   27.60427126  40.96805903
  55.7068779   34.41153536  39.61549236  56.79485072  99.12988473
  56.93107684  46.66308006  52.7022284   38.18075786  70.02412039
  51.38288532  80.7819506   76.5509964   45.70922217  21.50376743
  31.65855079  37.27084708  94.23283411  54.59784625  74.67789449
  32.08315041  17.19555166  28.5529109  110.25442943  26.61967081
  38.05943648  62.31377584  27.35000409  23.63698103  44.08984707
  52.64065478  45.4240663   19.29923902  41.72608116  58.77271562
  11.58565168 127.96184924  33.64910824  25.29355237  36.80601354
  64.60297227  38.25315159  36.69074544  39.56191735  41.27569491
  41.31787457  37.07900568  29.32444585  74.75097378  39.2829235
  42.06924135  88.44252284  90.13190206  57.3693772   43.30660466
  76.01722445  56.2290969   64.54778897  31.83788184  29.07238508
  42.71563323  45.78621157  30.70525956  34.1793231   50.20716138
  58.44979494  30.43786157  90.36959301  34.32511913  76.74385245
  45.90046646  66.70194079  40.55503144  33.01777322  28.33132461
 118.90948915  87.69082978  33.7344847   37.06134068  61.86518571
  51.2000028   25.61188346  72.09898773  23.19736058  22.24603598
  32.60112927  87.78986006  42.02934688  24.43243764  78.3387123
  23.99053406  45.80040092  29.42000018  44.45642065  37.43098027
  23.51035466  56.9132163   25.40984279  47.4641721   44.36036246
  60.24369077  50.56687855  33.86186045  20.5420328   28.90281081
  26.97781667  45.56085958  32.08645041  73.17633907  27.67261732
  60.16220499  50.15815547  21.84727712  35.64244019  53.01273115
  29.36571008  58.01996932  45.18418553  45.50993301  26.00892014
  27.43179532  70.38377471  62.10116644  31.28756897  31.25924026
  21.63605765  36.13460058  61.75633126  33.56900516  86.79580081
  37.98916547  36.27322715  70.16168916  17.76568046  60.53607167
  34.75515478  17.03753421  51.62268229  25.09674361  32.23390729
  66.84794458  64.04335976  18.28192561  46.60538102  27.18213427
  60.55215645  46.24439749  53.33022448  15.01548807  66.68249547
  27.9026029   37.33567654  37.01483704  75.83020465  62.13623041
  32.10085438  43.15628584  43.98541378  12.37941916  53.2662247
  17.19716659  29.81427679  38.99005869  39.59196281  59.18607535
  29.35721842  40.5011521   47.39969772  54.78407402 101.26734669
  17.59291148  55.75698149  39.91415112  63.78694622  65.34583491
  53.63004093  24.77900718  28.47212222  35.71095505  39.48578062
  60.43120974  36.64215042  63.54447964  35.99225372  22.76544954
  34.58947663  30.95698004  63.96063462  41.00090718  49.85443113
  43.82536353 144.03341192  24.08159274  64.94709773  21.99294113
  28.7496741   11.83128636  21.75060901  16.40218377  25.8707957
  20.6898427   62.43711272  41.09795484  63.55684331  24.74109685
  33.88203763  43.7391379   30.33864224  45.72913219  33.86443707
  24.73089799  19.47905496  22.68105174  37.41704554  21.21198537
  35.43092886  54.64738026  26.63049457  81.96726153  68.37254559
  28.85194592  58.74653648 116.91837534  56.43165684  38.61080046
  43.76801444  42.46510069  69.54923243  27.05123656  31.62557667
  46.11742937  60.62349388  33.37636669  33.79932973  39.50454249
  18.96908572  30.94853919  84.42284139  43.04236444  47.28025056
  19.44356353  39.33443344  25.98164821  48.36186465 135.50597695
  56.55512534  41.03695693  69.26536023  54.83854857  27.32083806
  41.89033878  27.50848311  13.68606361  70.35555708  24.5715653
  25.25550736  40.43560347  26.06513781  30.11447157  29.40519967
  83.4316159   68.63478007  61.50702887  66.42550899  65.84223655
  43.27789039  26.20366792  31.3763085   20.97368497  53.2900976
  40.26033368  53.81840555  48.88385632  51.33332773  50.43555556
  53.68214632  57.47081791  25.75530293  91.39325882  28.81283869
  18.88085502  22.21014744  73.73135308  32.87070317  25.63861431
  17.96201058  53.53330206  58.75005331  31.37799523  23.28132167
  31.33397139  73.2313097   49.31380619  65.20925112  19.17433038
  43.74722357  28.87068216  66.23747029  33.29514954  28.47052695
  64.35687075  20.70811553  25.61031709  56.29850071  38.72041228
  31.90233527  44.47491567  38.45600069  34.91571924  24.49128577
  54.73808657  21.54815665  18.93690257  65.51900619  68.05406098
  25.55153678  72.14074922  26.94725807  80.61018213  28.55473531
  27.1514867   28.65334964  89.0281363   54.06050467  38.59209451
  21.16361692  27.25552699  76.94863563  29.64550341  20.61280364
  18.9775318   45.52492504  69.71725729  97.02162406  26.15573063
  25.78702942  14.01772022  31.77373473  18.62342463 102.87019183
  11.6138312   41.93708203  36.15265092  81.67971902  69.73296662
  30.01240717]
Test abnormal scores: [ 42.76030237  35.05719102  54.00292032 ... 101.98462117  66.64277553
  59.7184555 ]
