Logging output to: /scratch/mgirishnair/MotionCLIP_experiment/results/multimodal/classwiseGaussian/contrastive/anomaly_results_multimodalClasswiseGaussian_random7.txt
Loaded embeddings:
Z_train_normal: (3022, 512)
Z_test_normal: (757, 512)
Z_test_abnormal: (52936, 512)
Normal classes in training: [ 6 14 19 40]
class 6: n=755
class 14: n=756
class 19: n=753
class 40: n=758

AUROC : 0.8624
PR-AUC: 0.9974
Threshold (95.0th percentile of train-normal scores): 26.1702

Confusion Matrix:
[[  149   608]
 [  467 52469]]

Classification Report:
              precision    recall  f1-score   support

      normal       0.24      0.20      0.22       757
    abnormal       0.99      0.99      0.99     52936

    accuracy                           0.98     53693
   macro avg       0.62      0.59      0.60     53693
weighted avg       0.98      0.98      0.98     53693

Train normal scores:  [19.38403598 26.3434537  24.19235546 ... 23.55536108 22.82840535
 16.50988115]
Test normal scores:   [ 88.00960153  29.48459549  40.68237662  36.38952886  41.27288292
  26.93053916  40.62783132  61.64260876  42.60202536  97.70441549
  83.2125619   26.46926284  24.11010398  48.25392571  26.29542097
  29.32346376  59.05471156  22.95389135  70.57889013  19.89265899
  18.83975145  26.64672264  29.08187256  29.74383976  56.74352431
  21.95561813  51.59372097  23.64087591  47.18914103  39.92255454
  25.16040049  47.82106292  41.30689548  22.2213688   45.174799
  46.18649017  60.48561472  27.08931578  26.54019074  66.81412009
  32.46125455  44.23643589  48.40907889  59.86035742  54.77221556
  17.96319773  30.74227666  43.85253739  41.49155766  28.15980207
  26.1478625   21.76550851  27.46545173  38.19203491  23.08250291
  20.99332722  25.14954482  64.38938811  78.0207582   32.31040363
  22.74758102  32.76434852  15.52751722  25.66727111  62.18937981
  61.95952614  34.46245251  30.27694171  20.03065577  42.08304201
  67.71617128  37.07066358  29.76728926  32.58812476  38.36587296
  15.23458882  26.63548205 107.86893385  18.69820888  36.53657529
  30.41486461  47.15477748  76.91394157  39.25681059  46.03789609
  38.71066358  80.01060784  54.56490292  21.63976126  28.75129851
  31.13537627  46.02131302  45.34737839  46.50561265  94.975089
  34.52944653  33.80343497  20.37957446  65.3685838   30.72756337
  22.64106605  20.3949038   51.94435148  48.56851756  50.63037847
  31.80709968  46.27929575  33.29843075  25.3098929   59.81945151
  32.79031638  28.77693616  22.49969581  53.40209769  46.55647865
  26.43596515  24.14690422  27.29966925  33.32828325  22.07731815
  29.64952495  51.73667292  22.47466174  23.0380748   44.87738416
  34.78695937  64.96005898  78.70922659  34.592525    49.46582943
  36.4789047   42.5646034   51.82846017  28.28187527  31.41778102
  35.04228989  46.6310353   23.15731266  31.65448113  19.78392171
  15.05124756  30.98082037  38.82853235  44.58975018  20.14253343
  45.46294366  28.3612548   50.17790135  41.46877475  75.33583178
  18.37668117  58.87452776  68.02248548  43.08108831  40.26631686
  33.19645927  42.49044683  50.21929771  84.72224142  63.68690009
  28.80790138  46.53222451  53.86362116  36.92057048  28.28270896
  68.9361747   44.96910043  54.51839165  75.8696948   33.03762995
  36.06957914  27.30846958  49.18245429  21.53928417  40.84915725
  29.4291725   31.80361396  34.05834722  50.03962833  68.61038877
  47.24402144  30.37150796  67.077145    27.45957577  37.44861524
  30.48036341  49.32441635  24.56010893  49.87982095  39.95506816
  34.37593759  20.77114556  36.20951219  33.88125334  55.88458887
  25.73655625  26.82782371  58.00018789  30.0570494   22.31783916
  39.36454696  31.00244555  29.02946481  26.69320643  28.42347243
  55.38834847  79.20347719  74.68132306  51.40537108  60.56364484
  23.20827954  70.51503353  26.39865086  32.81290993  64.45693628
  76.5562942   52.05795282 102.45478823  69.94583159  22.67202059
  50.69646107  39.19619379  31.21542476  49.61334277  28.02358273
  44.48767493  31.84709766  86.72689291  35.47513889  59.57564547
  43.37306508  21.75224548  18.0965104   56.01150146  87.16460812
  26.63605503  20.39213218  38.48292778  42.67756643  73.84690355
  38.79491088  49.09592811  42.65570418  48.693236    40.8933771
  65.72357561  30.25422941  68.18957658  47.41073402  20.87522503
  33.07208317  52.22474748  39.38177531  37.41143696  63.17957494
  26.11406513  54.13621935  22.03770904  73.89176591  60.44291609
  50.34993852  20.80171709  37.69764907  43.40644836  26.19718397
  37.917861    20.366425    39.54231545  29.34897424  30.72091467
  23.33882412  51.99253268  48.85113719  39.35588908  14.90785465
  29.70619505  42.83787297  49.39498936  54.68327988  38.92550841
  39.74704291  34.08501848  29.60491815  43.83034093  46.7378975
  25.32747312  44.09493403  63.02644555  25.9974595   32.92785171
  26.20627893  42.62249922  47.81339166  26.76169309  29.09903971
 104.4552427   34.5841161   39.2745753   38.89513164  59.60414791
  53.59964494  48.42097385  19.86647073  31.91803447  79.98925174
  28.5056972   45.18457995  33.15923614  32.29899837  33.17547311
  39.62641665  46.03866337  19.67411567  41.11491579  57.83719034
  19.08932798  40.13458948  84.54268523  47.20996747  24.70986346
  39.72257909  18.09731543  35.73239385  43.36042636  28.6567111
  27.78091403  27.07290345  59.70832809  54.62007292  18.22277072
  21.46411231  57.69549531  21.90040541  52.42272183  16.99797571
  64.71683798  65.10274807 124.45305876  34.89787218  45.00545511
  42.46162971  29.9098993   33.75882469  27.03584394  26.45439606
  33.25832861  36.22558302  29.88923917  23.95189944  39.89849877
  25.76014651  33.09187164  33.68164507  51.31649814  37.44991903
  30.30871919  25.08352843  23.01486187  28.40534223  58.70207445
  39.38177328  45.35144866  46.46154138  62.18559814  35.33361439
  73.56484572  68.45468753  99.25229163  43.01963743  36.52410304
  17.97842784  33.18458738  40.41170968  65.55049244  47.56754185
  33.52733183  32.20733371  15.91663929  18.7352841   19.13744946
  64.16617422  19.10486683  32.94311356  47.98893388  86.90612516
  39.62160699  43.57704549  90.89730077  30.97823101  47.80976773
  78.2660711   29.6226694   31.94303927  24.91946919  14.10553776
  22.0110439   23.80937099  60.8448732   70.88320888  46.65801162
  19.08261716  22.61552116  32.61049136  30.15843338  53.43961357
  29.92713432  22.98094414  66.98240569  29.10383547 119.1376935
  58.11196931  16.17209777  27.6676483   39.59383746  42.77692288
  33.68431186  57.40430224  35.97619513  40.38994297  33.01599966
  68.94637303  66.45285192  34.18638722  17.21702551  44.70248514
  53.91439061  31.74706224  76.0760116   41.70813259  27.78958137
  37.28631621  34.66872362  26.98682647  32.75235028  23.710545
  44.42041115  94.00456262  37.76892084  19.37714336  41.18934138
  28.44153402  22.16213512  48.05212083  26.3135671   41.04641787
  27.24689249  36.35112408  35.21943685  44.39087155  54.01190566
 111.79090188  35.86991528  23.92593349  25.35853894  25.01373705
  20.95152964  26.63743653  34.10014718  22.92885501  38.97899244
  20.40493281  18.35454862  21.93930696  43.33538079  35.95727367
  16.73194506  29.6685782   43.38408684  48.87815293  34.00175756
  17.14735694  38.48112428  33.68302498  28.08189785  34.31785347
  54.37129675  29.53677115  61.13019237  33.5953044   23.30810599
  29.51948773  32.68903264  60.49071222  51.50132433  19.06489693
  36.14028067  26.08465586  67.36625558  59.93942039  21.89408243
  34.60813211  39.56434958  30.01273663  33.95093081  45.38318282
  49.34183846  20.5326469   22.11734599  72.31973629  81.9252972
  15.81628202  22.157146    30.5972107   14.87377888  69.56742821
  97.00961594  51.20790789  28.00019885  47.8066264   33.20576284
  50.34389091  70.47926447  54.14365353  51.81794121  26.9458483
  19.43319016 107.76639852  37.12563028  67.07683732  50.84029406
  29.2360067   32.98719277  26.08281653  25.0652974   21.90907338
  38.7631226   46.85031925  47.49171136  34.06659898  23.07028982
  43.42450845  67.4410222   27.35551043  26.35350094  44.16906236
  48.02015372  38.26132277  47.7460745   17.21957993  26.99442402
  35.80350889  47.71036827  47.15042953  37.49140578  32.03490735
  40.31738418  37.13057286  22.12793799  30.17370656  53.55827306
  20.48114643  19.74946746  20.21528262  44.43791957  45.41354969
  16.64579777  18.83491215  21.38091081  20.0511389   28.95781694
  43.54904543  49.97382308  28.53841249  18.52972607  57.07526801
  32.58903199  27.24527919  34.0946336  110.10109445  53.76198355
  84.45841829  32.6813315   45.61903635  32.22299624  29.87457236
  16.79960752  74.25511153  71.11146689  27.18390137  36.76061075
  86.12547402  33.6169743   95.68265771  29.73656205  37.14925253
  29.34849464  39.00021065  39.94497037  26.50224146  27.37309082
  21.4390666   46.70943771  34.84433908  47.30509195  63.24791063
  43.11026066  55.18834873  55.99816826  71.7474108   28.54689557
  32.30998147  60.67597905  24.09200076  27.22987172  57.20945009
  47.11267219  45.30893536  47.10835494  53.7626932   35.30428393
  52.51461764  90.74414228  32.24325861  16.06642303  56.6628542
  46.61722701  26.81855686  64.75514047  24.33534504  63.49909836
  61.98431804  72.49893807  35.5305481  172.3587774   80.11802675
  36.98532951  27.91215735  30.30588032  51.15213505  24.96379196
  37.21049714  26.96259835  45.37424165  29.56838983  67.80175988
  35.9473969   31.55941256  25.63614376  57.33559464  32.28181685
  38.21379166  15.45730813  56.57138651  31.58025672  37.87476197
  30.17210839  61.03942448  26.6042005   32.93188637  27.37523289
  49.52803163  40.55516222  87.27128873  31.28412132  43.70072202
  38.20038346  23.32803706  31.15023313  54.39643613  66.11857029
  23.34632054  28.24703041  22.52298902  29.71381705  30.7557822
  50.31434566  72.40229511  46.4220874   28.13227982  53.71484535
  82.24821888  31.89513076  27.81833192  30.26645117  60.44208263
  24.84435125  51.23640515  21.46536029  33.51761775  34.57615974
  53.65853563  25.47700568  30.78540878  29.65828612  35.87585426
  18.7649134   59.30831727  38.39435266  32.95375653  39.59418235
  92.1839838   14.0504406   85.65924248  52.02936075 101.19670913
  62.30321669  30.36475549  16.07137598  12.45694205  38.25777256
  34.99940799  35.17419023  45.81081583  36.78546863  64.32913259
  75.57359434  27.92969446  21.06018438  21.88963981  46.28223288
  70.79217818  30.36552392  32.8885936   36.89465389  27.38399546
  37.26338799  23.92753192  22.2574035   44.75753655  43.07421619
  19.24703991  19.56648052  30.43272112  32.41245343  38.91367289
  53.99644542  31.5260942   50.07663717  13.81754235  43.45253877
  53.10214619  71.99406331  75.44767533  30.38535305  91.40287353
  98.76254564  35.95877181  26.0545712   32.24501717  46.34534863
  42.10292986  69.02949632  47.13006819  71.16709338  35.23256824
  15.19414763  23.22359223  28.57044248  23.81128742  27.86967778
  33.17127917  23.62469635  50.73904288  19.14621791  59.52308187
  42.11381146  45.90975843]
Test abnormal scores: [ 49.26315174 208.55777794  82.16511717 ...  91.89622331  57.50303017
 165.4740129 ]
