Logging output to: /scratch/mgirishnair/MotionCLIP_experiment/results/multimodal/classwiseGaussian/contrastive/anomaly_results_multimodalClasswiseGaussian_random8.txt
Loaded embeddings:
Z_train_normal: (2271, 512)
Z_test_normal: (570, 512)
Z_test_abnormal: (53874, 512)
Normal classes in training: [44 52 55]
class 44: n=757
class 52: n=756
class 55: n=758

AUROC : 0.6939
PR-AUC: 0.9951
Threshold (95.0th percentile of train-normal scores): 26.1161

Confusion Matrix:
[[   78   492]
 [ 1943 51931]]

Classification Report:
              precision    recall  f1-score   support

      normal       0.04      0.14      0.06       570
    abnormal       0.99      0.96      0.98     53874

    accuracy                           0.96     54444
   macro avg       0.51      0.55      0.52     54444
weighted avg       0.98      0.96      0.97     54444

Train normal scores:  [13.20611713 20.35709298 23.86047427 ... 21.99222977 24.77645738
 14.10099839]
Test normal scores:   [ 47.08292877  39.15763712  25.72718306  46.87466266  64.41769361
  31.78839174  25.307661    31.97784469  55.41888225  18.03262026
  60.13422336  41.24775903  36.99434085  31.23575285  44.44825847
  55.46158416  32.47321266  44.52029486  45.02773417  24.41918788
  40.41756004  39.02518053  59.25759625  26.14593136  32.21017326
  37.94343795  43.90213876  45.67401058  48.74834482  29.16209786
  29.69903567  57.30626521  37.46746553  41.14446838  43.76105375
  27.01518359  24.87706169  22.47693841  24.99798466  48.33825129
  23.17340071 108.39005649  43.41670009  23.97589661  28.37885575
  64.42803363  44.76935453  28.29143678  28.11454431  34.33279232
  31.18758715  32.88009298  45.69089689  20.98328948  46.65057576
  19.12106325  30.74745739  33.82122603  49.35092528  30.10906631
  31.95399751  43.28218252  57.29886023  30.13478801  53.32340615
  49.16249036  30.15403718  43.30948621  33.96858091  43.05065
  45.38116569  50.29664382  49.28494506  46.09729106  22.81936472
  63.13007254  35.53557858  30.91932221  27.93320765  41.40555165
  32.0133921   49.09896808  23.19993628  28.8556782   15.98298558
  52.93893821  38.08105258  32.02458422  37.77501079  82.97905674
  30.6819662   41.91242456  31.43065447  62.08997521  15.18719435
  49.77633714  57.95508954  52.42215538  48.80621981  44.77611076
  47.67574651  58.91476727  39.2470823   27.0844801   31.0039653
  48.96659599  49.25815403  34.98803763  30.13611888  36.3795893
  46.51438823  32.52077533  56.74683638  31.94959066  35.30353977
  65.0948411   35.51032511  63.71862753  51.05802634  24.34162009
  12.38628345  34.55172072  38.15564207  33.03091992  28.31514719
  45.76005769  52.74528321  31.0176482   50.67833675  31.10256624
  42.97407064  24.81086345  40.36502158  52.74907857  28.26415315
  53.64592863  46.75432562  31.40361391  23.9283451   66.2611604
  40.76488389  30.78297796  55.85048364  35.46232921  29.60983636
  28.31565618  39.6604234   19.4648632   23.53924268  42.25585904
  41.30715994  35.9135902   32.34320229  12.07678789  44.29143805
  52.7096961   32.74629004  22.74960009  43.11838313  40.74594136
  47.9344391   41.22414435  40.45216199  35.73863115  27.5279903
  34.93863224  49.70628284  26.59451241  31.42202694  37.1636739
  38.3377051   41.72652702  23.22445942  39.64853449  44.22413911
  33.99874212  43.36890183  51.58067147  38.34578966  47.3726449
  40.72080666  41.97471997  29.51427771  38.49370866  37.38436423
  49.93606031  28.33657335  37.91675216  26.55930414  30.6788021
  45.10798094  40.69790859  26.11927385  26.72950905  33.33528816
  37.96482859  37.68109679  15.71848181  43.24777808  18.47253704
  46.97328673  51.61876354  47.84055971  36.92710421  59.02240904
  39.11917171  34.0472526   46.31250484  52.74812117  43.84922993
  38.82239687  52.35768232  32.24718813  33.60571611  29.19203592
  38.43796144  34.93802296  40.02638529  41.53038397  33.92171421
  37.35413733  35.78825136  12.68903833  49.55595679  37.37077377
  32.25336709  53.51319656  56.22428495  30.34168263  63.27646591
  42.26413701  41.68521617  26.81597475  13.7777765   22.59689034
  40.93486154  41.47280761  34.24678926  43.99125295  30.07774166
  18.17497009  32.83946233  28.02369493  32.97425526  43.98141693
  17.46580807  20.06269124  44.78293625  25.65468599  30.05934382
  39.22568559  32.05956953  42.99525178  25.02763108  19.75289254
  46.10200954  36.22994522  54.45911744  60.80582943  35.63001704
  22.95431011  56.81015805  46.9216828   45.61065101  53.05741969
  52.66701115  34.31569581  16.40314888  34.31621571  43.92544276
  26.11926269  26.56690415  30.07309952  60.73025813  34.97449436
  36.60756091  37.05096431  22.52106212  27.5892562   21.86580598
  44.95906478  40.83089228  41.64025862  59.46191556  38.77072323
  49.21309119  35.58429853  38.24172593  29.72215557  59.39895607
  20.0564572   65.10250284  13.28295009  38.53444304  46.72038296
  35.75138648  43.84447535  43.40207367  30.53072363  25.30551864
  51.11621419  24.03003595  52.51823123  46.82579148  51.4991579
  47.46750323  38.50595272  10.71825806  50.98178989  45.41577387
  41.30141408  60.63425765  52.12540844  36.85793102  21.73525066
  43.69386984  26.72926316  30.76671275  45.52783698  47.2316736
  40.14171448  61.64260778  77.94591672  34.69563434  22.05251497
  49.26090437  34.20695442  30.15114329  35.30305088  30.68906638
  32.9777799   74.39837551  22.60543516  27.84548272  26.67031582
  14.43556245  48.8632223   26.70601933  46.33883623  31.17317751
  37.37889611  40.02891354  42.44324644  39.32713629  28.84219768
  28.01841193  56.29017505  50.52104533  47.0618355   49.26881285
  12.54290408  33.7964965   50.38516446  34.82584065  46.02418022
  56.28481282  46.28069493  58.38161119  17.46405286  37.91746146
  22.03983442  27.68906933  28.09299821  52.63689172  59.87853852
  36.3645514   37.80168227  30.1817681   35.62949714  31.3432805
  46.76663491  28.8807329   54.70191361  21.9073801   55.73250887
  56.8764256   42.65865813  52.15663939  52.6003819   17.10808698
  32.68970015  29.66908558  52.55035343  36.43915036  67.45058349
  15.42916443  40.89748363  45.21964473  51.09953847  38.7463359
  40.24428917  52.76239491  29.68941676  37.5209029   36.17872768
  34.04874586  40.34771258  26.751651    58.39031123  41.43269097
  50.46849567  48.31798243  41.92718896  52.40347108  32.90848557
  33.48731587  61.73263064  43.49178973  43.09156701  51.5723552
  30.8881038   28.83828128  41.32305958  33.34993827  38.19718125
  42.74908121  46.51160796  28.35610854  24.98555197  47.48780338
  44.80819345  56.5463068   40.06041745  40.38396861  44.80431539
  45.88804674  51.29852261  57.5248781   39.71489768  50.81780778
  42.79761484  25.06859022  25.83301358  34.85983439  51.12275178
  30.20215696  45.09174091  39.13350132  59.57893608  36.11347675
  18.80562703  42.79367484  30.87642561  47.71095659  48.6230697
  42.86248384  31.11639901  36.33391283  15.93420801  40.34539547
  47.70225424  25.94725214  39.39333553  29.37505882  33.36438019
  52.75407245  24.44938647  22.71440106  38.93746493  27.0994509
  37.60061805  72.44679322  36.9261824   40.62408599  31.28452521
  45.5581875   44.37397541  52.4576784   57.94257063  65.02370538
  30.51293675  38.23723415  53.566081    38.63368273  70.86018414
  81.60281341  39.36065462  45.34990082  36.16431818  28.83478628
  46.19552249  38.90811243  77.76229744  23.067863    46.09802025
  42.84854866  68.81674919  16.55551329  40.07024867  40.1251925
  20.73378069  54.38741797  28.8494319   15.87641621  22.45694846
  42.810004    38.65279762  26.01379865  31.91111997  27.29634868
  23.28246121  43.19427822  25.98266765  51.52868496  41.80157166
  42.45402656  40.06287425  27.57867043  37.59715346  38.96897554
  31.37976963  50.07859948  12.37380252  20.93771565  30.29105457
  55.72473117  35.01640126  38.04906281  58.30718502  52.53769817
  21.91734081  30.98131838  66.11017622  52.93543842  24.83430117
  24.42416679  46.79850694  47.85869248  45.47786105  47.3461811
  42.01406717  33.08636713  33.97181129  31.53893134  63.7956964
  37.83697529  41.52315145  53.97951159  42.20596493  39.99403151
  54.07123434  38.57066226  41.7172769   45.77652426  66.45996356
  36.62354853  17.53358439  62.01551165  69.50156127  29.60241134
  36.86930937  55.71109311  48.43309375  39.96970003  42.59691691
  39.96633735  44.98825501  46.89580168  31.31550894  39.6853618
  34.84174015  35.45620408  24.20404375  37.33745852  33.72046465
  56.47342188  58.63489665  24.11928583  52.89400715  28.17157849]
Test abnormal scores: [54.90194444 36.40781618 49.78457999 ... 52.13315479 51.34335144
 32.60919244]
