Logging output to: /scratch/mgirishnair/MotionCLIP_experiment/results/multimodal/classwiseGaussian/contrastive/anomaly_results_multimodalClasswiseGaussian_brushing.txt
Loaded embeddings:
Z_train_normal: (2260, 512)
Z_test_normal: (567, 512)
Z_test_abnormal: (53888, 512)
Normal classes in training: [2 4 5]
class 2: n=754
class 4: n=752
class 5: n=754

AUROC : 0.7664
PR-AUC: 0.9966
Threshold (95.0th percentile of train-normal scores): 26.1935

Confusion Matrix:
[[  114   453]
 [ 2290 51598]]

Classification Report:
              precision    recall  f1-score   support

      normal       0.05      0.20      0.08       567
    abnormal       0.99      0.96      0.97     53888

    accuracy                           0.95     54455
   macro avg       0.52      0.58      0.53     54455
weighted avg       0.98      0.95      0.96     54455

Train normal scores:  [24.24297373 20.76694336 21.94804007 ... 25.08829242 18.38101176
 26.78636227]
Test normal scores:   [ 56.46155579  77.03971688  29.11656403  29.87281596  27.42339577
  55.43359622  28.76941327  84.59482969  27.65923269  62.82522786
  24.68459024  89.75952307  74.09827437  56.12738557  55.47478531
  37.36469     31.29306638  44.46041954  24.03603233  42.02998799
  48.87054707  45.07080714  38.9176574   25.52765095  38.98708499
  62.14309691  35.00043549  81.52100685  37.8282093   74.78973698
  35.3583788   63.43184743  21.80694972  43.45957424  68.39631568
 102.40387588  42.51697803  46.44796914  26.90167849  56.96472466
  50.28935107  23.35538569  62.9575291   56.72055785  75.47935915
  39.79845379  69.75803271  82.17154339  32.41965229  45.85686579
  23.74440317  45.91866286  21.85059307  41.58903898  75.03253595
  58.18721269  35.31301829  48.50135805  99.54989617  42.93223039
  50.25175746  33.76439472  43.61046879  54.6418489   39.16064349
  52.10681919  63.302024    65.00178968  42.30084345  19.31601581
  24.24322262  34.61664864  76.36712082  22.24334715  15.0976481
  26.90213196  25.81306054  36.83491022  38.13840771  29.44063029
  19.2922577   40.91305008  64.30169793  28.89170906  44.38281189
  84.96876225  72.3731552   32.11530766  64.5611404   33.67986089
  38.96707264  51.50129403  76.72785411  70.94590166  57.08079121
  38.80136973  43.64620644  26.92105579  14.1573581   52.47352846
  47.24137526  42.17589124  26.40735198  64.25006571  92.34978346
  95.14891826  30.24301962  61.47635297  74.86061208  38.18233223
  46.4390551   31.87546073  28.67499312  34.62611787  45.73387551
  34.48091013  22.5050515   16.52321305  34.72894438  25.60023551
  27.18061586  48.71209679  22.99199099  24.04229013  47.16280842
  29.0044363   57.50591165  24.47394789  38.77757461  43.43262096
  20.18602063  79.53513938  35.61031067  28.52790608  42.18908828
  55.71488109  56.36757857  40.43246165  50.68776097  23.79600424
  47.77936902  49.37052547  43.52120123  22.78424558  49.76090402
  43.12837199  51.57096085  23.02660433  61.24593363  50.37239914
  53.72812115  37.56421173  46.89785129  39.29937837  37.21112095
  68.58146664  37.38261465  44.32974775  26.19066511  49.8771616
  26.92186596  27.01494728  35.09189195  81.29675979  25.31900587
  42.57434272  24.90407358  53.41520834  29.1997771   44.3263431
  23.74702142  23.20164131  27.19426368  74.62769359  37.07936759
  30.59938221  43.18092079  20.29800514  21.14767631  19.73148652
  29.18177116  53.19569509  20.17556349  27.97336575  49.62626202
  20.89814082  59.21739561  33.62346281  48.52316616  21.91610375
  49.80121079  60.08369186  19.47121929  41.61818338  21.21283588
  33.01163063  43.53357524  54.96118471 113.27493816  45.50084018
  38.04474957  43.84218667  50.84526632  47.38789413  46.47037923
  72.41764851  20.14902832  29.1453764   19.98912947  80.0431867
  47.67021603  26.91122884  41.6015951   27.40518246  92.09842705
  63.5363137   22.75350008  40.01655056  47.3549552   38.57890188
  30.22771713  22.37598291  19.96916707  32.08354593  59.99663472
  30.07422539  58.19344038  20.4599832   47.87665224  30.38757089
  61.10692118  26.73341946  21.35622723  36.26568685  38.1678979
  83.70363353  30.89341767  27.59380033  40.16021361  69.74492945
  23.70030449  15.6907131   36.54427844  23.78252162  76.59055283
  28.15136744  34.48937355  24.04266346  39.38556891  40.09753106
  68.25621633  57.26936755  57.06731044  25.66964735  60.80263804
  23.4087343   32.89382059  23.80587249  37.26675823  52.17395894
  39.79686869  29.00433779  22.39854209  17.61716303  49.08462807
  25.28904748  34.94095192  59.89799259  57.38844257  55.29119121
  41.2566607   33.25656563  62.3532649   47.43293077  42.93007057
  31.38967578  38.3615966   26.40642997  35.05627759  76.45949224
  22.99745246  24.93151664  29.18646632  22.68555274  35.57770267
  62.0032832   48.74605178  33.31050602  56.73665859  69.27218868
  78.2981617   55.61088605  26.69631251  59.65769064  37.70180545
  48.93397458  62.81246627  47.5995138   28.46500523  55.32672807
  30.4506886   74.13032112  57.37435467  15.07410629  40.42755627
  35.37114368  27.8566072   89.69208916  56.09384587  95.80390078
  35.14247737  38.39318359  20.62611901  25.5348606   46.26492736
  28.500478    48.11760702  38.56444492  86.22871122  43.34341549
  35.23579157  26.49990627  55.45257548  86.64832734  23.87626332
  22.83455678  24.23829659  55.34555457  32.83189131  25.85690389
  28.65529941  34.26964225  25.75780518  20.40361502  25.50451995
  25.39078171  38.04673162  26.44806135  25.2133153   48.76344561
  39.20073726  42.61885132  31.05552862  36.33276006  71.97704797
  26.58198792 106.04286273  25.93488311  49.47316735  39.64470814
  28.02563342  74.95740856  59.64623433  58.21575439  35.91952016
  23.30248106  63.72735982  49.4012621   41.90545355  47.65124381
  24.99197053  60.57991499  21.49909778  60.45990048  51.42220655
  39.35533489  22.44049744  71.18023494  37.17978555  49.97793239
  47.26352153  48.8781794   61.21308467  61.37173105  22.30787937
  65.31151268  42.33027668  30.66085387  54.20137467  30.9051524
  31.08767266  43.05567562  68.26348556  31.80343111  39.0329946
 107.68612446  22.63888781  67.09270803  46.39984021  22.18792681
  74.55008958  46.85394197  38.44302935  60.56729787  30.73698339
  42.38194325  47.78311658  35.95643529  47.62630022  26.64181723
  56.68526966  50.76107495  23.03384843  73.76772126  31.81031955
  70.60359934  40.47704576  56.60165781  49.80840766  35.70279078
  54.09198467  28.37980627  63.70566735  36.45784611  27.71537983
  47.79978776  19.91607243  21.6805652   23.08352317  59.03285167
  45.72004528  52.41709757  60.61298533  20.16344635  34.96241287
  21.11958628  31.06328822  41.96207894  24.03260333  27.70383496
  55.95671018  27.47933177  51.81840851  58.47025235  57.57515055
  60.32371305  24.84536194  72.12325114  43.79588892  63.55881498
  32.6011689   40.73511839  70.47556116  27.7747292   36.70745351
  47.12275271  59.98784993  26.40117598  32.82108122  34.48515728
  30.75050638  31.70592886  33.49123778  38.20361877  27.10122111
  19.42928448  24.07245811  54.51248927  34.18304447  26.13422022
  26.51162384  23.45743267  21.83406447  30.55968755  55.69525604
  34.55150746  36.39564104  52.91159311  27.05506155  51.15323372
  37.51604553  23.48447326  60.8073512   31.81163783  31.39222699
  22.41182651  59.37747647  42.74631657  33.29326985  51.11260533
  26.07994105  68.30526993  37.76130579  32.46845079  30.98037777
  32.71249676  31.24465897 120.66699563  60.4632203   51.7530982
  46.23806512  31.4963486   45.97358928  28.12991221  65.81215382
  16.60522798  26.08557006  20.37833252  54.34897686  28.42258928
  46.76079838  24.99667238  28.69684247  41.08101649  50.78076551
 118.84417899  38.52865082  52.57370562  37.75479423  48.62266652
  35.10067129  31.16947675  41.99042076  46.70188264  23.30648587
  25.05157076  22.05395661  26.93736969  59.37214733  36.9366319
  22.78253191  22.16306119  35.32410846  27.76600831  33.49995724
  25.55787441  48.4605711   39.99892259  71.32785552  58.68486911
  49.12441581  59.06623463  49.37227979  20.97502382  49.28037743
  39.88989456  34.2941905   24.41073442  37.59248857  33.02886934
  25.56970559  39.95694075  33.4037496   80.37398832  18.30145325
  31.52053937  40.94132036  48.15188631  69.40817787  27.08951377
  42.24385352  27.62354807  21.02822099  15.43063267  23.97904222
  53.13097981  35.36203382  71.86639868  22.42054511  34.63514599
  51.76792127  30.0951068   37.51538124  21.54356544  47.58366468
  18.3107204   23.75583773]
Test abnormal scores: [75.84257511 15.74594477 37.27663683 ... 81.19673062 55.44812383
 35.52069064]
