Logging output to: /scratch/mgirishnair/MotionCLIP_experiment/results/multimodal/classwiseGaussian/contrastive/anomaly_results_multimodalClasswiseGaussian_random5.txt
Loaded embeddings:
Z_train_normal: (3030, 512)
Z_test_normal: (759, 512)
Z_test_abnormal: (52926, 512)
Normal classes in training: [30 34 35 53]
class 30: n=756
class 34: n=758
class 35: n=758
class 53: n=758

AUROC : 0.7597
PR-AUC: 0.9946
Threshold (95.0th percentile of train-normal scores): 26.4085

Confusion Matrix:
[[  199   560]
 [ 2086 50840]]

Classification Report:
              precision    recall  f1-score   support

      normal       0.09      0.26      0.13       759
    abnormal       0.99      0.96      0.97     52926

    accuracy                           0.95     53685
   macro avg       0.54      0.61      0.55     53685
weighted avg       0.98      0.95      0.96     53685

Train normal scores:  [21.39407231 21.09960673 16.74610259 ... 24.55603187 22.20328093
 18.89148398]
Test normal scores:   [ 31.21327914  89.70779595  43.97743034  31.49168208  22.93438272
  43.36418308  82.34725467  44.50724301  68.06996781 105.93572586
  23.38568446  43.65325598  54.4344793   54.68280209  55.76978171
  36.10834921  38.35111301  25.31828545  60.55046554  78.95434851
  69.40548347  30.36889651  84.9786978   22.24100509  84.32519541
  61.34483942  23.16990276  65.1551128   34.44178401  60.08413682
  42.7699276   31.0120239   19.83766679  53.04851407  84.16262196
  60.86826287  27.43594594  33.45787846  25.56260924  76.84883659
  70.28778302  38.76420132  29.84057537  23.58116268  76.79973821
  48.27798485  25.64433968  38.69672326  61.48620105  55.85760422
  17.4073706   56.38907606  72.58984231  48.55060258  46.93377779
  21.39775055  27.65516208  63.70813022  16.34420124  42.93041591
  60.25360868 111.92359998  19.5434605   13.01518489  33.16678708
  34.53751366  49.41059544  22.98775404  18.16618286  35.99577658
  53.13358761  64.74237567  46.13076463  24.03237126  16.02051738
  24.92812641  21.45196227  21.02422379  39.78408028  36.91079785
  69.56368096  56.22834658  25.10119371  57.04514114  58.42453476
  66.58038006  58.1118204   50.69017945  24.71931031  24.75660429
  36.78704893  60.73241558  58.47017188  77.66186413  26.94635842
  61.06377372  18.18953043  63.00776448  68.03214333  60.82801059
  23.43580375  25.50305076  47.51377178  23.06174845  44.21673211
  36.42116948  45.603886    46.85748353  20.27544056  92.47349929
  17.99360563  29.93117416  99.29747324  28.45327597  73.30381551
  61.42129853  17.26845458  61.25030424  55.85385491  52.28578255
  31.03549641  84.92611908  55.45302947  30.73339581  55.8229254
  44.33880518  24.76046908  84.41478542  38.77490659  24.62258801
  37.78470324  29.92476417  47.04616517  74.15245956  62.66482737
  22.955954    40.58772568  30.14597765  19.98031392  87.71685526
  32.55318267  20.56049018  64.41056709  52.71191237  63.6536058
  25.32569168  23.96865892  24.97565326  25.76016238  40.916624
  49.9214684   28.84827506  47.0153487   46.39099812  34.55431572
  22.1636925   15.28212134  24.74706706  83.22702243  27.49190936
  42.58561601  46.8029383   33.25998713  71.04760375  49.54276963
 112.4549589   36.03722572  21.73645298  15.92825631  27.76814973
  54.33105785  19.06833098  38.87525549  44.4019626   60.13582013
  28.66238054  94.07814567  44.65643749  78.35072981  22.27567435
  32.9105164   19.33443822  51.16647723  37.99592811  52.41849067
  14.12067574  28.14424908  26.77155638  31.3217174   20.60100113
  47.06623513  30.82574022  48.43382309  45.08670037  62.38185334
  76.11413066  41.92330437  66.20040382  55.77280647  44.30516794
  23.76555973  35.5567121   39.84241866  20.21105286  51.64629343
  23.05649942  44.58695655  75.17359703  16.22442587  34.30717087
  28.05706572  25.55230082  67.40078359  41.52963066  31.70927401
  54.22066651  35.91795143  19.3233599   30.63892059  32.4506909
  70.99889882  49.62905286  87.50284599  27.98388711  25.09659544
  33.05571794  41.97388734  29.22181846  34.09913471  40.43609988
  64.56958691  72.16257381  26.53449931  56.27205985  30.94150638
  55.78763711  80.57948435  43.39687303  18.64550785  36.25111789
  23.49900665  12.74901803  36.05218123  20.54551932  56.84592455
  49.52757441  18.84843934  65.11680348  33.12746836  54.81632094
  21.52928478  67.33538601  56.93377626  33.05501384  18.15615376
  14.71292525  19.37554721  64.26016694  41.73996281  73.06149525
  98.05026824  27.56351042  21.07079448  57.90591149  41.99569668
  67.38630593  37.57123172  49.19192064  69.16605588  31.51744639
  46.94070537  52.38849196  62.70513321  37.75965111  39.35494061
  27.5301087   20.43234079  16.11623289  31.39702223  34.07424906
  29.94066989  40.27482     28.17957466  37.19125475  59.96830791
  21.33102996  48.98908999  24.05023902  30.57149105  23.15448699
  81.79023046  25.73204773  60.8554887   51.59666058  29.9647121
  47.20762069  31.88200371  26.27425217  59.29122917  57.4018737
  38.98878338  22.02412092  27.13783444  43.23163583  61.91271172
  39.83791115  16.51380954  25.31204503  28.07707405  28.75762821
  37.10288586  85.07330332  74.74747383  49.6919328   19.40945446
  54.05405577  36.65665422  57.82037052  51.77173946  19.30254281
  55.34186818  23.42594263  15.84418096  25.87811307  28.07660571
  63.93412152  41.51089249  55.4280915   64.18809578  60.20853847
  82.00130357  15.83939302  22.84466902  30.99342415  39.46113076
  79.45280077  18.48317487  23.76161529  91.33331053  19.00570741
  35.23464747  91.24374664  64.52271056  84.1061071   18.62689273
  77.05138765  22.36496226  23.64871508  45.14471994  42.12878874
  28.80792276  25.63606093  58.97910111  25.4909977   65.45200628
  52.02488115  19.74165196  29.90315655  42.6947079   26.38241781
  24.44588157  44.3745417   37.03188414  23.44489954  44.08475542
  25.44302937 116.81208553  28.45519762  29.48635396  48.84981174
  72.93486693  42.78021516  48.95412595  34.83239683  32.7110399
  35.7492729   51.83141804  21.21799374  63.23753894  37.96791311
  42.87192809  21.73188467  42.9613854   66.75103023  81.45450847
  57.89224841  53.81293098  76.79305974  26.01711858  15.88482181
  64.20669345  24.57863063  73.54211151  60.03334148  25.92505329
  35.19427391  33.13785021  34.09119516  40.54246975  33.20640404
  37.89086588  31.36837231  33.78165103  33.6856049   69.55554416
  34.11733492  20.82317237  31.06397225  66.67780721  29.43629571
  23.33333578  20.02943356  80.60741136  26.4286675   28.152256
  39.00480817  30.02713839  30.11391406  39.68878252  51.30451146
  10.91876962  34.15078424  38.20864967  40.82973409  22.73212312
  32.3544258   31.33944134  29.73006365  66.47380719  68.81947436
  24.46532798  36.36592689  51.74306618  49.18713492  70.72594532
  20.92806264  41.91130639  46.85899204  44.89087358  28.07783344
  75.16704675  25.7804726   44.57107168  62.05794759  30.22668857
  25.98594193  24.73970706  43.91852755  38.76051718  25.34035367
  12.02591897  98.91778205 111.19899202  49.8846823   14.18793214
  37.49462298  88.28652819  16.5787853   29.49423743  49.85008135
  19.42357382  61.05414853  30.36254651  36.57745429  47.953156
  34.59065357  21.01186471  61.16281702  27.34287374  32.05078421
  18.52725521  25.99375945  47.67871081  73.458739    78.58716905
  52.41961292  56.61640713  37.17699894  28.53914362  93.74647175
  50.17650534  28.46615994  57.63500339  66.93307639  68.62623685
  33.06968692  30.22643402  23.16188216  58.63389195  28.48087488
  25.79491431  37.08618228  49.99882101  40.9961669   14.93549601
  36.1303247   16.36026948  44.95776446  23.78257041  24.76592773
  25.05926823  21.96564895  17.84039277  25.65344957  81.41194023
  30.78636836  17.30212335  69.15623777 155.24777399  26.77411172
  29.97859766  29.54464612  43.92931632  35.9410304   26.36310482
  55.17349999  26.95470808  32.01809711  24.97416063  81.1400704
  23.88652079  37.07852809  46.6834018   57.81861783  35.67166465
  34.64796857  16.33992281  82.66964767  51.57986109  39.73050502
  31.25637852  29.24795859  20.81091684  34.86636171  20.93696731
  47.74256367  27.32381839  44.87050891  15.25762708  16.00744794
  25.70889887 110.59832787  71.09900554  28.29490848  12.50061576
 104.9209602   15.35189237  24.45115986  36.58079143  41.84820764
  17.65105632  50.19807583  71.56197542  18.60145346  13.77995061
  59.78392684  29.25287769  27.14938764  39.34770094  58.50215117
  18.55368413  23.6375521   42.37038762  74.78108373  32.52378174
  40.60349858  22.11791393 152.92533767  31.87807301  31.17044395
  12.80123646  40.19075857  30.83892673  40.24334107  53.163753
  49.78480795  23.36605503  38.87571863  22.49768053  54.38215156
  40.27790142  43.49861849  42.11411495  30.61750723  27.85898259
  91.44414712  33.83259388  22.5831164   24.5930616   46.40358203
  34.96315519  21.34487373  27.16590294  83.61371149  27.51455773
  37.4516126   24.56655029  18.61003198  54.47254177 120.29349087
  37.27036113  36.85188383  66.54276892  50.15878267  39.23484274
  36.59077805  40.85196395  44.64444382  21.80198375  37.48039703
  35.49010758  17.9334657   38.86868881  50.67822074  32.95054814
  21.58114848  30.86433276  65.54929499  36.2604292   15.82112783
  20.53336137  24.21169846  21.72615908  44.9362166   39.3419488
  16.33236557  40.35844165  17.71566101  59.82258114  25.80094532
  37.33709957  58.09737418  22.81868412  28.32359207  37.22514884
  51.93705713  61.84575772  31.07031054  41.74653946  49.08334378
  26.81411562  76.96228847  42.07053706  40.32669785  58.81945134
  64.60075139  23.17360045  36.45545703  52.93560307  77.77954361
  47.52617799  36.27368487  72.26786367  38.36264414  20.31711829
  28.55910084  34.60931976  19.43352108  29.25325016  44.77349676
  41.84009309  37.92128152  25.15625121  43.70129322  24.65721714
  62.27857656  14.30756232  72.18941544  81.06151877  33.88655834
  57.73490674  23.32198491  32.28793143  18.54651078  34.52070363
  21.63078531  52.38952518  33.46066311  34.5071985   89.70026124
  19.95672054  15.7623724   24.65341007  28.35433664  57.22693199
  17.94932726  36.602719    67.74515861  30.86681735  18.79120427
  71.97945302  81.20916504  29.8661099   35.7048611   62.55174623
  41.21726912  51.71967269  47.97773575  33.90835573  52.54419034
  34.53198813  89.76833233  52.82929922  83.53537889  56.10496238
  42.40345239  35.88233562  60.0960934   32.20217332  47.1788435
  24.5844754   39.28030944  52.75354402  21.2557629   25.94176741
  46.13865589  53.36659892  25.54627486  47.65634001  39.96850568
  60.80549228  55.22121865  52.68189533  54.58622011  30.52365925
  25.50433713  72.86405556  23.82939585  18.96855127  39.90954483
  25.51266633  18.83840044  71.02505934  17.08123722  23.89238698
  29.655422    26.24016662  29.92364568  44.19811755  62.65780155
  70.62362181  52.72780311  53.27421122  38.06701788  14.13809446
  55.81201297  30.63893205  56.11462462  25.82152606  24.01543072
  21.14176939 105.34902876  47.4776893   77.91484715  67.36371059
  40.50063992  31.63636584  30.42511069  54.01037299]
Test abnormal scores: [85.07387556 15.22549105 58.99873529 ... 93.47185611 61.41171623
 37.65136927]
