Logging output to: /scratch/mgirishnair/MotionCLIP_experiment/results/multimodal/classwiseGaussian/contrastive/anomaly_results_multimodalClasswiseGaussian_arms.txt
Loaded embeddings:
Z_train_normal: (3031, 512)
Z_test_normal: (760, 512)
Z_test_abnormal: (52924, 512)
Normal classes in training: [32 39 40 41]
class 32: n=757
class 39: n=758
class 40: n=758
class 41: n=758

AUROC : 0.8088
PR-AUC: 0.9960
Threshold (95.0th percentile of train-normal scores): 26.5360

Confusion Matrix:
[[  215   545]
 [ 1451 51473]]

Classification Report:
              precision    recall  f1-score   support

      normal       0.13      0.28      0.18       760
    abnormal       0.99      0.97      0.98     52924

    accuracy                           0.96     53684
   macro avg       0.56      0.63      0.58     53684
weighted avg       0.98      0.96      0.97     53684

Train normal scores:  [15.82615374 17.28527351 24.8650911  ... 18.69872456 20.74844693
 25.77968766]
Test normal scores:   [ 30.14059137  51.18361552  52.27982895  63.89027835  24.94248758
  52.97527435  31.97156244  95.70110621  13.74228208  24.27016081
  54.74110389  25.35736275  42.49164574  70.69767136  41.55232081
  61.95654896  16.27945491  29.783007    20.7819982   47.22789169
  30.28461756  25.00617145  62.59905385  59.13476551  39.29085186
  54.8530735   21.61763337  36.02667786  29.67816086  27.67078537
  33.48486143  74.89466684  30.41063441  57.73855353  31.77133549
  35.73179057  62.96435189  21.31631871  18.5797751   57.88854674
  16.74995563  81.23729475  22.24696153  80.00385302  49.22787065
  24.61414589  24.55170739  37.05150416  61.74440282  44.76955928
  24.25320259  26.82279341  16.9808281   17.63471599  47.99317311
  18.60395613  64.24337205  21.67769457  32.6746655   42.40780346
  21.56303965  34.7773412   86.15205866  15.38733245  50.7757545
  39.62148107  35.803765    94.93605048  35.36715569  26.42313024
  55.75601361  76.18892106  19.29369427  38.07477637  13.87374249
  78.15826756  39.9111262   19.56764212  22.99308078  22.21852847
  82.59316915 109.24694967  59.83831138  92.98829029  43.81707545
  18.27723715  56.40222282  47.28108066  53.42591423  40.92217793
  18.73986768  15.84161323  70.97627575  59.23477745  21.74705352
  31.60433452  25.8683742   47.09032048  18.59260154 105.48452463
  64.79196999  36.18454463  29.49697875  51.09642935  21.47607977
  21.39061245  24.84681718  44.15333364  36.72333955  57.20016308
  60.00385916  46.05385571  59.44581054  31.65120416  32.44285153
  59.44589784  45.11444536  32.11417613  44.94112265  66.33760571
  39.37754996  25.48611912  42.6155151   25.75016802  44.14241709
  50.66107505  73.40029654  18.55245393  23.71518463  32.74999896
  78.48919661  49.8179714   32.69192892  60.6292011   30.34842175
  48.6127027   43.94064573  70.45508048  25.03802385 107.17336378
  39.80606266  25.27206019  23.00923786  22.9101277   38.57657665
  35.67175363  17.60017492  21.00215916  37.05637652  48.63886166
  37.64530694  51.92037433  17.59709845  41.34802084  52.02596099
  44.2218783   18.30545554  57.10684529  44.9298064   25.24256191
  32.10874003  46.69146133  44.39353605  35.91300621  36.32478125
  59.62604096  46.96451062  24.46779835  16.04479825  20.35223431
  20.37808912  59.22663123  46.77274579  24.35072281  20.56406973
  36.5989241   40.23548829  30.88781604  30.19399853  58.1062302
  24.10630786  40.84287321  26.74095333  49.01819312  60.95394882
  46.79826616  73.67336139  54.58325009  38.02011797  59.74041197
  69.01386251  20.39045921  69.9655212   58.36611774  30.56151507
  70.46813343  36.37203053  43.84791447  27.26595578  32.00811238
  54.20594579  73.1964234   70.00914188  29.08648605  57.33872018
  24.54258808  49.10210313  26.86911076  28.65041458  43.02000426
  43.63437262  36.99978311  32.91898377  49.27994702  78.2980167
  23.05160785  77.25724792  38.84267268  25.07994643  63.87477525
  36.59999647  14.68382185  19.58834138  97.51582852  16.84431341
  68.81176319  26.0112393   51.81527076  66.30128338  37.53738487
  37.49098841  27.81492705  53.91015838  21.72321991  71.85418028
  53.28615609  41.80954864  14.22068752  28.15005419  42.62275615
  39.66877424  23.03868108  43.07935272  83.84524199  76.9837602
  34.05740152  17.25528479  69.82173288  79.34125757  11.97554675
  69.82262178  31.86391986  32.29203467  86.80314105  66.70388086
  51.10710236  27.34947284  30.94962985  96.51924995  31.89990043
  65.11849364  34.34688095  32.15674666  41.55460934  24.69892928
  63.90227817  27.57305574  36.46169726  52.69515905  73.19479205
  21.67396758  32.64023491  23.67709833  60.97773433  85.8764887
  51.22166688  78.93232273  43.88777113  37.87983728  27.00012454
  38.51156859  16.44771144  18.06994766  28.10701676  60.80985902
  26.22652864  58.47990773  45.26191168  24.28465812  29.66530996
  28.03670668  25.5447429   38.03641643  28.76460245  44.19083393
  37.59656947  37.01554148  47.72869897  84.74701397  42.01369643
  93.92978174  36.20439909  42.38774069  39.50881789  48.58668845
  28.78626689  21.14154405  31.83337969  23.83706498  64.86675752
  81.13669471  14.47785595 122.00211031  57.6124521   28.16463957
  68.06597971  34.16858728  72.70507853  23.35149001  51.00369725
  48.18669048  27.73016197  73.26633599  20.04486831  52.79327685
  36.37679147  25.74408278  16.28740641  66.03650395  32.68486176
  64.45815528  52.79748455  16.75565448  16.74930111 115.65651721
  21.5775735   15.11160698  41.20553505  26.65052155  69.40713063
  34.2778068   18.73637781  31.72218474  21.52689972  63.37481462
  31.81969538  56.39831515  47.55799832  28.59680633  58.34638521
  53.98007248  39.29498468  22.1083787   27.38060458  38.54030049
  65.31429099  62.9669668   29.92142126  52.45220646  54.84550954
  41.27082824  50.22658138  36.48144619  19.43413312  13.04910617
  47.02191406  55.18645828  23.30420169  32.33383888  31.9187681
  42.16426703  57.18785708  92.32983801  48.94660909  47.85457256
  33.72130647  17.10993562  77.07524247  52.28493493  59.87646942
  60.78774783  31.35468357  18.49465522  31.85324194  21.83293647
  50.30870373  25.1324197   35.73569586  60.99406835  57.12722426
  56.81413481  14.42114344  38.61457715 128.17731744  54.7585606
  49.59909416  30.49858543  40.99604513  39.97377676  24.71391832
  40.66710689  74.88603842  17.87349639  23.75474874  24.5539215
  42.01874135  44.12855507  40.88065266  18.17677892  38.97635277
  46.37965208  41.16752735  36.89564767  51.21190306  30.94008687
  24.88709842  49.10774654  77.28673046  91.31704038  46.3174532
  49.72005272  72.40624487  17.66912102  65.47548783  21.13811263
  30.38580703  34.99558206  42.17014135  14.67239977  30.52377448
  18.59901355  44.82452931  36.68401799 103.38659125  51.34707208
  22.48862704  20.46221357  90.25807582  38.35290094  56.72270676
  42.78790314  22.6175773   25.28360307  24.65925439  30.00633302
  20.81785897  27.64921468  41.70024025  14.9398502   81.11417426
  20.38445414  47.41855163  94.87544742  23.95582335  58.95031288
  95.95892362  20.26614195  16.68583487  43.31375896  27.99600912
  42.42837285  93.62759685  18.79873568  41.46183399  54.52463571
  31.40184797  25.21202175  46.58562259  21.22313841  39.54566692
  81.8119724   21.40511358  34.17596054  44.28445195  36.95220214
  54.36035031  34.04843617  18.04810725  20.60025091  44.10250296
  58.22331917  29.55172675  26.42991238  30.96558157  68.19848408
  22.66258562  71.25714006  32.02692245  27.65985476  25.1150831
  28.11383756  18.45795065  14.79981202  84.87600131  26.44562315
  28.49340234  23.69979119  49.30467311  61.68037708  36.11314119
  58.02434782  42.39691145  51.01097863  44.92815692  61.13786409
  60.96372314  44.91341401  23.24804401 103.98491717  76.65152939
  44.41508582  50.44211892  20.44554006  33.58974988  36.92084163
  67.97080085  21.52584865  70.73499015  15.79771646  32.92213173
  46.44615078  80.35064014  28.41989579  21.33018333  21.51622751
  16.90442685  17.77329234  31.5893913   29.00091103  36.15603545
  30.29246751  44.71172142  21.70409277  48.80209861  35.86166066
  56.96499293  32.46746637  58.32237     48.06608278 100.55616478
  41.26693297  15.62676191  36.66691701  62.86941903  52.533065
  67.40033425  68.66727404  31.17274303  38.98825119  23.80841443
  68.37144907  25.55688877  19.92692347  21.51389351  15.93767974
  25.5588959   27.91645026  37.27741841  32.86697146  28.0647166
  11.98724515  36.80923681  57.63021248  36.05129323  21.95761474
  73.17266456  44.90793606  23.09139151  83.01760603  35.504242
  60.58538689  30.72094107  70.85087856  78.87824009  81.17405022
  20.26985794  34.93847476  24.43012092  26.5880607   49.91722178
  25.5945756   24.9084739   23.44394596  21.27104865  42.15046637
  23.18414761  36.5969788   43.33380232  34.94170395  17.46536576
  20.4700325   28.78830603  28.76511586  20.23815971  35.97368946
  13.37095952  29.45414021  35.67832932  91.65038486  94.09042052
  20.03751879  26.04193922  16.248777    64.88029837  22.13574842
  19.15811485  72.18795566  22.05024055  55.74193668  53.74788031
  23.26710192  23.42219119  34.5909929   18.6150608   24.92997046
  79.02696379  20.40894919  82.59073905  90.01711246  16.46504913
  37.99669932  66.53336861  21.84676046  38.17137721  24.78877342
  93.34886741  65.19668843  28.66211362  27.58076578  32.21797895
  14.38332221  23.81879224  63.2071112   51.69345572  42.35946711
  54.77109335  25.45571764  63.3101635   40.49700954  60.90637776
  49.19245917  28.15550597  90.39665979  18.53195561  37.18472597
  38.91058036  41.00039869  50.95525311  19.11247588  50.38891681
  21.9973203   21.99054757  33.35721639  83.1120067   33.46129862
  23.75874895  18.62231508  21.66299367  54.48863424 116.70809074
  31.1593564   31.96886046  34.73495059  30.42898565  43.58572046
  78.46548337  97.41906267  22.3093036   50.95882669  51.11638916
  36.39987236  20.57970542  53.19449233  50.95500436  51.15501852
  44.17916551  47.1009746   65.36020572  43.23844684  41.0269581
  16.4865141   31.77820399  42.81493254  18.39901801  25.19063764
  21.66230346  39.24195985  48.98457908  32.0592261   53.28984306
  23.54739508  36.80448913  39.76551388  19.56173049  46.9677824
  52.24856681  25.50788463  34.48861564  78.58027235  56.1856285
  23.23705436  20.71875771  26.02099712  70.61520806  91.98510775
  61.0329386   30.83150674  56.57681098  13.81516968  15.42319118
  31.62463395  22.5884128   23.20739472  88.91433449  77.78051349
  27.21843958  19.330032    94.35749313  44.21784118  40.88888218
  55.90238241  29.3021737   26.30875706  20.92799987  21.45667978
  37.84105806  18.79306932  18.40363155  37.30003494  20.55392201
  23.63131439  80.48139255  13.13457206  41.18212885  31.55009152
  25.84492108  68.13544296  59.72605235  96.25664186  80.76263565
  70.30218265  95.51470259  23.39293574  35.16922061  73.41095209
  20.74249457  26.84378969  28.06391924  69.16741147  46.55661798
  37.03482474  70.71514768  72.37475474  95.64623762  61.43778378
  30.15241848  49.03065524  62.00188119  46.00779186  39.66814435]
Test abnormal scores: [ 73.55713017  60.24354898  49.03275041 ... 100.08444237  66.48959137
  98.1944779 ]
