Logging output to: /scratch/mgirishnair/MotionCLIP_experiment/results/multimodal/classwiseGaussian/contrastive/anomaly_results_multimodalClasswiseGaussian_random1.txt
Loaded embeddings:
Z_train_normal: (3024, 512)
Z_test_normal: (759, 512)
Z_test_abnormal: (52932, 512)
Normal classes in training: [ 4 32 36 39]
class 4: n=752
class 32: n=757
class 36: n=757
class 39: n=758

AUROC : 0.7908
PR-AUC: 0.9958
Threshold (95.0th percentile of train-normal scores): 26.6120

Confusion Matrix:
[[  218   541]
 [ 1932 51000]]

Classification Report:
              precision    recall  f1-score   support

      normal       0.10      0.29      0.15       759
    abnormal       0.99      0.96      0.98     52932

    accuracy                           0.95     53691
   macro avg       0.55      0.63      0.56     53691
weighted avg       0.98      0.95      0.96     53691

Train normal scores:  [22.43724804 18.48210705 23.82509295 ... 21.66267354 21.32882814
  9.86842111]
Test normal scores:   [ 65.72206322  48.757303   102.59403755  20.04379704  26.9655938
  85.89661437  21.69694771  35.47910316  13.13330455  19.30873503
  35.89422702  63.30648346  48.29387561  13.17287935  40.62670221
  36.74197101  25.65465748  62.60659144  71.68872854  53.82788381
  22.87732268  15.17034285  44.76836393  38.08966867  33.75734124
  61.02716547  46.25881708  93.19882746  32.11223997  84.15810359
  50.45632066  22.95586642  37.46057825  15.45550464  90.93216869
  74.7083325   47.04000068  65.14007866  73.565134    29.74509657
  18.06543507  33.42984551  31.51241722  87.61844416  87.42534757
  18.55353952  54.6288656   21.59573638  53.1592167   37.5059365
  40.42899411  34.28808612  25.37033714  30.94420188  52.28297398
  21.02073854  32.77274298  18.66400026  52.97994402  16.01741483
  13.77071941  31.70781068  20.09026126  47.0280264   29.80131265
  80.31072098  55.20378445  26.08176631  46.7326227   30.87660737
  65.60818457  27.92826542  62.28810632  35.50786265  31.16864725
  36.6701374   37.4801406   61.04445113  85.38293129  80.65370622
  72.73139828  66.48486946  19.14142017  70.19409943  80.82958182
  58.07112998  24.97929894  89.33588618  28.51616037  26.46416102
  21.45670763  19.0523017   73.73856452 103.12689608  58.19097251
  71.20950425  21.69200795  39.59106977  20.16096232  23.85689337
  62.19372487  94.44291254  38.39305016  39.65444017  32.36492179
  24.40173724  91.46602658  84.6460303   20.78873812 149.98462009
  23.05881278  81.65222455  70.6609882   70.64963441  64.18546022
  53.77224505  19.43285476  48.00934492  23.74767656  48.09002416
  30.68946177  41.31553803  30.49418295 164.72469402  21.69945609
  14.19950279  49.43048544  61.1531833   23.24378016  23.13345441
  92.12255841  31.03257909  32.09184457  18.97739242  17.69060111
  15.43195904  34.60848901 123.72906284  18.08501888  92.14885987
  82.49616679  27.1540467   19.90502723  63.6198431   34.43089079
  19.66607615 118.65698284  30.38849926 102.6942097   58.14374638
  72.73377984  43.86448964  53.56218436  33.87413843  57.66626531
  19.449895    51.85346006  29.82054577  28.61203121  65.17416054
  98.9580548   40.80258724  20.08579835  78.80379834  30.17838479
  94.15400216  72.33308034  16.06255452  69.46478013  89.91240084
  69.72058087  27.20257299  21.76355125  69.05352363  34.70707913
  27.75982792  71.91449053  75.71080389  34.28058391  25.7090161
  21.86171902  35.75934033  20.60666917  43.91070465  24.26777737
  90.06327239  27.47924898 108.66271977  44.21671028  16.54981312
  56.48602024  21.80260762  74.63700395  16.34789698  68.69735238
  33.90189145  29.39409191  24.90855026  25.47876449  37.18914395
  32.56138996  28.34334439  85.88999127  48.81060388  23.98519157
  24.36468686  52.70386628  74.18039262  40.23263602  44.48932666
  14.88404385  73.11678219  33.9741664   20.82205701  63.1357884
  26.69241153  44.57936911  39.48414008  21.73001976  97.12241218
  32.28386542  18.68357976  71.26475641  20.19130829  30.37143086
 104.55799902  17.83583177  25.40603921  39.52092795  83.73524958
  32.37113726  29.36856902  18.81917298  27.62182677  79.72906334
  36.02047255  68.29505165  34.1214186   27.29122848  73.24984733
  24.3662101   24.97837816  27.58843646  21.05088919  51.78194174
  77.85817685  28.67103961  49.92284534  24.33492849  45.85068993
  47.5976153   17.70572546  28.77398979  14.91103388  23.52111606
  80.41923398  40.05986806  35.63695455  21.80229686  70.86853239
  34.29378761  58.65605191  21.9410712   30.26896428  23.95545306
  20.7117688   32.39446142  26.35052006  30.31535614  35.85902199
  22.30364726 100.35496682  46.0572063   13.77812409  25.32933416
  14.60639026  23.49877574  43.6512092   24.1329195   57.88363016
  71.24910357  29.07836584  68.58624554  66.97573254  31.7818214
  17.83608076  38.90932123  38.16829218  50.00523812  31.02359558
  94.74558841  61.9677698   21.30201307  15.64281822  20.72670091
  23.46359358  28.16770742  27.320133    25.87103143  25.56554315
  34.05679593 101.05406195  41.14693606  19.76997892  24.43269836
  39.88611441  30.03749144  58.0018893   40.29989501  20.58500863
  38.84381683 106.44822441  40.90684058  62.48962391  85.64755546
  35.47973925  46.18023708  14.10962944  74.78499449  33.998683
  33.14069237  89.19175707  34.96430104  72.75325284  22.11598742
  37.21313022  44.37083167  29.04529135  37.76704895  96.56517949
  16.51090841  24.43152156  21.7446099   38.95141628 114.88720704
  58.62307943  21.99442001  73.1359423   72.41594805  20.62270035
  21.49618276  71.40981564  27.3987425   54.12676338  15.2697033
  64.07264753  64.9053213   67.22170885  19.11831039  66.7652847
  16.38914207  58.70901751  23.08602668  19.22362948  80.28249358
  81.60909521  67.28617019  42.04912654  56.20467077  28.23474971
  94.96433437  28.37158947  42.53904715  55.63196091  94.77140682
  38.81401139  50.72438452  44.14800878  51.8374385   44.22918236
  55.9024094   12.40512937  23.83968821  17.42951875  95.14955259
  97.23329826  15.39150506  28.85280128  35.57569292  20.05289132
  54.52736678  74.07178607  46.4635101   86.72688277  28.03241616
  55.83753391  32.09755555  32.3103798   42.21313706  23.48811223
  93.85360915  55.63856808  80.20275775  41.62760886  14.93328736
  35.72230796  24.02620405  15.99512942  30.66156637  20.68459047
  22.22891749  98.8684005   60.70566887  30.52350245  63.80249383
  62.69816465  23.46734473  30.42260009  60.69863117  31.56250892
  17.9295792   38.30311935  37.34001372  79.74670907  27.24656365
  42.95285436  74.77826236  40.31158882  11.6945539   38.27100296
  33.32051567  43.50989026  71.82793318  38.99997231  23.00249378
  25.56728873  17.95291957  57.68741631  60.80472034  39.16203948
  52.82337802  32.04658592  24.27928539  31.00331925  33.80294794
  51.62980951  21.47753906  43.3503183   58.7480192   67.97000441
  28.75300265  62.76207754  34.88842537  42.64381036  49.83323136
  42.97827455  92.07471619  90.75355029  75.45839025  26.02375601
  77.50544842  19.80551721  30.87931323  23.86645063  72.40199696
  36.66063225  39.01506044  17.19270074  21.00507678  95.93793195
  28.65613112  16.13332271  47.97602089  47.20919467  19.05246576
  53.46122804  25.01883255  24.210471    39.36560607  73.20080904
  75.17152501  31.20464975  46.33949331  79.07633774  18.8519293
  25.40116242  24.15042358  26.52295562  23.93967029  55.02733157
  16.0239192   45.27320738  32.05802037  51.09780866  32.3149646
  31.00571304  85.57243475  31.36274029  18.6195139   35.17228082
  47.09003289  83.06602382  31.50408135  50.84033304  15.80372091
  52.13223554  34.85364898  45.47030231  98.46053289  31.56927453
  32.83569081  48.53154504  30.6722053   83.43371266  49.82914703
  83.14750219  45.14124028  26.94320377  14.19329206  35.13548538
  21.50344845  36.04746917  48.83963999  23.26949029  28.71369809
  33.52319782  24.86364367  53.61285827  30.20282865  90.43112594
  54.53984291  37.75856412  47.11444886  16.24031192  47.12775712
  98.14943428  91.16466513  38.07470365  32.3555463   67.82731296
 108.66969204  47.71491885  21.62991998  34.68084238  35.10012596
  32.30789441  17.58338044  21.15333385  29.69531532  52.01265408
  32.97785789  14.4416847   18.85207009  26.93028448  17.20772113
  64.6510969   40.23750628  23.3231603   78.069043    84.27333783
  22.45018869  59.84977491  53.51615078  64.02136187  21.63651125
  15.68610753  19.08878747  49.65400913  28.23231319  50.20303375
  26.15951396  12.43751285  20.83714502  31.64270605  34.75559445
  20.56882307  18.22343274  53.1100885   47.98005545  38.85375833
  34.9948945   11.28078493  54.66857751  44.55605553  56.21930003
  64.54040757  48.09325     77.26385635  26.67609407  23.38944632
  25.75807691  31.67649825  32.03493139  42.14265853  61.93088105
  43.37890282  33.45960128  73.13017382  37.47803419 119.65107477
 100.84044419  44.19717417  39.74802446  34.54959227  23.54354735
  21.68424766  37.03153537  21.3119143   51.92751874  44.52877032
  38.78801081  88.33444994  56.59988119  23.84593769  29.70995715
  20.49062237  27.10568756  30.34161392 102.69617516  15.11437574
  26.20920351  52.7691555   23.06855315  68.53073539 122.96689178
  51.70025393  54.59537922  28.14487206  75.37892125  62.19926145
  26.39237229  61.5664984   22.75156113  35.25101983  50.07173542
  74.45958406  40.76756978  20.35875063  24.52982415  28.87611892
  15.65884878  26.25780461  56.65011166  56.5979408   45.80035402
  23.75084773  46.15900157  58.26172157  42.37089472  25.31572174
  89.08523643 118.22381804  31.77387811  87.27135038  25.50862544
  24.25485483  63.42292573  21.38095634  63.8556299   63.14998103
  33.47433349  28.28303883  36.45128744  37.94490792  19.33902521
  60.26287471  37.37973993  27.62304101  48.32981621  35.33093953
  54.41135162  43.91034     16.87232231  19.50939564  18.49287956
  57.97165779  75.65970338  16.28791506  89.04756157  26.91101538
  17.7258376   22.7570452   26.03768084  20.29473212 108.79457325
  91.44136452  25.48887236  39.7210266   91.80453003  41.15143294
  38.45868887  71.23285667  43.39590174 111.93136753  38.25641351
  27.18507762  62.76891326  65.88159269  68.89694361  22.59493289
  74.88027491  52.44640272  62.98784271  37.22812492  25.80732621
  37.9021775   33.27005405  77.57426149  16.16083819  75.56450778
  64.03871492  35.25279943  23.47884282  83.73333261  58.15449326
  27.66365384  50.82340619  64.81942979  19.36757941  65.23619022
  29.60137393 110.86009943  53.62248118 105.71290591  25.67895123
  41.10002198  67.30282462  90.43855915  15.55517358  16.62722471
  25.03004187  50.6167014   22.73497773  15.52393524  61.08263576
  34.37836283  12.82749309 127.65512906  29.57213765  19.98678539
  35.95277641  23.13260277  27.34476314  17.63113344  55.76714099
  58.4457627   42.63970996  15.10294684  37.21034871  47.0880877
  13.6412923   28.99241475  72.23882021  20.93993919  45.93041554
  22.00811028  82.03304034  23.9700958   18.20129533  72.45606257
  57.316632    82.233876    63.3558761   25.27992464  36.65726157
  36.93534444  37.25878965  29.79688408  43.96581957]
Test abnormal scores: [ 70.88789834  16.54212318  63.80416909 ... 104.0208676   75.55292011
  48.26637756]
