Logging output to: /scratch/mgirishnair/MotionCLIP_experiment/results/multimodal/classwiseGaussian/contrastive/anomaly_results_multimodalClasswiseGaussian_waving.txt
Loaded embeddings:
Z_train_normal: (3022, 512)
Z_test_normal: (758, 512)
Z_test_abnormal: (52935, 512)
Normal classes in training: [11 24 32 39]
class 11: n=750
class 24: n=757
class 32: n=757
class 39: n=758

AUROC : 0.7391
PR-AUC: 0.9938
Threshold (95.0th percentile of train-normal scores): 26.3771

Confusion Matrix:
[[  169   589]
 [ 1828 51107]]

Classification Report:
              precision    recall  f1-score   support

      normal       0.08      0.22      0.12       758
    abnormal       0.99      0.97      0.98     52935

    accuracy                           0.95     53693
   macro avg       0.54      0.59      0.55     53693
weighted avg       0.98      0.95      0.96     53693

Train normal scores:  [23.16554269 24.75852465 22.60117283 ... 18.94237822 24.31854503
 14.64685843]
Test normal scores:   [ 38.84373548  20.46841197  85.38897291  20.04381836  27.95442672
  44.65024779  21.69697853  52.44982366  42.53128193  19.30868361
  44.51702045  71.47119667  34.48115561  31.79737016  31.86520102
  31.00098594  18.88208524  29.20475572  46.05579263  62.71723182
  26.95379555  71.1127795   37.87999878  84.1902624   52.36176965
  33.76351556  39.50525021  88.49292061  31.43282043  37.25866965
  84.25752707  17.15727414  47.32287524  29.43274883  31.78199598
  75.56450974  25.03868585  51.00498867  87.7520854   29.65405965
  85.83283003  17.85388389  36.03253338  67.91030456  34.15300436
  34.64219805  24.88194849  50.93153735  21.32863053  37.5059421
  29.15553735  48.58705578  24.99622995  35.85582043  39.77788748
  21.0207066   25.78635913  18.6639642   27.71095397  50.63993263
  57.0941781   96.32721859  32.45686516  29.60136609  29.80119264
  18.44640398  63.59567346  80.48163176  39.06226761  16.41119219
  34.26149116  27.92834099  62.28791303  47.04263665  57.44317626
  36.67021368  12.4374953   47.73964318  25.51030075  78.52200982
  70.71734139  62.36592899  20.14332863  36.8439588   54.43116939
  36.35643972  79.42556399  54.49169378  43.76236249  23.97182554
  20.34510626  46.01007246  27.99373157  28.51274769  58.19109262
  62.40400521  45.24487582  39.59115117  38.39414083  23.85696972
  50.71814338  51.58063502  65.97537832  26.32524357  32.36487087
  24.4017841   31.37993405  46.4056063   20.78881108  42.60626374
  41.8915913   36.41513515  26.20935988  35.46654857  26.83864128
  50.30060583  28.79675985  34.84194479 100.26380974  52.72148709
  54.64386737  41.31557832  65.80594539  21.90975164  23.95599665
  30.8357866   32.44894051  22.375494    38.11962624  24.73429627
  38.607612    31.03265061  60.30113716  18.69554793  22.37891496
  39.2609545   18.14810544  31.23069647  18.08507965  25.64055066
  83.7673748   56.2696393  100.66487221  75.43114221  21.96347928
  23.36519877  28.13352304  34.02764032  89.95859419  20.67243724
  58.32685783  50.08314143  64.45436367  31.73028927  84.68774331
  80.34790756  37.22528869  22.98008292  36.31253816  44.25915866
  98.95788652  40.8024324   20.08576379  23.76742335  72.20323261
  70.24253971  65.02298251  41.52294321  23.27174736  38.67046354
  37.3751147   27.15724426  21.14769216  43.80232139  61.13289066
  43.12554657 108.36393562  75.71065257  71.82094028  23.64809131
  48.4448976   49.17652652  52.76711445  42.34393101  19.48245074
  78.68718609  30.4567643   82.54194389  43.83492565  73.69394407
  65.73981608  32.6214798   23.87050974  26.81341808  59.53047855
  18.82658601  29.39397119  88.01444624  42.46210566  32.3856414
  74.70814771  28.4862935   88.65162638  25.22237591  21.08853224
  24.36459377  52.70390615 104.14328192  35.87313426  21.50175262
  50.55228501  51.75812407  71.66321253  59.79498543  33.75982791
  48.3071369   62.85188751  72.33843656  53.55396468  48.77707236
  26.27687022  27.56632286  20.91483333  20.19128542  78.59920036
  16.59709389  54.88356404  35.28905642  39.52091884  21.47468575
  25.31717502  23.13633225  38.76944289  27.26324292  66.29452229
  36.02040835  16.67750445  25.28639019  42.95277923  67.89240642
  22.15510342  67.0665394   27.58837575  28.73163895  51.78930377
  68.94556634  35.71738143  16.09942997  31.19158491  22.08942686
  43.55951008 112.22090756  66.03559974  67.88913395  37.02530848
  76.20187799  40.05976143  87.45551557  37.20172297  46.33161924
  56.6630054   89.94985326  27.3316881   41.09392589  87.86286661
  42.85951589  32.39448794  17.80755898  30.31541071  15.23893525
  64.79430852  97.23058828  46.06408134  13.7780544   25.32940961
  36.75675803  27.30435701  56.60760607  24.13281462  87.10385693
  44.44428972  34.58451025  68.58630913  24.61181661  38.45878765
  45.49606246  51.85963134  47.38871223  28.11108668  68.49838948
  34.80568809  92.54239145  21.30203283  36.28551279  33.82077275
  19.66271608  66.94433993  44.50569508  39.74714602  25.56554441
  73.47566319  22.97437539  42.70391398  62.29466165  47.8652278
  32.04659943  46.93634668  31.277453    50.0182384   27.74366402
  36.17151677  29.37020209  38.816625    27.51028501  34.5023893
  34.07333655  37.40950229  40.42466488  45.28384796  33.99851978
  33.14074882  45.56957536  34.96418866  63.65924446  43.72176011
  22.48730398  21.00492349  85.46297014  52.41686572  31.82960333
  30.47001274  24.4315941   24.12417829  47.18991701  85.23823785
  89.3921512   21.9944169   51.97430266  75.86400735  28.70695837
  30.33616067  39.78286023  27.39872564  53.86426081  61.93094551
  62.13487423  41.21524337  23.97157327  18.15207698  52.19449188
  73.23611064  36.53259613  59.72691042  35.20004455  21.68690167
  32.97788287  29.98500032  51.81430871  57.38061143 104.18729589
  29.55777136  28.37171797  27.59950551  39.80486656  42.34342508
  38.81382882  50.72455585  40.2279525   31.9128529   44.22920716
  16.24025497  99.46264245  81.9884196   37.9673859   65.72218541
  43.69876665  15.39138934  28.8527354   47.89782358  55.00295716
  93.30092953  18.24827559  42.39444524  64.66416891  27.51785222
  74.64804013  56.32539196  39.14943444  20.49065256  23.48805664
  76.6376676   95.68725512  80.20280194  75.56802056  14.93322143
  55.4228934   24.02625781  15.99509661  32.36095109  30.52654781
  76.32129206  51.29939148  36.80907802  30.26789934  48.13142852
  36.68737906  28.4764794   22.51480583  18.6181914   26.02769362
  28.01030136  29.76689581  28.74127661  53.15223527  44.00408789
  34.54956995  30.67086705  30.50945672  41.62548053  19.40907103
  50.95968833  25.29634611  31.07215212  62.07645885  69.79664973
  89.02093624  17.95293279  52.61875862  66.22562855  62.19910156
  45.7456475   23.84896999  24.27940877  33.13372862  29.66327933
  54.81907075  19.80102989  31.46654448  62.12082993  51.79856847
  32.26513645  35.29452912  34.8883391   23.3857492   20.79702092
  46.23192689  92.07471074  30.46573474  63.24578166  54.37448224
  20.02559114  44.89175402  30.87938775  24.19653387  20.06431025
  44.53320479  43.99506844  60.68192827  75.49748528  69.43742487
  46.42777116  16.13346272  47.97603196  47.20924309  16.38549748
  24.83931354  29.51276526 102.18557582  26.9609247   25.0736186
  54.7407712   36.32509974  52.62439996  34.2805426   65.55695246
  25.92405526  41.26083951  80.87712955  35.86330482  24.47052693
  57.62662121  49.1724098   59.40880359  62.38595896  29.69933066
  23.84590136  19.61496039  37.03681912  65.78312174  79.60645705
  51.17468735  28.04124287  28.38261687  27.72509033  29.7882371
  58.38147397  34.85370157  23.49456912  19.73184002  27.74070212
  32.83568046  35.4242964   54.37650357  29.0263021   35.97062675
  36.97198723  33.36181592  30.8353951   46.98560883  36.08400143
  38.6601514   19.02574863  63.8672668   71.17848572  28.7137906
  33.52327172  73.94505242  62.22328696  65.38357707  65.64226922
  61.95765379  30.84663051  47.11440415  29.57222272  19.69561581
  36.12035659  68.90317152  51.13421458  27.21784185  67.10276849
  91.12011257  30.41144115  55.6384506   23.32225193  35.10009601
  30.65660643  40.9473278   27.20930374  29.6953206   52.01263871
  18.6194658   59.00692635  24.42478318  90.00229864  22.53210352
  37.4768032   60.83147745  32.45178788  79.2085102   78.11782884
  22.45014108  40.62418998  33.53311863  20.67772453  73.41074704
  70.66113285  19.1146346   56.77225947  37.20837129  38.95657236
  29.55156527  25.48882753  19.90484029  48.77894724  30.98422405
  24.09266441  58.24701132  44.74271656  40.37488835  20.50707932
  34.99490271  79.32239027  28.24672451  28.45888816  29.35041692
  64.54047529  27.75266468  21.14550181  22.55309939  28.59281478
  37.78535887  63.87704392  32.54760183  24.59906922  42.21312916
  47.00766207  33.45968177  83.38576381  57.20908607  26.40411214
  22.46673767  30.06484224  31.76222631  49.42711528  27.48658303
  49.97407186  21.31195093  51.9275553   35.53671845  38.78805617
  32.42772719  76.45133014  27.29130788  32.48406106  58.08816455
  24.54817154  46.41605457  31.02368461  23.13793911  55.90252905
  22.66046171  28.31326568  42.08349084 104.84477781  86.9770658
  41.58219274  30.2945011   71.62739616  31.00564365  22.64015462
  58.74616058  38.51695691  29.86741912  27.11445724  74.45957511
  34.163436    17.86088553  24.52991753  78.23912112  15.65872636
  42.65269349  77.31372423  65.41345465  30.40912314  43.8394586
  81.02597684  39.16205321  36.20792525  25.31575683  41.57216534
 109.93822616  23.41520039  87.27133937  58.89284902  62.01702936
  21.87800454  21.38099284  48.63639463  47.99410055  27.81496659
  52.36811396  36.45134009  28.74760767  28.78998841 104.23342449
  24.77616109  56.35796942  23.56221228  38.90936613  63.99251384
  43.91029689  16.21344645  23.39341356  61.78043898  72.25206353
  25.13146188  82.0414552   84.20229361  45.80832756  25.66809923
  68.19087964  44.05028739  36.47198088  21.62992383  69.75842583
  37.4800586   31.00073539  76.65048066  48.80500465  91.04914226
  25.92932635  55.82755461  79.51475464  38.2564523   33.44588944
  66.74950552  23.77705813  37.23452641  29.94074286  26.84556239
  23.10409981  79.07645426  28.73632978  29.74481447  40.61983101
  20.46196249  57.99078357  31.95252227  30.17218953  22.42082233
  33.40894866  66.97233299  23.71314973  58.15435184  37.27701503
  21.03973866  21.9568713   30.88842551  27.72330597  18.8518634
  68.35462785  22.13049858  26.52302267  25.67910138  74.14911241
  82.55388434  93.54488823  19.08910532  15.68597085  52.75216067
  15.89756232  52.33262685  15.52390065  49.66279425  86.81890069
  39.9509471   47.02803263  16.62730664  28.37344158  54.32038114
  46.40447306  26.92653571  23.33930239  52.5303815   38.79778669
  40.46827381  76.58812815  23.16886225  30.54476474  35.77471653
  53.22601542  56.03755589  47.35205277  64.08875968  34.58293434
  61.76332967  29.09391001  32.75343169  23.74819877  45.8392679
  91.40612109  31.59552998  15.2696569   69.04829217  74.48893016
  58.72456963  73.80319006  27.04665929]
Test abnormal scores: [74.50211217 57.00370475 63.80408826 ... 80.51600375 67.33782949
 53.17746616]
