Logging output to: /scratch/mgirishnair/MotionCLIP_experiment/results/multimodal/classwiseGaussian/contrastive/anomaly_results_multimodalClasswiseGaussian_fighting.txt
Loaded embeddings:
Z_train_normal: (3028, 512)
Z_test_normal: (760, 512)
Z_test_abnormal: (52927, 512)
Normal classes in training: [51 52 53 54]
class 51: n=756
class 52: n=756
class 53: n=758
class 54: n=758

AUROC : 0.8274
PR-AUC: 0.9967
Threshold (95.0th percentile of train-normal scores): 26.0698

Confusion Matrix:
[[  141   619]
 [ 1466 51461]]

Classification Report:
              precision    recall  f1-score   support

      normal       0.09      0.19      0.12       760
    abnormal       0.99      0.97      0.98     52927

    accuracy                           0.96     53687
   macro avg       0.54      0.58      0.55     53687
weighted avg       0.98      0.96      0.97     53687

Train normal scores:  [20.7724606  20.97787315 24.01807265 ... 24.81892268 24.61074992
 26.17488751]
Test normal scores:   [ 50.02938634  29.77894434  46.60419035  39.13352423  27.94379351
  47.46470042  40.39988491  21.08629323  26.13263628  29.63385321
  34.76903833  50.0688526   23.72860098  33.71432087  41.14615426
  46.87836954  35.06447423  36.11354456  43.03533213  46.09735259
  22.54403072  28.69975616  28.67409401  63.55811645  36.64019318
  19.63320098  28.34118571  35.84676568  24.90541398  29.58199222
  36.36678294  55.82131306  33.34997073  37.28244451  26.93053332
  41.55622368  34.24681238  30.98134952  42.6928674   53.76290985
  44.97852786  37.33746214  50.55631867  37.48779227  33.96605549
  47.47438605  15.64002116  41.55033761  37.52092498  39.94853877
  38.10342232  72.78490162  23.59550383  20.80793899  45.09192593
  37.13206805  20.19980346  53.03466103  36.02511709  25.32721499
  16.26588754  29.05985365  12.16908224  19.07619677  26.88641204
  57.51774604  54.05814406  30.05934452  49.25826317  40.62650337
  48.08399929  51.18461587  42.74907452  38.85426945  38.93140014
 109.03804956  40.99987399  28.04776974  29.93728995  17.77257865
  47.37134254  37.35881097  37.38439619  52.53054196  25.1466603
  22.15548379  37.91613847  28.73740818  53.97578425  69.97663524
  32.01410817  44.52447835  39.03098846  49.99655363  41.97483515
  26.70515846  47.79442088  13.93013033  46.25467902  46.21054801
  43.50045466  25.30772897  18.72786522  51.15693069  33.36438454
  51.45710311  60.18700364 107.22942157  40.21140204  34.31620035
  39.93062895  13.71224466  26.64968982  19.41326529  31.54250808
  48.18188267  33.77632548  64.64799604  15.95955462  49.42338942
  32.7211935   17.90927239  45.47086967  29.32513096  49.01393891
  53.72226289  53.93976295  16.3770654   42.22878595  47.10085758
  37.29265523  32.02454818  43.66128314  69.93184834  42.01414014
  17.02375696  62.03734943  53.11643657  46.06211359  34.45899386
  44.1754019   42.45408432  41.18619424  35.954936    36.37968131
  29.60983321  15.03222864  19.02587978  44.21130916  61.23495013
  41.91246946  19.86301897  51.67419076  46.17059463  50.37474266
  40.16485535  37.39631997  29.48224823  20.42145885  53.0574403
  32.34316087  25.98748448  58.49518705  60.73028859  28.69825966
  16.66647657  46.76665857  63.7534674   33.45365807  43.90213158
  53.06979669  17.48803907  25.89384151  27.12583487  34.69562782
  18.97991271  21.07547267  23.23396635  14.72459477  44.17894288
  61.29651781  46.50975114  41.07247072  12.43489046  52.55044072
  64.08097442  22.45686649  61.33964078  45.54097135  22.54057111
  55.57800438  46.08777912  35.01640732  27.93324017  37.13592288
  37.37097813  37.74757601  38.77994793  34.60219962  36.00659814
  37.68105537  28.31511994  28.29145985  62.8838674   55.07459416
  28.13219637  34.04883152  38.87709399  26.10562939  25.76808318
  31.43065491  28.69102599  47.67576165  35.23640043  25.58506838
  30.30008094  36.36610312  51.27874137  43.90970003  50.81175749
  38.07083105  42.79066472  23.28290333  32.91802879  54.19130473
  49.2267894   30.90437366  75.38530877  21.66114454  16.62381161
  22.7501081   57.34211599  44.05982098  34.17141823  27.09942647
  44.41951921  51.2883577   25.70564383  29.29202528  56.79987585
  46.70601821  20.21513313  41.28334013  49.80180615  32.52102581
  56.29574169  43.9976692   31.77822863  81.39123585  30.51293134
  64.55662531  40.41757592  18.25314691  35.58024741  36.60769544
  53.62728448  75.84237108  22.29984645  55.91527122  25.08999543
  16.31348549  43.1170637   30.75399839  38.44361777  48.36547014
  46.01189699  26.32683134  48.04039817  45.6125065   54.35377558
  51.96332697  33.34707669  63.34212976  24.79372554  17.90056527
  55.90082549  25.47585786  46.04211301  36.37959717  31.11272687
  35.06036078  31.20757042  37.80173812  40.58346477  41.06451033
  28.34757929  29.42821266  43.10164747  68.74698659  41.37612874
  85.75612348  39.30233015  34.10592514  30.10900778  11.62295913
  54.04742945  25.8077136   31.22687164  28.24456555  33.0863751
  27.57870401  40.54516863  29.68944055  37.3147965   15.55399054
  27.8120638   20.57612982  34.68107343  37.77503479  15.293496
  18.70404045  33.82117477  48.36339586  30.57428494  35.87229917
  38.7706936   47.66418665  47.05206364  37.30536179  28.7758783
  38.19392492  45.22487906  17.70030541  46.35337046  44.82996196
  31.01760747  23.97661104  27.68759726  31.10258137  53.92456517
  51.60525839  25.34021924  42.63843957  45.53113878  23.0144264
  76.92509013  50.99980325  30.90215364  44.42038246  40.48143504
  24.21604274  40.99617373  52.19961567  41.23143284  31.59642118
  17.2387515   43.12540999  29.09496054  57.85895388  41.80686072
  29.87587346  54.59255919  46.85366178  24.83427468  25.91957254
  21.91729815  27.6889936   32.39223546  17.46983373  29.62530227
  24.27192206  48.11731306  33.45401022  31.95699776  50.96432711
  68.67831296  39.21614872  59.55520607  44.54376674  37.32727488
  51.83234297  53.38245616  35.29609266  39.37690529  59.25450755
  23.98235826  53.28170629  29.77241907  36.20642507  32.10916845
  23.54811512  23.19990027  13.95841589  45.21161809  44.80831077
  47.81563218  49.58699729  21.43735882  41.5388694   37.24122402
  32.33921661  71.13981183  13.48608997  35.58429736  22.7315184
  61.0746313   25.23927152  43.60538919  34.94892392  47.57995642
  45.46988104  41.85974923  33.94932229  57.05122322  36.92706717
  35.12782942  32.75965553  23.18116214  50.40234419  45.42240711
  53.90138212  42.18621226  64.30096554  40.6016883   41.43270637
  29.69899875  28.17158142  33.51526145  25.94721196  25.02763236
  19.10747196  31.75693828  45.46264377  13.90211079  31.4643675
  42.86363198  23.52450845  49.77630356  31.31562237  25.70921484
  63.16341691  23.1031461   25.0994247   28.90014697  28.702971
  39.74740705  27.29088798  41.39295479  20.1765787   30.29528685
  31.81340978  52.78125991  26.5547493   41.69364775  46.88857857
  30.37231084  47.52385753  42.66430793  42.13562781  40.52934602
  34.22244222  15.39384546  43.95114112  22.86250915  46.34933576
  22.44751541  74.31935477  31.91114449  20.88265609  24.87706659
  43.0123197   62.42723115  26.4467556   45.941939    52.70284738
  25.81590939  16.90703498  46.06466673  35.37916388  34.69352119
  35.62995109 108.49374292  55.42874215  30.766678    31.45212255
  30.9898797   17.92456134  38.74629367  22.79478415  38.23721123
  35.19716448  52.63690228  28.54498881  65.38548392  46.07242118
  41.27197844  41.55964166  70.73029395  34.31578817  40.25538236
  38.47673528  26.05245146  36.78601524  42.62623223  61.87797853
  34.85918407  17.74168319  33.1211755   55.70397596  30.0805408
  37.49791569  37.18333585  50.95988408  37.09942031  58.428753
  36.86926802  53.32333749  31.34334134  25.98271929  43.44829874
  21.01037986  48.56234751  38.77066174  47.49660232  39.66235537
  55.60597504  47.03755201  37.83703277  33.73976183  36.14340396
  29.37505341  22.95434728  49.80648422  25.25528394  44.44749286
  34.84944346  47.50634964  34.78756005  32.01346189  31.43046791
  42.30256932  41.74157188  42.64861773  55.46168532  48.29067218
  40.45344547  56.62912509  21.23698678  37.76213256  65.00953395
  36.69355932  48.21087857  61.24992094  63.00365829  54.56273939
  40.1029583   30.08049087  21.59450258  60.63184375  35.75140181
  40.91405089  47.94078225  15.35064542  31.90066645  38.55825597
  46.42084025  42.82180799  35.03741925  31.10150274  36.20394934
  33.56008247  30.87640385  51.15569506  49.64066743  23.35889199
  48.2390573   53.74596136  27.44864825  26.59792844  26.43702426
  51.92635045  35.20971623  38.49368991  24.96455838  50.21590399
  32.16605985  28.43607576  30.71903247  49.38257844  27.62852402
  19.98696793  43.52858128  26.38360727  37.84462011  33.0392897
  37.93946195  52.61008348  34.44238685  37.69209386  27.19056927
  29.6705705   11.60236864  50.4683681   45.71159111  36.26048285
  24.21564186  33.18058534  40.3476843   66.4599661   45.44489876
  38.90807083  54.82252148  30.84187389  52.74537364  30.87358762
  16.9563745   63.13008819  48.60636437  21.00837327  36.17731346
  36.83608027  36.92619257  35.08807926  36.6618337   42.40857047
  30.60771941  63.1430511   46.50000217  15.7764639   58.19246438
  27.84462436  48.05222519  25.74994107  39.68535004  41.48426084
  52.07129993  62.21707584  31.89003013  42.32847233  53.16981586
  47.46742232  27.18342457  37.88108535  40.40244984  17.08879178
  42.15023142  63.53512754  31.31790719  44.52646358  39.11288718
  48.3334417   36.39473841  33.82967781  17.62031005  26.34829951
  52.56618398  64.7884342   38.90815162  29.59272951  26.64472526
  44.13944135  59.18311043  36.33704414  42.26408158  27.53715875
  42.01168137  33.03090127  56.38246265  30.20221475  60.5997477
  19.2198894   53.64598349  19.96690204  37.18486575  62.44275723
  14.78208586  40.72561895  37.76473144  26.26250426  34.53625206
  19.40163721  44.9590188   38.1547135   21.47188597  26.33296434
  29.72216924  20.02263256  90.40435075  56.40895789  43.50899554
  29.60238244  32.88012859  34.34955315  44.05279544  34.61571849
  59.31379684  36.18244524  52.90747896  65.68352036  37.60054329
  45.22990895  32.45789257  57.52481726  31.95399861  23.64330225
  29.52965269  41.60424825  58.63493401  21.45111636  43.96380473
  63.964975    25.49359862  32.47323835  31.24535004  44.89723672
  43.2714613   21.35620859  46.94607288  30.68197131  26.4595202
  38.9273686   27.57798169  26.75137122  15.73814706  29.46975088
  42.97406479  55.52066672  13.61171017  18.82644022  43.45257975
  67.71186528  27.42986403  42.7501067   25.46279722  20.40932635
  37.43761444  27.68215438  46.33886697  47.85870081  26.56695065
  47.4945504   35.52475535  22.63386763  17.58586183  43.09153814
  46.75070972  21.92471876  39.83811098  38.26694223  46.75432141
  41.22403382  36.07999145  42.16467371  39.75533468  36.40156939
  35.30353785  38.21913926  32.78975521  26.50374389  13.61934176
  34.78571965  29.16982644  53.6592805   42.35473596  13.23740731
  30.23313424  16.10508622  18.19550452  28.43623538  31.62573253]
Test abnormal scores: [54.90199512 15.54065869 49.78463239 ... 75.94917873 61.3729954
 32.60920882]
