Logging output to: /scratch/mgirishnair/MotionCLIP_experiment/results/multimodal/classwiseGaussian/contrastive/anomaly_results_multimodalClasswiseGaussian_random9.txt
Loaded embeddings:
Z_train_normal: (3024, 512)
Z_test_normal: (759, 512)
Z_test_abnormal: (52932, 512)
Normal classes in training: [19 35 44 51]
class 19: n=753
class 35: n=758
class 44: n=757
class 51: n=756

AUROC : 0.7304
PR-AUC: 0.9941
Threshold (95.0th percentile of train-normal scores): 26.3356

Confusion Matrix:
[[  154   605]
 [ 2704 50228]]

Classification Report:
              precision    recall  f1-score   support

      normal       0.05      0.20      0.09       759
    abnormal       0.99      0.95      0.97     52932

    accuracy                           0.94     53691
   macro avg       0.52      0.58      0.53     53691
weighted avg       0.97      0.94      0.96     53691

Train normal scores:  [19.1423549  24.8916469  17.53312346 ... 22.31449885 20.31823368
 23.8619217 ]
Test normal scores:   [ 38.09550118  51.42012831  68.84835854  27.61625273  37.29434787
  30.348749    15.83250943  44.43269361  29.97324447  39.46713544
  68.24668235  22.28208841  48.90766737  67.1910468   21.65461923
  17.00092088  23.53691567  49.70812859  37.48263772  20.55367434
  39.10685854  22.46734481  87.66925035  24.41345695  17.03379117
  43.2364917   42.99224022  21.74150465  62.5148791   57.61634755
  42.11845105  48.6211428   80.26160766  44.49756943  69.76411961
  33.44974355  53.34818431  36.68057918  48.16259851  32.59427761
  30.49382813  53.25469239  17.82694189  20.07456731  43.41476085
  21.81430373  39.50241538  25.79128441  23.22055759  46.93593993
  24.31650085  40.96047494  36.51447437  36.32165376  86.99539539
  45.88767541  38.44582004  80.45363247  49.7472335   28.03015253
  52.77261227  43.32472432  18.10491692  22.53086852  44.44352291
  30.94022386  44.58643929  52.23947588  67.43101391  75.27157688
  18.20430067  20.73569086  24.29301633  42.95957242  42.28733385
  27.78443466  27.76041011  38.73210074  32.65027236  63.41305562
  47.89819828  31.52363583  56.29521746  48.05263111  46.70054324
  77.40199756  39.41784756  41.49132227  26.75487246  72.75439922
  27.23757652  53.18558858  33.46805454  24.27824504  40.14297096
  64.59893073  20.76004877  51.58384474  48.20007543  25.1969424
  27.602249    38.20542102  49.51391747  36.38034587  61.03921492
  51.70794361  55.27048045  29.56983129  60.44361216  48.73231529
  15.46659002  65.19162865  23.00141552  38.04208608  26.08781034
  58.27919975  37.25203438  18.4895524   23.97878471  50.86927204
  55.86238801  21.53220384  17.98426842  49.75841326  46.17573792
  45.87465882  32.83066008  36.23560378  43.47992165  29.89068112
  36.67926013  67.34247926  30.59350118  80.30981619  62.20912762
  32.9480214   24.14281354  53.15281147  81.94565913  80.8375618
  23.19459429  29.50418401  31.42592372  45.14512783  14.21807648
  22.13411934  24.95740784  20.49080428  34.05626921  44.16321898
  19.89904341  37.4550646   65.8685353   25.2227679   31.3983878
  43.25347093  51.41964979  28.39665323  23.21996672  27.35545918
  37.32583385  39.99853552  67.4423962   30.17704667  42.69660039
  30.31744252  40.6672791   24.69215188  45.16973857 118.52213403
  78.20483731  39.85726008  32.1161224   32.13471792  54.88580536
  40.00146605  19.70700286  26.13818653  56.40770271  31.38856376
  55.31795598  91.24825475  19.83436199  44.86483163  65.2892797
  42.90490195  63.19884214  27.5400952   33.28230767  29.94291982
  43.92317067  31.85256661  50.38273704  53.94429374  26.23936862
  21.07873962  33.73570886  79.0125862   28.1253019   25.43604311
  24.33912555  51.20960587  60.90876487  13.61246512  52.14664368
  35.74540037  80.33313032  54.0232876   29.22710324  62.26008863
  39.86249937  70.25324252  35.2718561   30.97371884  26.33024206
  85.65673335  22.43626208  36.58549053  52.52134738  34.24304604
  20.56508762  45.7778727   35.83656695  22.96852624  46.89432377
  24.89948403  44.99863008  32.99772957  39.07631527  85.57642175
  81.39487596  16.53071473  50.33051329  57.170604    50.689059
  23.86613579  37.70247195  26.12940164  19.85646824  24.98630168
  48.02374136  39.69528082  33.68225356  44.64233816  48.76123973
  84.61233123  70.84905524  41.11135538  52.22046943  37.83407709
  43.07779296  45.16740205  24.1212247   28.44295597  26.65481653
  39.81431116  22.38126842  19.11286177  37.99310252  39.47396179
  27.57099796  33.74948264  48.71509091  26.94389563  31.46642781
  46.60060644  46.6515136   28.26350986  73.36376792  21.40406813
  44.43460119  53.3218692   34.99842703  47.88958976  19.41172632
  43.61935697  28.66350926  48.61644026  24.18964376  23.55619872
  61.50056825  46.35149912  31.41404912  15.06673718  52.91877331
  40.12637561  46.85999516  29.16224088  31.54445276  37.45430406
  28.85825614  72.80857431  13.7486509   49.68635896 100.80388566
  41.07766026  47.80837476  34.72926575  56.53949655  32.42280694
  54.27408061  24.71613689  25.78891015  34.3825383   38.46791916
  20.62155012  20.26937907  82.27565995  38.10805037  46.03090576
  92.87300413  20.92583092  52.60651852  27.46795686  57.69464318
  37.53250471  31.98191782  13.62547114  47.51934475  81.5539947
  43.28744109  27.58774071  37.08851145  32.32819007  38.39349787
  62.12598931  25.69681805  20.88068822  44.77853364  36.43362935
  35.63481966  18.99522928  40.99079902  41.50845315  56.71854631
  42.94848874  29.77999349  47.1770388   43.09974109  40.75399536
  48.98586972  66.35577268  69.14267663  34.233389    16.87638605
  26.79213676  16.54539736  60.33970764  45.4812652   61.18457132
  35.28413895  35.74420438  19.2188762   85.42771262  48.90757982
  24.29094928  33.35377609  68.09283077  47.11472566  41.3026901
  97.37548501  37.69996389  31.62000761  53.94570637  58.36356531
  51.86317792  26.16797442  32.29577273  34.38205986  35.34035851
  42.61271422  75.14612969  39.25684452  63.1060814   22.82041491
  36.48806904  44.57277007  38.01181631  42.26430473  47.44518874
  84.47791509  23.29587985  88.82637896  35.95684902  89.75934833
  30.84720275  54.53778441  98.82450525  80.80125867  15.81781931
  39.20820476  25.71764272  43.03672253  42.49443524  35.73102645
  44.13130433  27.70995617  20.21418615  26.89480935  37.54207424
  33.40898713  33.57205904  24.36466546  51.63422915  31.3987368
  69.40756414  34.05286179  51.85504815  35.93779666  21.63689105
  32.28872741  31.18226446  29.3116445   43.2440666   80.91348155
  29.66739679  46.81589152  16.98809282  32.69550812  36.11250131
  72.2429746   33.56083459 101.51611741  78.16741444  22.05496197
  36.19685741  31.40151497  54.8690993   28.52099649  41.19545206
  59.7461343   57.1041568   53.72807913  38.86147792  43.35719662
  31.42293069  30.58462392  51.83369182  27.89649171  41.4444835
  18.01572838  42.56282913  31.05234683  86.36048397  23.50637
  22.78857719  32.77188609  22.93260183  22.40878733  25.36375264
  24.14453267  50.23934751  45.22096477  59.60771915  39.44994729
  95.06361815  32.47378371  58.0389969   18.34033014  46.56241312
  51.91045861  18.67916372  42.37170414  52.92534803  40.45086178
  48.84205993  44.53862677  18.79999081  64.5355825   28.85555377
  45.01124268  26.60058499  33.83173078  32.34260915  36.47888532
  57.51163422  40.67869405  68.88081039  27.11988059  36.54865674
  96.88592066  48.0422242   27.0411521   48.7474929   24.08090148
  53.01437487  50.78524985  33.46283366  71.58066535  44.3261342
  24.72920457  67.59021185  39.91152389  47.05746265  44.59002979
  46.22067911  18.54984661  22.04308965  37.92598205  50.32645454
  71.78209053  54.90310104  69.28512465  18.50390008  85.74631185
  31.19694825  20.40643915  34.31304311  62.55549106  45.66247344
  79.26325691  78.74748923  28.50095478  63.82544149  30.32834364
  17.37313899  22.77757701  35.92132849  19.29259819  57.38856825
  79.26750206  40.21152533  59.67119919  36.19473173  48.21339389
  43.54663055  68.59029413  87.65429034  51.6445398   29.26053233
  51.46021412  63.79933134  23.12562691  39.13004915  22.41732824
  30.58124134  45.37479379  20.17560092  55.64706906  48.57701627
  75.91642281  52.48152028  47.87659235  26.67968817  36.07708601
  31.06166698  25.85482689  69.63201895  47.98886752  25.82870426
  25.20268378  52.77508246  32.51058896  28.56959573  27.90793181
  42.10669149  26.83761191  31.62593677  40.19481315  47.87285761
  40.11890302  33.49693341  80.42789818  80.76027517  27.03862916
  33.62789725  25.12402948  59.78886966  61.49032189  32.99294475
  21.06774038  35.96755835  44.69677662  55.22888445  93.97423592
  43.34584054  22.19854734  27.2207106   66.74992788  20.8040359
  71.61719739  38.70643673  27.65848806  35.81204027  48.03604153
  31.57048375  25.52247031  50.83754256  30.06478631  22.51401027
  72.35424641  44.15691502  30.15777461  14.54166851  35.2399903
  29.25070837  53.12805963  56.04304201  43.43582508  30.18796311
  39.52350258  42.06724403  57.17028022  82.93797238  63.34125433
  46.84515242  57.01669183  29.44146952  24.72420022  44.77251893
  29.39615582  32.260935    26.5146293   45.42022939  27.24897056
  51.17426506  30.00994026  26.28535949  44.9048772   53.90027178
  71.74878402  41.01664458  87.70590193  30.15822999  30.19717555
  42.35516085  62.03614843  44.6344867   42.20564114  26.01486821
  40.75126994  43.21708516  28.64992182  32.92728478  26.70527614
  32.98141822  48.50355863  49.23366946  68.37620807  32.74113401
  29.8196369   25.02783298  39.35717444  34.08803678  20.74259764
  32.01360116  36.87533375  59.61736343  25.72700492  18.27654752
  46.19853792  39.57650346  41.03269591  61.75754798  26.1455533
  33.61276493  45.76631314  68.20091526  15.39758791  43.72213259
  69.99988829  17.27459929  30.98124534  26.90754456 120.24256697
  22.40769514  92.04867483  85.09805286  46.61718048  37.81943595
  44.59593782  34.84834598  25.30156951  25.95370645  19.90089446
  31.18515372  37.27438805  60.66923518  24.78057297  47.98167653
  38.83351645  33.2231486   27.73958055  78.74179345  34.28122166
  62.17866573  45.03358163 113.11838373  34.15671209 100.36879993
  50.68992996  72.74921266  66.19441436  26.83150307  34.02616333
  23.60825269  13.58568125  78.79443177  37.0613146   95.44300673
  39.58249508  24.08371192  42.20584264  21.13088477  65.14166558
  31.37270736  49.68251871  32.91994025  31.82556226  39.19510359
  51.7348416   31.93718239  45.48781663  25.73891737  92.30220568
  27.70328176  58.18787189  54.61009891  47.02721814  65.95222922
  54.25752492  56.20406408  46.5886195   24.875694    46.09825549
  32.03731522  61.78909967  42.07269452  14.84158349  78.25213207
  42.85561832  49.79505139 108.27466932  19.25051703  72.91470708
  65.41853867  24.8856607   29.7241544   19.83342016  59.04130784
  34.97778954  38.36631939  22.99661976  23.81984482  45.15007385
  37.32470373  42.9557671  107.04943625  65.21550583  25.4905825
  29.39395415  26.19146416  40.59407569  47.08809302  51.00536374
  48.19474027  25.6661378   18.76716362  26.92160401]
Test abnormal scores: [47.75446683 26.17511654 30.42463326 ... 83.26666254 61.62004426
 31.35774833]
