Logging output to: /scratch/mgirishnair/MotionCLIP_experiment/results/multimodal/classwiseGaussian/contrastive/anomaly_results_multimodalClasswiseGaussian_random3.txt
Loaded embeddings:
Z_train_normal: (3021, 512)
Z_test_normal: (757, 512)
Z_test_abnormal: (52937, 512)
Normal classes in training: [ 4 14 15 43]
class 4: n=752
class 14: n=756
class 15: n=756
class 43: n=757

AUROC : 0.8452
PR-AUC: 0.9972
Threshold (95.0th percentile of train-normal scores): 25.9265

Confusion Matrix:
[[  108   649]
 [  941 51996]]

Classification Report:
              precision    recall  f1-score   support

      normal       0.10      0.14      0.12       757
    abnormal       0.99      0.98      0.98     52937

    accuracy                           0.97     53694
   macro avg       0.55      0.56      0.55     53694
weighted avg       0.98      0.97      0.97     53694

Train normal scores:  [19.05499938 23.86071447 26.71408307 ... 21.66266535 21.7328919
 24.45599927]
Test normal scores:   [ 49.27714994  28.08820779  33.80480411  58.50662075  38.14988343
  50.50055763  22.79011374  37.57257271  44.76836335  19.90502322
  62.26860559  47.04001862  37.29315076  90.37988381  35.95254827
  34.38889766  44.92419053  46.63063963  43.82895708  50.44779153
  43.71013912  69.05353256  23.52118955  18.12486312  33.42984956
  29.18577776  42.01344305  33.61443518  30.46594103  48.09004145
  22.95586535  31.44938572  38.96598793  31.21413222  37.0367221
  28.02964027  58.14693997  29.156473    29.7450898   53.26574164
  33.17456643  40.42899921  42.36472925  31.1686447   15.17033946
  27.58261294  45.31416831  55.5076435   36.93985937  53.98234139
  43.79556157  38.39304957  51.15717777  36.27365076  28.51615254
  47.06634857  42.6734607   63.25639635  42.06273591  33.76162703
  31.48081773  32.27482519  21.3744359   46.49863205  66.01379342
  26.00947321  58.19902041  55.20378026  31.51241349  43.68473616
  37.46058153  37.9639012   60.89038776  13.77072203  56.50277024
  38.28996737  26.11838623  62.98964014  30.96958987  52.32788192
  30.87661386  38.55316374  62.85331772  28.87016655  38.84160336
  44.9799603   73.8304866   37.86727406  21.45669854  74.50632039
  70.5484981   44.51967163  23.97448326  43.27277657  21.69202103
  30.35019957  41.03570599  19.81189815  62.19372665  51.28494306
  48.00935779  39.65443518  54.39365869  31.54088934  61.27873256
  41.34684985  56.59254382  26.66518325  27.47646208  33.11891715
  42.91751297  27.38261295  41.72965936  34.06591365  56.93709187
  22.49559049  43.78327697  50.45632168  47.52841439  30.49420484
  38.91301     31.33148065  35.55853333  24.13858053  36.16813648
  48.92249379  26.30129663  52.52390018  85.81634628  75.83572027
  38.08051597  18.97737753  56.13123708  52.28297689  39.08825093
  33.27206921  85.45089462  38.08967381  34.548049    36.84253612
  52.97993496  25.67860171  62.60657967  59.16518196  38.32372667
  30.38850092  46.57983013  34.96198008  40.46553862  43.8645055
  53.53357749  52.96342062  57.66626759  19.44989736  49.78210772
  38.7155849   38.17138806  32.87603604  30.7238058   22.05345424
  26.74301736  26.47486422  31.1116042   28.56422287  25.1656745
  39.96591159  43.63515208  44.2766834   52.72678942  27.02776992
  21.76353881  30.84363741  32.32848469  54.13231098  44.89838742
  38.40487714  29.53029998  49.28776842  21.8617123   31.20408382
  33.47408971  28.45125155  24.26777956  55.95011518  33.7754204
  29.48930314  44.21671264  40.05491058  56.48600387  44.24902024
  74.63699904  54.61878932  27.4631938   45.47006418  28.70587306
  32.59157665  25.47874198  39.81980015  25.99284203  28.34335805
  40.65394749  43.62740352  23.98518922  25.52411627  21.14354545
  54.55517994  40.23263939  44.48933452  23.21360587  18.16402719
  45.93033699  27.28288493  26.69478966  26.6924297   44.57937375
  28.62906912  28.77240986  34.82948336  46.57740561  35.20333114
  45.93551288  38.35841558  40.65271792  43.09229861  42.89357683
  25.40603112  21.82933066  25.42661525  35.32771102  33.17173631
  40.5859742   27.62182904  28.65283647  54.1194528   34.34494806
  41.47890976  35.93172812 100.55247222  51.86156928  36.15738635
  22.46963125  21.05088687  29.98437797  28.4385889   28.67103446
  30.7074914   24.33490734  45.85068976  47.59760218  46.64282425
  28.77399598  37.50364547  35.51614221  46.23342943  36.0163345
  14.9110288   35.63695889  54.00529143  70.86853773  34.29378397
  40.05612422  38.159999    30.26897203  23.95546409  49.68840901
  40.45933076  23.80922599  36.49547867  49.01393826  29.61119377
  34.71044916  38.47573929  39.140711    58.49264576  33.8403729
  28.4895822   47.31649925  26.71004639  32.13552118  41.98341689
  29.07834206  51.0918005   57.36386974  39.64705914  52.5435488
  30.89777247  40.41357532  50.71600409  46.01877343  39.65035835
  34.34811022  15.651001    23.3267613   20.72669533  35.51474488
  28.16772175  35.48659948  53.61259828  35.10666591  34.37413518
  59.577288    28.75645276  22.64057304  24.43270589  32.40058495
  38.66417848  58.0018864   40.29990649  44.4553639   40.53410806
  44.33803592  40.9068274   41.0732318   42.76713384  53.42353444
  46.49190843  14.10962416  61.91347135  33.31034491  40.45810131
  30.44494579  41.79243145  39.18278962  46.37026707  24.2694198
  44.37082042  27.87705809  37.76705645  45.59336845  49.25219248
  21.07812657  39.47354088  28.52803682  71.38201374  52.04159317
  26.58609682  66.78989289  72.41594065  33.40378541  29.52078792
  27.94139898  19.02110678  19.96420957  36.61421861  21.65147479
  64.90530577  39.85942724  19.11830633  17.60290021  26.93261887
  39.31730021  25.60480994  36.44594952  36.46340643  36.12575061
  34.52372934  42.04914003  29.84635555  31.11395364  50.60962383
  38.52284943  42.53906761  55.63194752  52.29415233  44.89663524
  39.44550153  37.98397367  22.68103146  35.50802182  20.87806192
  48.8134547   22.28886326  41.64743929  22.95363622  53.01895453
  20.63027854  53.4108141   28.69234739  20.05288784  34.15745365
  45.25594025  26.06403208  30.59154769  57.69656425  62.86089869
  39.8849762   45.97532216  65.27210315  40.70110682  37.0324606
  71.58692243  25.34383114  28.71446528  36.93538474  30.62689655
  55.86056636  39.30371802  62.7512891   52.18576272  22.22892451
  35.46346504  42.56956302  34.61664393  37.37733418  27.11124573
  23.46732721  30.42258875  70.9218947   21.18495428  32.44532352
  31.5378515   37.34002262  30.90049419  63.31631501  26.674678
  52.45559438  40.31157636  38.36995651  38.86091759  29.69806476
  24.94830677  29.90318882  55.1674764   23.00249411  64.85610599
  29.73080408  28.77068596  51.92555674  35.84435392  62.2977483
  45.54093683  46.80244861  31.00330892  28.39468073  26.88369496
  52.98415181  35.41596915  58.74802622  45.62027773  42.01801432
  30.01911924  32.10752594  28.44922445  51.64266977  37.1722168
  44.11085921  84.70356401  51.26666287  26.02376637  48.94453159
  27.43063724  19.64983495  23.86645265  28.67348191  36.66062636
  39.01505651  63.5184196   21.00508043  58.81732045  33.00473346
  23.07353654  28.72226956  55.19670376  24.25371735  30.73945296
  63.84987881  39.59993595  31.31739605  37.31268973  44.33152757
  31.20466594  27.3938894   27.01517155  29.1159162   25.40115102
  24.15041888  20.31656246  28.62282296  55.02732853  28.26932175
  51.17207916  40.63134669  39.88336685  32.31496102  25.58153084
  42.32376795  36.11041115  28.78559718  51.6936331   29.57501459
  28.47611663  31.50406721  50.84033058  34.57527579  38.7225778
  24.26217943  41.04476684  81.84897665  31.56926574  69.30180542
  40.44299433  30.6722022   65.98754097  32.41152927  22.26172945
  53.88854146  37.79198779  42.74683914  49.60160095  32.64312494
  47.20660959  47.80186138  43.43152475  34.23558646  27.09174535
  24.86364744  34.21895405  46.04845168  56.00497607  53.34829053
  51.27422035  38.12104012  29.90273754  47.12775463  61.06304896
  40.74689296  38.07471467  32.35554113  32.78606987  41.691251
  34.88446307  35.35528331  34.68083459  30.20376699  36.91463218
  17.58336097  21.15333059  19.84801131  19.98731526  19.39447077
  69.87928648  18.85207056  45.568601    17.20772116  48.3632163
  40.23750387  42.2718687   37.72929125  28.73273268  22.36490674
  47.09421213  53.51615341  33.44098719  46.55558544  34.1921317
  19.08878438  49.65399447  58.12929397  45.14058419  26.15951744
  45.51432728  33.36568062  31.64271054  49.03517209  38.80224826
  51.92486536  32.02684309  36.55248445  38.85375666  42.41945655
  37.23171335  31.17244513  60.24867121  62.73584058  46.08977171
  39.38828536  52.0134437   42.34362482  23.38944101  25.75805033
  31.67650877  20.57885659  28.43285438  36.04867984  29.90456251
  27.54751137  69.85522768  36.37049976  31.61829577  42.44395717
  44.19718349  39.74803203  33.45956909  39.89129979  41.55813037
  28.70344585  32.73606299  44.52877488  31.05990246  38.50448685
  48.04820447  29.16608415  29.70996705  34.14586178  35.18320128
  30.34161988  35.07329112  28.36021106  19.37635509  38.97808101
  36.30624241  33.38933292  47.16100646  28.85562211  54.5953766
  19.04887636  32.57240055  22.05928903  26.39235272  33.1910609
  37.5891763   42.56522115  50.07173918  53.88741599  31.24568143
  28.66947188  30.14679072  27.8358772   22.40969273  26.25780932
  56.65010478  56.5979316   45.80037079  23.75085549  42.88405831
  25.20520556  39.6875311   51.27544582  37.0100694   20.47950384
  47.16895256  63.03819658  32.24333083  24.28358078  31.51454625
  61.04486178  69.58032826  51.06618938  28.3843468   28.28303211
  66.74376848  41.59638288  32.00729291  32.52390995  38.24772808
  27.62303253  24.0953619   63.66703237  43.31201205  42.24471907
  16.87233647  47.9684964   39.93007721  55.26514567  55.46184359
  47.11602053  50.62667425  30.0659185   30.6774659   33.97702063
  29.82154258  37.97054092  38.11407165  48.13201605  31.41026269
  39.72103947  41.06819837  31.57677226  26.28808467  30.43653056
  43.39589828  36.47670629  43.36217151  27.1850806   20.95710566
  26.86048104  68.89693706  44.81507062  47.47171956  33.95088575
  24.66306795  37.22811894  34.40927159  45.66996428  44.31804946
  37.65370528  34.00828704  51.59431291  64.90684832  31.99960336
  29.10233173  83.73332697  24.79670916  27.66366737  51.19664301
  52.67571792  26.2755845   65.23619629  41.56762453  22.02150688
  53.6224714   48.5666178   18.31426744  41.10003892  31.13625555
  58.25899359  27.64624022  42.27056601  25.03005585  34.94308985
  25.50265718  53.25855413  24.08932676  45.03118204  35.01310685
  47.51612677  29.11440922  52.85973507  38.94728791  43.06984602
  27.34477603  34.26195077  33.81998321  58.44576659  42.63970458
  29.39968201  39.17324583  47.08810398  33.47186561  47.77793959
  69.30097115  20.93993199  38.18481269  39.68377255  35.32927897
  23.97009896  45.93262255  62.67651613  34.51136293  76.40765445
  30.82959717  25.27679515  54.69441803  59.89938364  27.19110698
  29.79689527  31.74567714]
Test abnormal scores: [53.35734784 94.36213955 75.16803523 ... 63.24139489 73.47853689
 90.69442664]
