Logging output to: /scratch/mgirishnair/MotionCLIP_experiment/results/multimodal/classwiseGaussian/contrastive/anomaly_results_multimodalClasswiseGaussian_glasses.txt
Loaded embeddings:
Z_train_normal: (3015, 512)
Z_test_normal: (756, 512)
Z_test_abnormal: (52944, 512)
Normal classes in training: [19 20 21 22]
class 19: n=753
class 20: n=753
class 21: n=755
class 22: n=754

AUROC : 0.8829
PR-AUC: 0.9980
Threshold (95.0th percentile of train-normal scores): 26.0345

Confusion Matrix:
[[  133   623]
 [  405 52539]]

Classification Report:
              precision    recall  f1-score   support

      normal       0.25      0.18      0.21       756
    abnormal       0.99      0.99      0.99     52944

    accuracy                           0.98     53700
   macro avg       0.62      0.58      0.60     53700
weighted avg       0.98      0.98      0.98     53700

Train normal scores:  [22.78915759 25.64058031 20.92521073 ... 23.12943576 15.86955799
 18.61412353]
Test normal scores:   [ 51.73273908  27.03084374  24.39374288  28.27978175  80.42150411
  18.98142354  21.93617149  36.19858407  45.14513868  40.85270599
  38.44584923  51.42013009  53.38441309  58.56381312  29.46157318
  29.9815394   23.923486    48.50572147  34.98386539  19.56283537
  57.44664001  20.07456287  97.00970924  34.20634593  37.38387051
  78.59160981  57.33109262  28.20319303  48.67852387  37.29434041
  47.06926719  54.69443024  68.2467046   54.59752026  17.40565854
  18.96501778  28.98509825  41.11413699  15.466587    32.59345147
  62.9778331   37.58364566  29.9732326   42.53305857  53.14386994
  64.98739067  53.98983241  20.74151265  52.23947843  28.42216551
  42.01542873  64.48128157  40.95071839  44.58648715  19.92318235
  27.3028395   28.0301431   42.11845642  58.77244886  20.76001999
  30.78278374  32.66676524  29.33927084  59.59140506  34.36682668
  36.38033757  23.51053573  29.50891963  21.30989705  46.19822222
  30.01234706  33.37628401  22.14813033  55.81444769  22.67579784
  33.73438722  21.34192068  25.19693672  28.55292663  43.68154833
  31.41066242  28.78752219  55.27047213  25.4527512   66.25343766
  35.46053171  49.40048172  44.5980833   59.52403848  52.08534029
  22.93563148  22.00071566  22.25972471  44.71186338  25.27498032
  45.5201932   40.97901565  47.00965173  21.53221092  20.25805407
  34.25841295  48.1626233   18.73568906  28.54701012  33.88188689
  45.87462721  63.75811908  48.26772237  43.48309371  31.14536955
  29.32451142  48.14693434  62.20911512  40.11187232  69.61231119
  21.81430545  29.97018661  71.33423675  37.54909876  36.87418083
  21.82286293  46.42363273  28.8893074   25.55157202  33.24938176
  26.35203672  29.70410866  31.19942687  20.42806134  22.30599806
 138.45077482  49.15549916  72.76579475  65.6568413   48.56443346
  37.21152791  65.15258837  25.43643652  34.91572564  26.20695751
  48.60011682  30.82663689  33.36064461  41.31781104  41.55587744
  32.16096482  20.10670549  50.20857052  36.35460686  45.72182518
  43.73970511  41.86490328  57.84359028  32.92164007  58.81676324
  35.24928039  32.652238    32.13473793  44.76718682  30.94863475
  28.47046989  25.87070059  63.83099876  24.58766886  27.43233969
 111.24033045  44.75968613  31.53536051  59.6134716   40.54134861
  25.83277998  37.33442315  31.2293034   29.94291704  38.81766725
  31.85256982  54.11950954  53.94430558  29.33229523  22.59648852
  22.09278637  19.83031441  25.43606011  35.00718509  48.19996391
  53.4976896   35.31262742  35.74540972  23.45918197  38.33925224
  50.94927645  60.00063851  46.63754829  99.88594449  29.64551466
  30.6260907   46.68576875  22.4362528   40.57947974  21.04256684
  61.84307218  27.33298218  27.10537274  21.35757476  47.14907609
  16.41966844  21.31582417  16.95823704  37.69296128  37.02095055
  27.53960449  33.05344038  40.27130207  41.93714279  36.16582599
  23.86612358  28.65858149  27.89497491  80.0152298   50.69852642
  44.3895874   49.52608644  39.02856042  44.05403969  84.61232658
  24.52893769  41.76249017  42.98401548  24.62587502  34.64225328
  45.16740351  24.12123457  31.03956785  26.65480535  25.27705744
  38.55374337  30.93427477  38.17195577  36.4581826   39.47397274
  57.46477869  21.75047853  46.24446794  43.25348267  35.11898632
  33.74950297  47.54498759  96.05826847  51.62128646  40.0534219
  25.01272201  17.82696858  21.7415417   39.85431806  46.60061861
  80.68176891  32.09286901  19.6967124   39.5516306   37.20950921
  36.88041613  52.74204367  57.32612277  45.38932736  25.98901828
  54.56048178  73.21793526  39.40695706  24.60723236  61.45854861
  94.07705197  27.46077447  21.61305574  15.0667293   49.7536685
  40.12636904  46.28034333  44.59559606  38.99537567  25.47155393
  72.84146044  39.49211162 102.08847829  58.10689557  34.40421575
  75.79698238  43.51504322  42.91457225  38.60436812  38.720371
  91.21890649  29.15921635  23.00571895  28.49037117  49.7130496
  38.15043623  18.58059981  50.80982151  69.24773375  38.22837608
  61.02210613  14.01309974  83.21782332  43.19058825  55.28882625
  19.71050608  64.72674316  20.81722958  47.51933198  77.95229501
  43.28746238  63.05435877  33.87595326  21.54816986  58.36798062
  38.80169805  34.57918487  36.96071745  44.77855121  29.38642551
  30.24375415  29.61613967  46.69093849  43.01483685  69.04561265
  47.17703394  60.14401663  56.50930497  48.98586362  55.81348531
  35.55586701  35.61571412  20.07243323 110.49337648  65.16636473
  34.07088017  46.48418822  27.22570066  35.744183    82.54658652
  45.96926261  77.8297625   27.03107859  27.35478974  26.24512633
  27.48949261  23.9002621   79.3452425   39.10921605  19.92247246
  45.57068234  53.69308327  51.86318395  26.1679677   46.46582464
  24.58352976  39.75516671  34.25597345  25.7606497   59.26726145
  36.67229535  43.1767709   27.06741633  31.78995633  22.4216927
  30.47483762  51.95766823  75.53295015  76.94861716  88.82636544
  23.09261501  43.80494463  27.43609936  45.25988014  57.4706708
  27.79382735  36.39782788  40.65977597  29.53989589  32.72581334
  28.8130671   31.33824907  37.17246138  56.49479479  50.41541114
  59.9352928   36.01848399  34.55257192  51.63420547  82.59797043
  48.10818893  35.44942215  32.84372059  57.60545142  32.28871063
  31.18226266  22.98609863  68.21572725  26.32383758  31.35865016
  38.81739047  51.8046659   24.12406544  43.80254307  63.59227606
  28.43120748  32.40493906  27.86310839  40.76396015  40.55499075
  80.78186211  28.52100004  25.53602034  42.40023924  41.67257063
  47.69362539  21.41081559  54.06104572  51.3927448   42.14223512
  50.63927547  37.66238822  27.96076493  26.6408542   22.68112431
  28.79629647  32.60809072  61.71474218  42.71553623  39.29999696
  41.09794763  22.40879543  43.31978159  25.47997611  39.98994003
  29.95755361  43.07217422  45.59329646  40.64255319  54.55131115
  34.03564918  49.05417179  46.56239339  51.91043385  95.39743915
  40.75528416  28.95446053  24.18704016  53.65802354  29.11551646
  38.65198803  69.59962099  59.77449809  32.6011042   25.78713554
  37.43097941  33.86802593  21.50365414  37.03659703  41.68421131
  31.21098535  41.68129562  75.38702966  45.86233879  34.54404295
  42.0293773   24.08087291  43.66338324  72.36803389  56.56194718
  60.58883402  44.32612012  51.70231293  50.56105401  28.33144023
  18.25733089  59.00758116  61.72342883  33.56899935  22.04309973
  26.16807099  33.15803092  24.06256709  33.8218846   35.90120975
  18.5039253   81.75769195  60.55648055  29.57765999  84.75424299
  72.9441803   31.47812326  74.22276373  47.72501835  29.85408747
  61.88559645  32.24671921  40.50338421  27.73994717  36.27778019
  32.74109665  32.01606647  36.11668206  19.29259151  26.30728026
  30.15737503  36.43027614  59.67120776  20.73568452  46.59952119
  55.14778955  31.76620162  46.15447559  24.11585     19.49314971
  65.70272495  33.86327052  24.43248607  29.26053915  39.91657595
  42.71500365  56.50558316  57.44266452  30.58126157  54.15886425
  25.10007917  55.64710397  48.57700674  20.58144903  53.71344599
  22.31683089  28.85160351  36.07711018  26.96393116  25.85482058
  69.63200993  47.98889732  65.84222517  39.5913828   50.68088333
  29.39053724  56.4185324   26.81295712  33.80281336  47.51324548
  41.7502921   40.19482405  47.87282617  35.49809575  70.6380527
  23.51565225  22.6586061   29.81155489  32.08632439  23.63687508
  59.32679507  49.12096763  98.68619539  35.96754695  32.90989047
  39.29095893  26.15559627  32.81380242  35.62357637  77.66974173
  22.46699433  18.93694118  27.26615841  38.70641332  27.65850444
  26.26895557  42.20201405  50.41115904  55.58355102  68.41976638
  22.51401244  47.75689222  29.74016596  23.9902415   14.54165292
  30.71718809  73.64230824  26.42273563  58.32908907  63.77984405
  61.61548992  42.06722339  69.07613259  51.09069037  23.19737945
  32.55759416  57.01669118  47.82430581  21.16353488  37.94176362
  34.81483995  42.48907019  52.55768016  38.56236168  26.74795112
  34.42008239  28.55463805  43.69535888  59.67182762  99.50207824
  69.10969333  93.89564964  47.56628588  79.16439791  49.94059638
  52.51589518  39.22445587  34.32503766  46.20351203  23.35080056
  37.07897332  65.54403011  32.92729658  26.70524789  32.98143379
  48.50353408  47.4119124   53.81841242  90.4097302   18.92360709
  47.78586042  30.98893792  49.52475071  50.2284739   52.38253778
  22.22312927  43.59090276  34.6701987   42.09251048  28.40778354
  43.73148776  54.64713197  34.2306595   31.38559341  69.73302909
  20.39921384  23.88386517  82.64008782  43.72215159  25.61138392
  16.30125661  61.75637185  39.29178232  46.84127931  36.36204197
  30.51884405  31.6255528   52.76564553  39.91419609  56.57681074
  34.84834475  52.89433597  41.85263745  36.35644931  47.26431583
  45.08062033  18.26889891  47.98168375  25.75523972  21.18959849
  50.7154819   31.81816261  24.96222506  77.31452152  33.26165088
 113.11834454  41.43435365  59.91243808  49.25866935  41.00104554
  24.80941265  64.68569803  52.83002657  23.60824026  54.63379144
  23.50276984  38.436795    39.5676553   82.14582835  34.67088273
  42.20581983  46.40766572  37.3417515   31.37271574  31.81343223
  24.20866313  64.8315123   81.67979101  48.05411981  28.11995406
  19.86955565  78.35578589  22.51702955  20.21337976  22.29148327
  78.31800154  20.79526905  57.12850849  48.78630105  46.58865724
  84.15831145  28.6877029   52.3383614   38.6468983   51.20004376
  32.37161073  26.36091662  44.71640564  26.77614993  60.62349277
  41.89703454  66.04713613  45.5524667   66.78836269  29.7241758
  19.83343744  29.42005121  41.44144166  38.36630814  24.04418651
  45.55054355  41.66406384  37.32473216  30.92452429  37.33569106
  25.49058831  41.23105615  26.19146635  39.04793306  44.76867012
  32.9829161   68.73678153  51.15694189  19.69271733  27.09633453
  32.03732856  81.67032812  36.41617055  32.66573336  28.92500946
  73.73129242  32.51532951  68.59249528  35.73884717  37.24188579
  53.51394604  70.74092547  30.27616988  30.85527251  82.28369923
  31.78508729]
Test abnormal scores: [174.51465354 130.12295956 161.91151241 ... 102.71555472  61.62004382
 135.6910678 ]
