Logging output to: /scratch/mgirishnair/MotionCLIP_experiment/results/multimodal/classwiseGaussian/contrastive/anomaly_results_multimodalClasswiseGaussian_random4.txt
Loaded embeddings:
Z_train_normal: (3019, 512)
Z_test_normal: (756, 512)
Z_test_abnormal: (52940, 512)
Normal classes in training: [ 3 13 33 44]
class 3: n=752
class 13: n=752
class 33: n=758
class 44: n=757

AUROC : 0.8134
PR-AUC: 0.9963
Threshold (95.0th percentile of train-normal scores): 26.4957

Confusion Matrix:
[[  207   549]
 [ 1618 51322]]

Classification Report:
              precision    recall  f1-score   support

      normal       0.11      0.27      0.16       756
    abnormal       0.99      0.97      0.98     52940

    accuracy                           0.96     53696
   macro avg       0.55      0.62      0.57     53696
weighted avg       0.98      0.96      0.97     53696

Train normal scores:  [13.51701701 20.98790252 22.02411869 ... 23.80299819 24.35143589
 17.13179556]
Test normal scores:   [ 73.71101471  32.19962801 107.97854366  37.45018406  73.56360724
  40.39124368  54.49067787  61.02355981  58.83759324  15.60491171
  39.17657804  18.13313813  40.75288798  73.79128396  52.48898295
  28.65725921  37.59118373  61.29457362  53.47818456  51.92293793
  40.34195371  23.47920514  30.8177111   68.71442458  41.59476933
  12.83300893  43.75672605  91.14024451  15.4208515   63.15442206
  64.23508879  57.84625326  47.38403604  79.6326746   49.49515432
 102.94112442  42.97431468  79.92476352  60.2098778   55.052499
  20.38451657  33.03286462  88.31785328  25.25175155  21.26996439
  46.4355637   30.09338554  23.77426696  28.00644885  70.94053502
  43.12331502  19.6947141   22.26985971  22.77790828  42.39489338
  14.90844408  39.29430016  60.94269292  61.11968054  39.26021422
  60.36540432  37.13171796  18.87572223  86.72146968  16.33964378
  47.53703214  37.83069917  68.55239099  46.52735774  23.6484494
  77.86963047  23.38734987  24.01958294  24.82057285 100.06024045
  39.5210937   19.0579255   12.44541608  74.53366215  29.6195279
  51.25775884  40.64317061  88.40369004  26.58058451  33.45231425
  31.75325295  15.1856848   48.52824291  22.47132699  61.912398
  58.38954946  73.03826806  64.24222255  34.94704975  54.24932178
  20.01759709  74.67365194  12.79383294  71.07240113  49.87355677
  25.86432511  29.14886931  54.60710372  19.62766453  17.32696126
  21.03775261  26.42987081  46.20417861  17.93837903  51.62029565
  63.40658867  22.69826961  35.06505713  32.11045632  24.21932306
  43.35988998  49.82782794  15.29171458  30.14017461  36.70839755
  39.19042589  38.84087385  24.37347747  55.02691171  47.73475713
  57.4394844   45.66556928  21.53064719  17.0300124   38.20505538
  79.78162312  35.08400443  37.18979066  28.5680952   27.03589442
  37.11748356  44.4963166   30.40701385  47.87518021  82.48991233
  24.35147755  14.41915663  15.90419531  62.83035929  19.81433276
  63.3978859   25.51363591  23.53733831  30.76282355  30.99993163
  53.49905718  21.29518305  44.22410479  47.64845656  36.39653669
  30.14540232  73.65953182  43.11876104  25.15954941  27.02912496
  56.53671159 104.20226852  28.08946193  24.71339586  30.07044692
  82.68114327  22.86938872 100.21978237  27.68097341  52.25808755
  81.35297264  71.21869656  17.84526718  25.76559292  46.66821305
  12.38300847  17.79154354  36.25097548  22.25553625  46.07612296
  31.9156864   36.95950878  16.35609573  45.05098608  17.59255103
 173.09181894  18.41477211  35.66695486  36.84389605  19.51875211
  19.13321905  33.82325847  23.70966063  32.45504843  56.24987524
  34.08346253  27.36408368  18.38362928  47.28110117  57.83334965
  72.412184    39.58019673  79.47825045  66.86818446  31.34445405
  38.33581169  46.73754919  51.20555529  40.685413    78.00275169
  36.94416703  23.35234142  23.55291598  40.70833764  52.19919574
  54.77867594  22.30171355  58.31574561 103.57453569  17.73668681
  16.45764258  20.46965124  34.29423451  41.6531654   75.95281663
  21.92406125  32.29989669  26.01348224  34.55466671  54.51126378
  57.98990764  74.22237284  38.76953458  20.69772063  36.23872583
  41.20064941  25.36278142  86.44491802  46.59544461  40.75198562
  16.23427583  27.48006447  82.3630889   37.29782394  61.47942544
  53.07520526  21.98664233  45.50728504  88.5795552   37.90145377
  15.7869434   48.1487162   49.62574111  49.84348623  26.88128229
  33.95803027  18.39701972  51.25246101  33.89945959  66.7641982
  42.85366574  37.83707657  18.07373943  19.1150416   46.11036057
  30.90350585  28.39805819  36.02877362  54.41595696  61.02161796
  63.58241595  34.24638686  22.3358654   42.84383129  24.17193567
  26.27173025  33.75044329  55.89681968  38.56032329  19.08927413
  17.77937802  32.82700411  23.88977531  23.14551572  36.37481889
  33.61754279  56.49499544  54.64801254  48.8942681   36.03716031
  65.50474151  55.89575576  86.72784642  73.91725801  23.03630216
  67.56883823  40.93793773  32.91544283  43.0436499   33.28990433
  46.5577018   41.88682895 116.66226643  57.21733649  37.32901137
  29.55241344  12.05176556  19.03646638  26.47002973  21.63495664
  29.71321034  19.71274983  25.65711646  32.23098648  25.10825791
  72.67542272  60.36366197  33.78479071  32.52129393  17.56904094
  70.61235219  85.69756358  99.67927737  23.57762217  29.78473501
  14.44195448  37.10109279  15.03796627  77.61596878  25.70920367
  15.80353265  11.94435513  70.78560904  14.4580551   39.22213476
  17.93195433  42.82273873  37.75372359  82.24792469  70.1765104
  50.04442944  50.06166162  15.61288642  36.89914991  59.52521468
  72.34052491  63.19956182  60.37002837  68.22184422  28.38979772
  38.16043311  47.44870573  27.40634009  65.68521439  27.47227074
  54.11969016  20.54010556  34.29252528  14.59621751  38.15931404
  90.7830026   21.30875166  43.7919158   46.19249549  32.53336554
  50.52493643  55.38976105  33.81649022  58.67220709  71.93118961
  90.99005804  54.69971822  20.29522572  17.41711811  18.36778965
  16.89426716  29.72652374  49.74490701  19.07619646  26.43632744
  35.99217398  45.94486141  75.73006296  49.0487885   21.02611022
  64.87873139  26.06409667  25.21567544  51.28924077  52.63193924
  33.62614561  70.66885985  31.49327462  15.99100144  61.0922351
  77.24999762  52.15172943 107.70849287  33.1462366   29.15280944
  37.76654962  58.85398289  38.60290224  25.12199951  36.19795698
  43.1572055   23.98558593  18.13059292  59.12044643  33.59566509
  45.55921743  14.33038628  33.15031092  25.59180536  17.2140187
  54.83997643  14.0176915   45.62930608  26.27755032  31.53522767
  34.86666953  35.62577584  26.37515324  34.41155129 100.24358629
  53.74359534  21.05534618  54.9190754   14.61814906  68.39750945
  34.51262234  62.87133741  51.38289308  64.33530196  46.96091179
  80.37875784  22.71774431  33.29897312  65.96790694  42.05752039
  31.16665632  81.99771097  46.01889202  17.19551521  32.71403597
  24.03788945  26.40754578  32.67712898  55.3199213   73.67009774
  34.26734132  21.68472369  63.33875576  22.79158047  19.29924304
  41.72608274  24.21672744  11.58568329  53.54230323  36.80616858
  22.99003289  51.44188707  19.56241046  29.09904375  19.1263738
  37.9436583   37.53412087  22.79306522  26.08108161  28.57614904
  77.96136093  28.89110339  34.79710477  37.09963657  84.05092149
  53.08573769  65.12698565  28.68652555  49.92497994  69.34530475
  24.64544898  26.00094298  26.95441897  42.74764929 105.03375534
  23.10472232  23.97118429  62.31369027  63.29256934  29.73238259
  48.20689076  42.72028604  28.3705694   49.50514773  24.28880917
  24.70114273  54.77088125  77.1324844   70.76257923  36.28704817
  29.15462993  50.85117539  22.02902915  39.77476058  94.37183134
  63.22135122  42.54473264  50.62026755  67.81983812  31.84866483
  40.50223279  52.59005307  39.34907669  34.24136521  17.43047272
  70.05677346  83.81780117  98.8548056   36.72776253  25.40985102
  58.7211874   88.11750416  57.20284628  26.97780157  86.65678542
  69.10612127  76.08975572  27.67261076  21.01241518  72.3866527
  50.08874536  61.79701629  35.64243776  42.97647369  60.45502317
  51.50008018  37.06624082  54.95507675  19.53719682  53.62212573
  61.09532591  45.73586465  39.87035857  31.25923536  21.63607003
  36.1346307   54.94430982  36.40680106  36.0083486   28.36106753
  19.21059862  68.74349813  35.49771873  43.46908228  30.25783184
  17.03753027  61.6218545   36.51906023  69.76212895  32.23392514
  32.55642633  31.39347106  18.28194834  26.96492668  77.04152667
  16.84485892  34.01471599  90.29386596  15.01549213  26.40518871
  37.67256956  98.23988038  56.66137404  49.8731429   35.69959687
  31.12201746  33.4844644   49.4023419   12.37944464  70.88155081
  17.19718047  36.81221548  27.60680267  14.36370288  66.92876605
  12.96926953  29.35719494  27.28629701  36.89695042  47.66063825
  85.91972197  17.5928959   41.25198411  32.08102982  44.65542472
  58.65767633  28.31020685  24.77897545  48.42302674  52.98598023
  30.96051713  20.96796932  36.64216581  15.88227989  39.24954026
  22.76544279  20.66718261  38.77276743  34.92135902  38.11412562
  24.81453374  51.32595276  56.02691641  54.61703714  24.08160049
  35.37865786 199.93141036  19.65237504  11.8312787   69.51164676
  28.14499425  42.39308948  20.68984592  18.81001842  44.73607344
  62.98981132  49.00955497  74.94742247  38.08376092  30.3386395
  54.77365011  33.51073862  24.73089644  19.47904899  58.87080634
  61.32925707  70.42414586  44.16244401  48.37769231  58.15937238
  73.26143555  15.98429233  94.93075577  22.03509229  49.00529138
  33.0837115   32.38443339  35.86281297  78.1081274   11.6138065
  38.67178992  42.99996745  22.17242221  27.6193045   30.98095266
  33.79932706  41.98239503  17.18382251  23.61794203  18.48416802
  43.04234622  41.63686086  72.90648224  38.72893006  14.37799392
  40.13956958  72.55403244  52.51046313  42.98657452  41.33390103
  46.00334116  21.00856946  68.60388674  73.46866804  13.68604402
  44.48816003  25.39585884  29.02293142  46.58013723  26.06516817
  68.11606312  12.34026723  88.70043707  49.29417062  21.83834156
  60.97929062  39.79608409  28.98851044  33.9633809   27.29582133
  20.97371682  16.34467738  36.64844993  36.12908502  20.17187502
  26.82975573  22.23281063  82.27515316  43.2373685   18.20744105
  56.11984519  47.51929412  18.88089137  30.97342214  62.74211598
  43.60822122  25.25210958  22.56127412  16.57014445  61.3140088
  58.27680473  51.25212202  23.28133698  47.6309601   15.84442731
  26.35373872  18.88431708  19.17433785  38.26544923  50.91172755
  24.10941832  34.48323738  42.79510993  27.59488047  64.87211825
  29.45731273  43.68614018  43.92006319  79.01892019  35.6356424
  46.64719366  57.85900668  24.49131996  34.17764555  29.26687411
  38.34117314  89.0972115   37.17764837  62.76649059  59.7009566
  26.94725348  57.57139219  69.77894173  24.41032515  27.15146392
  73.59684148 102.68789179  36.65345633  40.49218303  32.28492904
  54.24947123  41.04204002  24.50443044  66.0763023   18.97750227
  28.9885587 ]
Test abnormal scores: [52.15169786 48.88090347 38.88928738 ... 84.39239408 62.8466043
 79.9120353 ]
