Logging output to: /scratch/mgirishnair/MotionCLIP_experiment/results/multimodal/classwiseGaussian/contrastive/anomaly_results_multimodalClasswiseGaussian_touching.txt
Loaded embeddings:
Z_train_normal: (3030, 512)
Z_test_normal: (760, 512)
Z_test_abnormal: (52925, 512)
Normal classes in training: [45 46 47 48]
class 45: n=757
class 46: n=758
class 47: n=758
class 48: n=757

AUROC : 0.7954
PR-AUC: 0.9958
Threshold (95.0th percentile of train-normal scores): 26.3401

Confusion Matrix:
[[  178   582]
 [ 1239 51686]]

Classification Report:
              precision    recall  f1-score   support

      normal       0.13      0.23      0.16       760
    abnormal       0.99      0.98      0.98     52925

    accuracy                           0.97     53685
   macro avg       0.56      0.61      0.57     53685
weighted avg       0.98      0.97      0.97     53685

Train normal scores:  [21.64466892 24.67824509 19.6622096  ... 19.60615416 23.5488603
 23.28849305]
Test normal scores:   [ 14.25052024  60.81423806  62.69886322  31.54967832  48.57475787
  36.11981032  33.16786848  29.15300074  70.53249555  21.36551586
  59.68954046  37.70600293  21.1021089   74.69651793  31.04815494
  46.28469289  56.89448211  17.32143708  26.41092062  60.4242769
  38.2748938   31.61321344  67.23716679  28.56525631 100.01873638
  33.67891205  41.00292735  34.62560805  41.81184474  74.70850047
  45.76199028  26.65408924  61.63004144  56.30679238  44.42069293
  65.21763509  28.34730466  75.02160017  49.29652938  30.9360854
  32.28085669  18.24923582  44.68429273  41.91066692  56.44234444
  26.9964501   41.44972041  23.67502943  72.7815452   31.3927141
  32.50067677  69.55266879  59.00988055  79.61527798  37.73021926
  48.15288882  44.92038669  17.4081818   44.44000061  33.92305438
  30.96272038  29.6714948   64.76755033  30.25187174  23.84919893
  39.69262169  20.76683855  16.30148124  16.44276606  44.17058475
  19.28689083  50.06660666  60.1338224   78.04749771  30.30098922
  40.26199694  72.0753736   41.40556309  28.26893772  32.01639502
  17.18023751  54.77908017  57.86954872  29.55220925  20.86283982
  67.50309769  62.71600712  42.97535633  42.20672345  41.94605077
  78.9304036   17.48665545  39.45901939  55.10969839  29.11778609
  61.17872809  29.71750213  26.53622204  51.12155989  21.62550699
  51.2203126   23.64770546  36.67168205  25.79538129  72.76577026
  66.08933786  53.68931247  32.64893484  55.12186654  29.43326146
  57.44454141  62.45956897  59.54858233  31.96609956  52.13908117
  89.52531433  29.12323206  38.54063249  20.54216066  73.98059766
  39.36833662  30.43316398  62.53330716  40.3353235   44.44990886
  21.68932729  18.48680033  74.8207709   68.36046612  44.34275676
  45.85014519  47.65176117  61.89317548  52.30661723  95.46757149
  27.07821729  78.54714112  56.10461631  26.47283134  43.89694143
  73.21190107  26.90750557  73.87969705  27.63101809  29.35380928
  37.3963564   50.00580871  35.86184631  17.53366216  18.88895999
  22.78646029  44.72522582  24.75838527  75.63572254  66.3860769
  56.92173678  28.16201631  27.50576861  83.62091027  69.78537244
  67.77827586  36.63634041  34.41046666  52.38920045  46.81006943
  25.09232044  59.77711503  38.99689256  22.11821575  93.1266003
  20.27633718  92.76491805  67.66768224  36.01692676  57.10810419
  80.62860261  57.91732521  49.93345465  29.00284598  32.20972557
  74.42421521  47.53728185  31.410295    37.48686425  53.03381914
  48.4381818   49.21660546  21.38020306  32.22506195  17.76136623
  39.39033964  66.16033972  81.99079433  18.62663377  88.65038285
  65.71471485  44.02814005  40.78256675  42.4844836   27.28262396
  16.68842418  30.0901422   41.2644695   44.72256812  20.69223588
  80.75785681  16.73061471  58.802785    29.90490734  52.7470979
  31.73635444  21.82107764  17.622522    29.2072974   35.29225697
  24.98113054  61.42389438  19.80758371  44.10312229  87.79773578
  36.26492695  24.25924956  21.8837926   46.18523552  15.80687829
  71.4944935   55.6490013   38.86122408  43.78006838  24.50558064
  93.07450022  23.34716031  59.16514683  53.68912094  63.11297449
  18.95678055  26.46368199  33.74556628  69.68997134  29.19860804
  20.5113667   58.27030356  91.2798523   28.16970441  50.17959053
  42.93881587  53.11608146  21.15799472  37.65786877  63.56005893
  25.23236255  53.96873712  22.9789969   23.39673074  66.01133444
  14.17534054  55.42776562  19.9065083   32.48613193  25.4929646
  25.22476018  21.13862771  42.11845669  70.83307662  50.62954342
  29.28946214  69.68029904  22.85925517  60.61622292  71.61964744
  27.19068302  38.63779656  21.83060273  45.24912003  27.39483488
  43.80388313  28.61393146  66.62928326  57.22885746  63.67769278
  16.92899888  80.57925349  71.26172948  50.19966548  63.92446906
  13.89601748  25.99003571  36.21366996  25.78715752  65.21537778
  31.80904543  80.35946615  82.68438334  82.37027405  25.32788846
  17.13577221  26.83399321  15.28526098  43.86381478  42.56619052
  29.13407267  62.94511039  55.42057603  58.08930838  67.45742162
  79.32982631  40.73071568  87.42934993  77.43933337  30.03159848
  21.05931045  41.59397619  46.67711227  17.87173684  31.37081704
  28.4527371   23.18935671  45.59663395  36.25861712  20.05376714
  29.78449331  58.50196225  29.71455788  26.13617864  48.58361891
  23.08214748  52.62637036  22.43216538  42.63326986  14.4599015
  17.33699433  29.81880621  24.42427054  21.39263922  45.28320655
  31.59101305  50.24488583  16.91509771  69.27765135  59.04652739
  17.98657486  26.2302608   23.83904994  36.56948164  31.92539123
  29.40610036  34.49026456  80.2058181   44.02040618  27.87692972
  37.46329921  69.80811062  81.8740001   43.6533517   49.54833533
  47.51464971  62.08918634  12.96078273  61.25983423  45.90583813
  83.32591622  62.26626422  66.76697367  57.66876464  12.83867557
  17.57756729  46.1552442   27.63573964  21.75161438  55.59733225
  43.63478206  28.93895172  51.00909085  39.33379183  28.22466801
  73.86741312  42.76232631  22.11242174  15.88432049  42.03184399
  83.62355015  37.46836414  19.50278566  18.70316564  30.3661978
  52.95964767  53.54562273  18.7517255   48.58955576  35.25316081
  67.67906051  26.54221373  44.71723238  29.34014719  18.73996757
  20.50808871  28.1830693   45.25045408  32.36569982  36.04844796
  22.58780395  23.65011097  26.4964876   85.95750033  30.8183177
  36.68632598  33.4334268   17.8837385   28.0532755   53.12014629
  38.92086317  65.59215634  62.25382847  41.67313513  57.04841835
  20.97545115  42.05292438  50.02993274  20.40711406  33.99259008
  41.82618856  27.87260554  20.92855065  30.38361644  59.83074812
  84.61187161  62.83158914  24.22678546  25.31716973  37.89242828
  31.80591018  34.29899173  76.97845375  23.68382059  30.17098647
  26.15396503  47.10803551  32.56001955  36.7970795   29.32052033
  54.59856604  18.14529894  32.48957675  62.68639822  35.67817443
  23.42133021  48.18735113  30.81564969  32.97895395  47.77469491
  40.722671    22.59434826  28.07312825  27.83268755  60.99299628
  84.30931673  19.06176443  19.35141971  47.70302645  43.06881427
  28.67615506  23.19412161  60.86381562  39.79486013  22.76924521
  47.43983066  27.55056571  20.49535008  38.86642648  53.29346498
  24.34967548  22.74322634  38.94296781  23.75340228  32.17318075
  33.32934505  67.65925068  31.62455702  43.69880511  73.13313826
  16.76100486  25.67019935  18.31509254  22.31572592  30.75461129
  36.44363982  45.68724301  30.27246541  38.78100573  21.15789875
  37.04622566  20.8611079   63.44015938  90.90707963  42.21677362
  71.99761093  32.78462552  46.73916917  53.44059273  19.65886737
  18.59875371  32.458036    70.18047552  60.70838809  72.99131893
  82.26759846  49.00346615  54.99746584  69.4427476   17.88415256
  37.05053843  29.54693148  71.29993219  43.24197194  44.87062926
  39.90293647  62.06447195  40.09660349  24.60686158  18.00636693
  18.53535831  67.08967441  79.56677474  13.13477176  27.95112575
  20.01097292  29.42495782  34.45491555  23.0866466   46.58637049
  36.41533674  39.44218871  74.90396094  69.00853905  36.87689061
  28.94542727  94.4382526   41.44389251  19.50804964  80.17328284
  33.16893657  55.99909537  39.78294842  51.14176288  82.54299461
  40.52149812  28.15761955  35.87706871  56.22525098  69.2559605
  53.82593336  42.30318232  70.94024221  80.38988642  59.6551741
  28.29004341  25.99035347  23.44795668  45.7603708   51.92902272
  48.600333    52.53018364  37.66598217  47.03817647  35.50541225
  41.40232649  17.4776098   61.52409175  34.15592088  40.34713564
  22.4673192   32.335523    17.04810306  69.92973328  76.65570589
  43.31723544  18.63765297  58.59766113  31.5139398   46.16539761
  52.70984673  15.79435957  62.65460522  99.44453282  27.95131355
  52.8494896   27.04810758  25.04808307  20.3623725   26.51655856
  19.9773098   31.861982    17.56437454  32.29059579  50.0165253
  31.31395667  62.76270836  28.857565    23.07921918  40.99963252
  37.27168462  16.13524733  60.10880349  13.38509878  47.19971413
  34.05461967  19.48072769  94.10983291  20.2018611   35.92824787
  24.3015416   35.4611156   16.87947031  59.54851415  45.8857557
  58.10117918  80.09552343  81.66013767  25.98909967  30.80399318
  22.51180002  57.61181952  52.46229524  64.62960983  43.6182797
  22.01247337  47.97754393  70.84041836  47.01050214  15.10784383
  28.7022368   34.62061141  34.68892161  26.68496562  43.64337616
  50.36888909  44.18977294  68.88259949  32.27202575  58.47393885
  58.59125769  75.97718124  28.28896144  33.23629957  29.72583967
  22.66350818  31.60683655  17.37683016  26.74728672  22.35473668
  39.77103065  45.29616548  19.96111441  69.82934856  44.06805199
  35.66545103  51.69078732  24.56725537  28.62176484  15.75805124
  25.11326134  16.44005654  19.7926765   42.2229396   31.76735146
  36.93380011  72.47615154  23.28500804  54.73013765  81.90045563
  61.70750963  16.26848459  56.71953742  17.16886608  50.56873578
  86.92055442  56.30450216  49.26561954  65.226178    68.73748786
  23.00466973  78.18927991  35.67259313  37.21743605  24.45177243
 117.1794081   24.92153963  26.42554754  53.41784404  21.62034871
  20.40798929  14.5921192   57.1708892   66.92094485  91.44343147
  40.91704478  51.63354428  27.40013885  50.50970544  70.82328734
  41.42122207  34.23782178  77.50423247  19.02022797  92.47963336
  82.35535753  26.47426469  37.29750115  41.32148079  17.18368149
  57.92271284  19.81944958  61.66390459  30.77452816  24.14644288
  27.75164132  55.15914863  60.33557046  20.29789738  75.07159447
  35.37465069  17.69439883  26.48730279  74.97598419  72.36330647
  31.33574766  26.33125992  41.11296087  77.38003373  30.77199114
  36.6278273   40.0820167   43.43599762  17.37850336  32.9136793
  73.31787716  53.55508884  51.56494964  18.38416803  31.92976381
  34.94836597  31.22296038  46.16539712  27.7979345   27.37900939
  29.12049734  16.51013099  69.74106127  25.80818991  37.04810445
  49.77681128  38.01698804  37.38881568  34.73876463  66.75215723
 107.26134846  20.87411376  55.3537078   47.78576089  52.3324684 ]
Test abnormal scores: [143.57893856  39.68410852  55.48204775 ...  81.05355416  75.17100396
  59.78241305]
