Logging output to: /scratch/mgirishnair/MotionCLIP_experiment/results/multimodal/classwiseGaussian/contrastive/anomaly_results_multimodalClasswiseGaussian_random2.txt
Loaded embeddings:
Z_train_normal: (3019, 512)
Z_test_normal: (757, 512)
Z_test_abnormal: (52939, 512)
Normal classes in training: [ 1  8 19 56]
class 1: n=752
class 8: n=756
class 19: n=753
class 56: n=758

AUROC : 0.6991
PR-AUC: 0.9930
Threshold (95.0th percentile of train-normal scores): 26.1954

Confusion Matrix:
[[  143   614]
 [ 2014 50925]]

Classification Report:
              precision    recall  f1-score   support

      normal       0.07      0.19      0.10       757
    abnormal       0.99      0.96      0.97     52939

    accuracy                           0.95     53696
   macro avg       0.53      0.58      0.54     53696
weighted avg       0.98      0.95      0.96     53696

Train normal scores:  [25.28965277 24.52572984 17.74322882 ... 14.35675695 17.301566
 23.84747095]
Test normal scores:   [ 22.13181359  31.39221574  15.64595193  42.37086001  39.23570575
  21.87537472  39.04663791  25.06162533  31.3740105   45.10704159
  58.3961232   35.11830542  22.12931009  29.29602471  52.00342972
  31.90919511  47.28460367  27.95990247  71.67257272  28.51375258
  66.25030323  36.76590974  39.1955955   33.3182091   33.81771765
  63.54915199  33.92728436  29.31333329  43.55222539  54.77580193
  39.3837923   36.03885879  25.01065672  33.97144779  45.71350411
  28.13128468  21.27117376  56.30737976  33.50528354  40.06818991
  21.69573298  62.1941989   58.92361002  24.77253055  59.97959171
  28.47568736  33.32641753  42.11464034  52.400271    30.13886666
  52.16961218  48.16788267  63.01114998  26.18010126  25.06034405
  33.01575608  47.38393244  39.09903941  19.33473713  57.18023528
  26.60503655  29.38911524  64.00280292  46.05266928  66.89176017
  51.62367881  20.61363854  43.67574762  38.06136688  67.47254251
  27.10464677  60.74838977  23.30698156  24.09410228  39.91197745
  22.68044628  37.37113817  37.31696203  31.9445989   52.53130578
  44.484665    59.72276482  47.10059967  27.33410287  30.89226277
  73.92978867  48.01112575  39.51373606  42.52707095  19.53081074
  49.28313236  41.98165989 102.76664922  48.04848208  28.27019791
  34.06197994  23.23214433  40.13046118  39.13268603  20.18695298
  28.66976742  41.39991492  43.70666296  29.66926964  73.6550168
  46.01599529  30.84172577  35.63759676  42.02394116  19.09860172
  25.14599236  49.60876705  46.20274998  21.48238632  32.91814281
  74.98979163  31.24648674  21.66734727  28.38670055  32.19390154
  34.29675787  26.01590026  69.32461211  35.21850488  43.71511584
  59.48367883  36.65954069  21.9440828   55.04077252  16.83583113
  52.00613339  46.081916    37.49140769  50.60599626  33.40987843
  44.05183329  24.92909182  70.55614273  71.51966895  32.53307593
  38.89519047  22.46220138  16.93053811  61.43028477  22.61151991
  21.81352071  26.81822339  25.73282945  39.43828503  44.6723724
  23.16864303  43.57734368  81.97336138  24.15399937  37.78422147
  44.16023174  19.17178568  51.39745344  25.2787587   38.85687519
  38.91745209  43.76474799  16.5110721   33.64968784  40.70378896
  26.73650589  23.08949109  43.06076393  45.98378097  26.24343117
  47.99169726  40.73992868  41.81743524  33.53216442  53.0428199
  29.28925186  34.52178847  28.52333314  68.45857255  49.97893566
  22.05642965  65.87276968  62.30373441  21.40623414  23.90462569
  54.05247629  46.67883361  33.68734747  36.92005616  19.97318162
  24.34322216  36.19755495  42.76396082  40.49774249  39.46260716
  71.15137865  33.01245078  22.37822793  18.11462276  53.3497054
  41.05738355  20.3483139   48.22218123  49.4786377   53.06785425
  66.72024399  45.33838997  44.48490237  38.28957187  48.79902513
  51.14008263  35.00962071  28.89080252  67.45543128  61.01085116
  45.9701106   76.64231524  59.45568691  41.87892265  61.46495208
  46.5809281   42.53845085  20.35374213  37.78576583  60.70782712
  26.06953522  24.00874503  39.01729258  23.9922709   47.76978329
  50.31782317  33.24892467  31.28383502  40.44033538  50.35344421
  55.57570992  24.06578012  50.13623583  32.71221831  98.10823392
  30.32952693  31.71801036  33.72065331  41.76073116  21.30717027
  32.24781918  42.01535067  42.45104951  40.42242214  26.37133228
  18.91952909  65.50685474  40.6816456   21.93543892  53.91159567
  27.47853686  17.13455167  44.87702863  31.6947963   21.66363651
  85.26599663  52.73038191  34.98024765  53.33716501  34.82366529
  62.63588877  64.50238447  67.74649282  37.0495077   39.7497393
  35.18379797  43.77276992  45.93457467  33.30144817  52.95211343
  32.30570337  22.49529868  19.16917317  29.05070927  40.14163229
  54.52382052  29.97016054  40.15703401  17.08544037  59.71960757
  44.66261636  22.01034049  44.54942949  47.67807159  40.17217541
  27.62901072  55.15200741  58.95788471  49.61819063  24.49318634
  38.19794786  21.02760847  21.06039904  25.38267088  56.75941175
  33.56929603  46.52360341  24.90965915  18.97202052  56.17138821
  52.18084384  58.42296714  51.14343923  39.11660003  50.7975019
  32.32880352  60.85458719  19.0813487   54.75810921  67.85639578
  48.97388506  46.55430514  28.40749793  48.47588188  36.54523192
  28.96463603  33.69987216  34.19890714  33.80541538  24.15670577
  60.45396348  25.21836229  26.56909734  57.33001702  78.80913698
  41.21894433  32.07523748  15.16676419  52.99584775  28.34107442
  54.65146894  36.97588682  43.51571582  59.33793485  33.33139582
  19.22279675  34.04406878  45.10589221  53.90272604  43.49631058
  33.38963035  43.78454726  30.8048918   41.49989638  59.47980853
  72.43219051  54.38135838  32.15946422  60.59416635  34.18548133
  19.56308457  35.635428    49.62839409  65.06046746  36.7004359
  36.94835873  33.52240451  19.35583472  46.26525952  27.23988672
  30.43116688  30.01333983  31.49913107  45.98531302  31.51319966
  38.58777858  29.62824403  21.70835082  38.89734197  28.22336029
  42.94367888  19.99883793  55.44689331  68.03356403  38.48216926
  26.5434273   19.03091726  58.59226809  17.91412891  31.82875691
  49.57527315  45.7801374   59.58713104  56.74502508  49.05047669
  61.69698604  55.59460024  48.38561614  22.28729124  49.73020723
  26.36075122  21.81066942  20.79382201  43.85272293  31.72150363
  48.20519752  40.99805182  27.18524785  35.64966119  90.94223385
  40.46007683  41.69753202  51.95231829  35.50854613  27.95864616
  29.42761118  56.00516602  34.08108382  52.0418078   27.76320124
  46.51541754  17.44731539  27.54648531  32.3658384   37.93555262
  30.3458239   65.92336482  41.60127709  15.01239611  31.55687617
  35.55144807  52.51298862  47.44891626  35.52344248  39.91051473
  18.94412147  53.50987212  44.28653559  20.10206604  32.52231876
  39.37655825  40.65926612  35.61655823  33.94696827  51.95847921
  24.63677977  63.04737681  20.20849353  43.20836276  53.42278414
  32.5831606   45.64213976  34.82186152  52.35052264  74.45626523
  42.72024566  37.28481259  32.68410289  52.09427224  19.13629779
  23.31212858  15.94824799  36.1940046   21.37502967  35.78225736
  31.68537063  59.88063777  45.89174502  25.75697044  68.42375908
  54.710428    39.21342707  52.75613066  26.46755648  35.57803331
  43.67712233  51.60817739  39.5893154   43.37072455  30.57777124
  56.18629148  56.09740906  32.73119595  45.99902138  39.08375066
  27.36750878  35.73284754  94.59606782  18.22022899  36.26501081
  35.34698032  30.91468915  54.10050782  58.18941701  18.56032338
  17.49153145  42.34686379  13.0201065   72.82822606  91.20387233
  36.31280765  56.25309866  21.80021111  19.94845084  37.67397648
  30.62343891  34.81580742  74.7373554   14.00963136  28.99994969
  46.83386309  13.94120244  34.15122976  63.28407605  32.64310831
  36.84302572  28.06439313  21.93860366  44.72336453  37.49102283
  45.82721721  19.48479661  14.96935021  51.35205821  55.21491174
  32.50958916  35.49658149  40.24565027  37.12450116  36.72660891
  72.91793243  62.47436403  75.6475548   49.22892575  57.04309018
  46.21293268  38.49599677  81.54961556  31.18579109  53.84443042
  26.92785368  54.39284054  23.91865019  33.76890583  31.17976874
  46.86018946  22.43855561  39.23085598  36.5723807   17.29134611
  82.42362224  34.05694999  58.27223012  62.11281781  64.55587207
  26.64719927  26.53503351  24.82078702  42.8909581   34.67764491
  57.06179073  17.97764763  19.404698    23.1962711   47.88221941
  40.83259174  43.25729285  41.92606133  18.27817272  50.40673272
  17.55565166  60.36709923  31.5115072   26.70472354  39.25753796
  28.70577093  37.91850006  41.0382395   24.90209017  36.17735472
  18.77466281  21.39759472  53.58509802  16.55055744  81.21558822
  15.94955188  43.38225374  67.41809501  32.94330226  78.05073194
  37.15434486  44.36756318  34.25879902  39.16582444  78.48681278
  48.5745478   87.72097845  69.7886338   22.24025527  30.48106899
  45.23436196  53.67885609  21.01704033  46.79381617  46.25484511
  93.13203629  44.10261695  58.97355864  38.51271676  62.74442265
  30.49164999  29.24800416  20.11841135  41.1621603   37.51251909
  29.88229419  37.16541184  39.04480791  24.50053621  27.52184956
  50.21477551  33.53425672  40.18382178  35.67498911  54.88420541
  17.84467446  33.61912243  28.00141387  36.84401198  19.90968179
  55.46338055  30.1434522   46.85088409  29.85272343  37.35061699
  60.89813979  15.28246382  66.04127991  77.59626115  38.33586231
  25.84419598  37.2637797   62.0811181   35.54582634  65.1935581
  60.77539026  33.20667709  50.77780023  18.67976534  19.25587445
  30.13826038  19.39699972  28.92466991  24.98255103  42.132708
  30.94017557  51.97286385  35.81249433  43.31568275  26.38070136
  37.70877662  49.52415125  42.53611995  49.16983759  28.82898336
  58.89802863  49.0723067   50.0342371   54.80044174  35.24767726
  18.84192186  40.84190836  34.21235875  60.575893    19.56817233
  59.7381929   52.77344087  41.25983512  65.22936905  32.89951747
  44.10010793  63.12652423  59.76967485  45.60321211  66.21034023
  27.56322561  49.26352652  28.99654206  21.201531    26.01487484
  39.92270735  31.47132043  39.51413362  17.53993072  49.17453364
  41.26923199  42.42960546  44.6064205   32.04449163  66.80431281
  45.03817436  63.8260913   54.83769962  42.26185159  22.23899464
  39.74261568  71.63005212  46.28315358  40.37013161  60.35587153
  36.40177351  34.34982455  76.25382379  34.47333391  26.34445718
  32.27837538  25.10941278  38.85629257  35.78887599  70.26029797
  62.84338724  69.97336932  35.63248101  40.14294072  26.50855698
  38.53684645  30.95840478  31.83776892  58.51093916  21.59247351
  33.14547211  30.36122058  24.90313698  24.19447919  75.758566
  54.80912263  50.19396289  53.64404415  28.20708419  71.79833115
  42.7802649   59.48268076  21.19953726  27.80812889  31.90355237
  51.34712549  34.93390939  32.65637503  69.06310215  21.66709565
  26.73652383  16.16975009  29.66021239  26.9864859   63.77880828
  24.22860723  43.43102922  49.27312969  75.73233375  73.9505356
  38.9975643   20.23175463]
Test abnormal scores: [51.37982555 27.15298677 47.8806555  ... 78.84523929 56.50560013
 36.21802821]
