Logging output to: /scratch/mgirishnair/MotionCLIP_experiment/results/multimodal/classwiseGaussian/contrastive/anomaly_results_multimodalClasswiseGaussian_handshaking.txt
Loaded embeddings:
Z_train_normal: (3031, 512)
Z_test_normal: (760, 512)
Z_test_abnormal: (52924, 512)
Normal classes in training: [56 57 58 59]
class 56: n=758
class 57: n=758
class 58: n=758
class 59: n=757

AUROC : 0.8046
PR-AUC: 0.9963
Threshold (95.0th percentile of train-normal scores): 25.8039

Confusion Matrix:
[[  110   650]
 [ 1293 51631]]

Classification Report:
              precision    recall  f1-score   support

      normal       0.08      0.14      0.10       760
    abnormal       0.99      0.98      0.98     52924

    accuracy                           0.96     53684
   macro avg       0.53      0.56      0.54     53684
weighted avg       0.97      0.96      0.97     53684

Train normal scores:  [22.81218121 21.28894726 20.35642436 ... 21.40981292 24.6495627
 24.32031605]
Test normal scores:   [ 45.53540725  24.3746388   48.5937942   28.75598199  34.13333986
  25.78361862  35.2853937   35.42367287  41.77468634  41.06315185
  47.18474982  29.6950381   37.37725553  23.3375493   55.93412721
  96.96853155  29.25594319  30.75414861  34.11960961  30.97589287
  56.09966647  30.60561169  31.94603135  42.26979301  38.96039871
  48.67216754  35.13806441  27.37319753  34.22727942  50.73121893
  37.43569739  37.78802908  47.72154689  56.70826613  27.75980539
  49.77481553  42.76430422  34.95711764  57.83200388  51.73090342
  39.81925334  38.77431889  51.82456737  39.12446728  20.22445947
  40.51080459  16.97225855  32.95745162  49.80077215  25.46529836
  46.49085013  47.13622006  41.03020356  47.7821885   29.737186
  43.31765438  48.45070217  50.30200473  38.54894155  40.58913593
  30.48621633  42.53699806  40.16330762  59.78192839  47.02424554
  56.53100296  48.26176896  36.68711244  47.63601507  31.43720806
  20.91205572  34.41127614  53.82072511  62.39910032  22.82869447
  46.33245837  28.1057047   54.72752895  41.6029021   89.01337732
  32.06618126  51.35937459  48.99624645  39.19339011  95.36724063
  40.85433821  29.69529454  41.6215263   45.74531879  33.91792196
  29.46480603  38.72677038  38.37429483  31.27389797  33.30414871
  67.90933927  59.2025759   47.27147483  44.43912767  35.65557497
  41.11276231  50.18238472  34.9419911   53.14496479  39.13478791
  38.03579462  34.25699896  50.67695598  40.17786757  30.9157888
  39.03023752  61.31155083  25.78973084  61.99209727  38.73206551
  16.89167444  40.96668822  57.36649944  37.9718984   50.89044832
  25.44403386  28.59418038  54.30353818  32.77131975  28.15214322
  42.17936333  49.53570346  37.03199324  33.98761594  70.52413667
  23.66392587  38.92407262  21.36477876  65.79285174  26.1448005
  33.79815399  67.06662857  25.54013766  33.33639465  73.90387003
  42.72656695  37.36717474  52.97129984  87.79920686  29.92750988
  31.4398845   57.94461055  33.66128465  41.15063677  44.15540742
  70.72839221  37.00864159  21.4095013   53.52887158  40.0942906
  62.09421137  29.51976594  34.27199457  40.25920437  46.81161663
  51.1245654   45.5281251   39.46550314  29.81415229  59.60950245
  33.90840961  19.36773497  58.41202782  44.38099677  39.42574276
  26.59283775  28.89591898  42.22652939  51.6622376   51.34028418
  50.65519724  74.68573602  36.3033112   47.21362856  42.05884817
  32.42358223  54.56627417  24.79022831  44.50139672  31.27960827
  41.91872108  22.48784363  31.92326159  43.12631132  62.38920308
  41.23802841  26.5982588   26.16526716  37.78077599  37.45843477
  58.33588041  49.54790481  79.17951136  43.65188399  24.8308835
  50.28432566  27.44702452  37.13474062  37.19492297  48.69542436
  28.7482024   41.57335814  36.14748076  58.31978167  31.62061419
  52.14425156  38.20728193  49.02561913  49.96587831  37.062557
  21.10002732  28.79603883  37.02168469  32.14389301  31.15198459
  40.67060361  29.23548904  31.55094371  62.82201971  34.37049412
  38.80334533  33.26466081  40.94298025  31.46382152  46.25916568
  90.21289702  24.6133926   24.61518391  36.14631556  34.61552661
  29.56410193  34.61756901  55.81540195  35.09658087  38.23304946
  45.55035152  19.65097249  68.09015601  28.74399075  43.90498911
  23.78211437  42.2440106   55.67903763  46.74590985  27.45176803
  38.60919877  40.78536867  26.76109456  51.22158075  68.48654739
  55.3566911   38.10727068  51.62646734  52.32867803  52.60546175
  16.53268572  14.88405341  40.21428655  30.07666654  46.34651559
  32.21645958  27.86638134  35.18308231  41.10262689  32.66926825
  41.6637925   43.33502035  47.86927354  74.65369401  19.06892401
  21.93761769  49.46389262  64.25224244  34.53371737  35.12573578
  41.51780644  30.65399732  41.85207662  37.73492176  43.26113975
  49.26911128  20.00654396  69.48802951  39.77428705  57.29579771
  34.93786607  77.17082577  26.84403272  43.65375028  54.35963362
  69.43724158  21.2189818   53.85345111  42.2639888   69.68050724
  54.70379725  28.46020769  60.28589512  28.01757825  53.05249116
  70.92733494  15.44663703  21.77119362  39.59707762  35.30754241
  18.54806125  67.88468455  22.36785193  45.95466391  42.84234535
  36.07466684  49.09660346  71.3410454   39.60238496  25.1683412
  28.87319993  43.30819918  27.95116823  32.10538002  45.13477529
  32.56191831  24.52283608  30.92565784  43.14995133  47.58503307
  30.79259098  60.84595755  48.06782988  37.93175863  35.77933705
  39.81847312  36.49427474  31.55366368  43.8954605   52.97944882
  61.67383063  51.81801021  33.08483251  34.17882318  25.96892915
  44.65424803  48.11131883  45.5545566   85.6261368   52.8957406
  32.29287395  24.82528795  32.95210822  28.93106941  50.12859644
  37.78140447  27.48319076  56.20698271  35.50435897  55.19364384
  19.81972322  35.58576793  32.55652104  57.64366624  37.25535501
  40.53475987  38.51365169  34.8483757   29.69254105  39.51672185
  26.92690426  46.98535091  36.32194028  21.32702253  29.66183965
  31.77518416  23.40321729  47.2807142   38.91814696  51.30725688
  37.11647822  52.58577207  34.82569805  29.78246758  32.96672357
  31.60281028  22.53928183  39.84352249  36.26571171  40.2586784
  29.9730156   36.67148622  33.31349989  25.75521114  35.23310199
  47.93538714  29.62003269  22.61603525  22.80493391  67.10760704
  41.37325558  54.8544794   64.62466669  35.51993961  64.001566
  23.33303184  33.29910665  25.52927996  58.10244258  23.16766993
  32.72487833  35.07519496  33.44443272  53.06585285  79.8469373
  45.37670224  47.30544309  36.34061493  60.40972595  53.2642691
  23.66958868  44.53375099  50.46771703  20.30264707  40.20487107
  33.06592364  47.68448372  35.65208678  30.50290899  35.15539549
  38.31588207  50.08936536  22.36295846  30.73576749  26.26836462
  21.96292276  37.41415437  40.00170284  32.6398806   62.96278316
  25.51309436  37.56289513  52.60777685  59.94591859  37.12672032
  36.13977719  60.57459977  18.940364    39.56679287  50.08686867
  23.63881412  37.88552588  37.13593581  46.84785731  43.51060649
  34.73187807  45.94485554  45.28477957  23.46503044  48.67413326
  45.06153367  36.00627394  42.01459655  34.15355096  61.02969377
  28.03418123  60.39918404  23.11791214  60.68480917  43.09624789
  66.62461612  18.50292286  74.71578626  23.84684476  39.48524702
  20.45110194  46.59374194  28.92187633  31.62350211  19.20805901
  44.18854395  19.87495037  38.99123787  46.98154399  35.68165103
  30.45314309  41.51653551  47.88345071  59.73898111  39.92263559
  19.17188736  67.0706499   26.93274418  33.70611337  42.15312746
  32.87960085  23.79404052  30.06069892  51.31220215  47.8342695
  29.82358762  48.1356668   34.9713853   39.61505364  23.19313409
  43.58257691  24.88932037  35.98192078  35.46999728  18.87040328
  79.61835697 100.02053235  45.65510583  37.85216798  36.29778724
  42.32878978  52.60543891  23.10762354  29.48309106  23.41858398
  29.29154804  36.49993815  33.70158687  55.37803512  41.23803459
  27.48646975  39.21717286  19.84518621  22.14476798  29.87382273
  43.08880169  32.99435179  39.72925207  68.38521455  33.95625026
  39.54052209  22.70297107  38.27590008  50.68718957  52.64987366
  25.35535727  31.09915476  19.36084724  19.59786788  23.31513897
  52.95970461  36.34090309  42.53409269  62.79727896  31.01060773
  31.01145095  34.54046646  53.18243544  38.32239231  23.13724508
  23.55350642  29.58162753  41.61266881  42.81009567  31.95839434
  28.98110044  44.55954933  29.3374093   33.42170402  71.83777411
  69.77245124  25.06230984  27.75242518  43.13244919  52.9426401
  21.57118475  18.48474455  29.80762189  36.83236221  35.4689517
  51.49535816  34.7547255   50.16850027  27.73324983  40.16745228
  34.94034685  67.07231658  69.17858337  23.57792846  34.28709959
  25.75478434  37.13644216  30.50152403  33.03621582  42.05734788
  30.94061836  40.0886935   39.36029203  37.18531562  18.99147441
  36.68502844  44.31700247  38.35644531  36.27553878  28.57551865
  62.76813456  21.12183167  37.24883463  30.23104546  21.34910554
  47.11756087  48.83623342  50.65260978  22.54959411  37.79753494
  26.8428523   46.48743016  41.52579607  39.2698405   34.72494115
  21.99498615  88.65398774  40.16028214  51.2866154   23.36223039
  41.12900072  46.94596827  52.51679713  67.69092597  36.56953276
  20.42722007  38.4821829   48.65766752  43.85338642  36.2795802
  45.0391279   26.678093    51.86719728  38.19177502  62.52875505
  47.5251481   44.48559301  53.47348465  53.4819776   30.22133716
  42.45851853  34.81592456  63.05992806  26.36387333  48.5663043
  35.73326264  33.8638467   56.59680357  21.57367497  35.38193918
  29.89618877  60.14036635  46.38669293  38.63071655  24.64406957
  43.63263297  21.86572985  32.81297873  38.70911207  44.15109063
  47.23496899  24.90274564  34.62973606  24.29053377  21.17355906
  33.67846235  34.31263162  45.93595246  37.6905901   35.0698301
  50.83984028  46.00290769  24.3059067   21.79163681  19.77586111
  40.2568191   28.62837986  42.85261308  41.66776258  41.31380722
  14.47405116  41.3130748   20.46375849  50.62850742  50.76993036
  49.94191308  80.62004743  44.40932371  31.6358804   33.6102114
  32.5608222   24.82313862  29.62930239  28.03965226  52.71644816
  26.59577306  29.7138656   21.08066487  30.11650689  54.97538513
  38.4815377   62.61389727  25.87418395  43.64078825  44.88127858
  21.77814874  59.14406674  45.64900383  38.91327038  31.49248171
  33.7395162   79.66035473  32.11653941  40.42427929  29.02496487
  36.30970036  40.76780963  69.63491094  27.05279978  42.69550568
  31.48590494  25.09998818  39.72399476  41.84099517  35.72281623
  18.50327033  58.17625181  23.13400621  23.80343891  33.44169506
  26.51671183  36.06121345  19.79870824  27.28331765  40.98895547
  51.42370938  29.60807454  29.17213409  28.80550593  41.20914944
  41.7334534   48.93627866  50.28566039  28.75701782  28.52176733
  36.94926721  41.66394151  21.62942564  41.41955638  28.61818207
  36.19711913  50.35087269  26.30383198  39.60285301  35.38960491
  39.0549226   40.51961728  35.1624721   49.06949713  23.94636468]
Test abnormal scores: [66.76763923 56.4343154  39.577327   ... 30.03071296 41.17124756
 65.34854796]
