Logging output to: /scratch/mgirishnair/MotionCLIP_experiment/results/multimodal/classwiseGaussian/contrastive/anomaly_results_multimodalClasswiseGaussian_office.txt
Loaded embeddings:
Z_train_normal: (3026, 512)
Z_test_normal: (758, 512)
Z_test_abnormal: (52931, 512)
Normal classes in training: [29 30 31 34]
class 29: n=755
class 30: n=756
class 31: n=757
class 34: n=758

AUROC : 0.8612
PR-AUC: 0.9975
Threshold (95.0th percentile of train-normal scores): 26.5048

Confusion Matrix:
[[  217   541]
 [ 1150 51781]]

Classification Report:
              precision    recall  f1-score   support

      normal       0.16      0.29      0.20       758
    abnormal       0.99      0.98      0.98     52931

    accuracy                           0.97     53689
   macro avg       0.57      0.63      0.59     53689
weighted avg       0.98      0.97      0.97     53689

Train normal scores:  [26.91712816 24.50394222 24.06446513 ... 21.59014402 25.97614339
 17.84615687]
Test normal scores:   [ 68.21969797  25.0822494   20.07251966  31.84614284  21.80191627
  24.93782847  35.06918818  61.06148263  29.34154414  20.25232933
  17.08528387  51.1669156   49.32530441  70.01924704  55.56942781
  13.76248878  43.79576721  15.27327715  27.5523384   21.09724971
  21.96456643  47.13961499  48.25272995  69.5442496   28.37171497
  50.94562533  26.50617689  49.6043524   69.77698982  23.50373454
  62.55246855  45.73340568  41.19326194  63.57945889  99.49921988
  24.07214869  30.43262877  26.45560549  24.96011653  26.95011275
  25.69919065  19.37500482  43.88341306  29.85775742  44.68495346
  62.60590038  17.27663211  16.31004903  34.99993576  32.32491785
  49.62210733  32.43605084  44.5655696   65.43155312  34.56610324
  39.00559335  27.04180716  42.2961041   21.9898433   29.4905809
  32.60351868  37.68915728  51.05257049  21.50715898  27.43799691
  28.95633952  51.73198652  18.47197486  42.50407762  17.34170034
  29.61589405  37.21474384  18.43479085  44.03290932  16.06751777
  60.40494796  76.12523313  23.87537557  16.68073093  19.49368824
  45.54166624  14.4776932   23.30237487  29.9258563   16.25531536
  17.29342468  42.54118147  62.52394112  18.78939526  84.62020988
  22.4231269   49.47331898  29.83673436  29.99845953  22.63170858
  36.29525134  32.26400072  86.98249313  19.0665657   36.68071356
  62.60164566  58.07824355  17.74086577  18.71405814  19.02840216
  32.60981681  24.05820888  43.31998687  50.07925151  21.37388078
  52.69856167  21.87757789  61.3859244   53.80729456  28.80337251
  58.76046287  47.67406545  38.7275107   72.10473831  19.98141555
  14.92697161  32.130597    22.94246471  23.63326499  69.276095
  17.93550662  12.81588184  19.30750311  48.75684378  63.83646196
  47.7621344   22.39078457  12.92749115  78.33954638  40.32421182
  47.15248642  41.59668138  34.75664648  23.52414677  23.23488514
  53.93288772  22.85271172  32.42377321  60.34468628  21.36437122
  30.355464    63.75453537  32.42112828  46.0494126   27.83578747
  91.57107393  51.4700336   25.45557252  51.89479607  74.44074671
  24.44744179  44.49297103  42.540682    53.29997475 100.52919356
  69.1037605   65.28160576  49.68837881  26.68032956  85.33968488
  22.37936372  30.76576359  35.74334868  20.20226516  54.48998682
  23.70034147  35.19450049  26.11161611  74.55805797  70.70496167
  34.68772558  47.07654064  78.52162329  44.173372    58.13938253
  98.47255933  34.66006244  26.61948763  23.00415424  67.76325997
  49.75734989  74.66085612  26.4674525   41.24679146  22.9835255
  30.7327788   47.2558991   28.95308374  76.70912397  24.87616698
  55.82204617  79.56953349  36.33414482  40.38366391  48.58354249
  39.72080149  79.33235066  35.694176    53.55683778  22.62112502
  54.50687075  34.21660094  27.26108398  35.79345457  51.10504035
  18.65267028  46.67032498  84.5267484   64.40700369  71.22472944
  62.26045855  91.74742496  66.6913603   48.21489145  21.29588484
  58.43661062  37.42361778  34.19145674  18.84003156  56.96951176
  30.00309389  49.75994515  28.19394679  24.82316376  18.74853347
  25.01066662  33.84231389  53.21775955  30.66735581  34.31878933
  26.20265976  23.74418145  56.11142194  60.22292599  45.84328595
  84.75025517  40.77456795  27.98684385  77.51284164  27.63057398
  95.97003025 111.22921723  64.09515069  31.90811299  39.93772522
  16.61536163  20.97818369  21.67128128  32.91090112  40.44160269
  42.01424978  28.90268405  75.34412894  23.03268181  25.86078586
  31.87694222  15.94950573  30.07208574  22.48573311  34.74519192
  20.19554908  33.87321806  48.41765957  39.14792404  51.43444481
  54.13453998  35.17891903  17.06495296  17.92313629  39.46001009
  23.87336359  26.14470139  16.59786551  68.36133136  27.36685826
  28.42498299  16.80911841  50.45810323  21.3905856   60.53639806
 102.51682352  28.35738764  69.88351296  59.62506239  46.89312062
  41.40621996  57.8183675   20.30988498  80.21380237  31.90611865
  27.23328448  16.97478927  15.9232731   27.26391075  37.34031454
  32.92640212  29.75391254  18.08801163  34.94424499  17.34647474
  64.7153779   58.48646418  53.25431724  83.17040953  87.90563314
  42.79424173  20.17270155  25.34205807  32.87661732  20.26854416
  23.70666508  41.8752638   80.14799936  91.73816729  43.39795464
  43.30056132  44.5961553   65.11461664  18.18923228  43.33708156
  22.93711348  41.54444496  24.49415999  37.19985136  21.73060346
  45.15375087  21.58774014  49.19621507  42.48887613 116.53163761
  67.48653518  25.80586583  42.73470384  60.73573118  85.58173155
  42.97624492  41.64350986  62.74933975  19.70184539  56.36905568
  28.36988545  27.09333861  45.78224352  18.43027406  20.90893627
  45.33547364  58.85742477  16.30034695  38.09879769  37.33672999
  22.33738059  75.25998239  49.19087655  32.65986618  28.88190781
  31.31363588  45.89562705  28.74532238  57.76546472  30.92354079
  27.59102362  78.8414471   79.95698759  23.14896414  31.74057347
  22.61376998  29.29765819  33.78183658  35.76649415  20.39360122
 121.94831946  12.82160034  54.13051968  49.73471237  45.04153424
  68.28617412  20.85648199  21.4835892   39.53690824  14.64318305
  94.7655371   31.38999846  70.25253427  73.2445519   56.85987058
  28.67674864  32.90401025  67.53627023  14.97087648  47.28617602
  23.88444401  27.47738133  54.34017172  46.6462018   24.93085677
  41.31314114  27.64965262  22.39521284  43.47452872  29.11604765
  32.87460123  13.078017    24.19103774  53.8066387   25.85032672
  43.51498482  26.6273982   41.62119936  63.02569789  87.66371029
  36.27744248  19.20038586  21.94041804  28.97115626  29.6246544
  49.97880451  52.31339691  25.22284514  46.61037737  29.18223381
  93.93610518  44.08768922  61.93725207  29.4570104   30.7744668
  28.85620358  53.28484614 101.8436643   28.65861295  21.91827048
  22.3137398   37.29382459  73.19453372  26.23435527  93.85637148
  35.98609784  40.35783418  24.96154674  26.34128533  14.47772735
  37.80792921  59.84900075  18.24296274  43.25440786  33.2703534
  33.16303111  30.87636803  23.93098444  26.22255224  23.26644627
  17.70303435  63.27398049  19.22168671  32.55349966  60.42703389
  48.27863522  19.09366939  24.37343757  36.77363007  91.90076054
  41.02386956  52.7420507   27.82777954  43.85130037  30.40664524
  73.04960062  63.12919145  41.73687562  12.21893196  65.28560606
  71.0659272   53.19768701  43.3422472   19.06804318  19.79687807
  38.08304401 102.88659089  16.55941105  35.0022259   30.27519795
  18.71151446  23.69453396  26.13281846  52.02986295  22.30079553
  19.05349213  49.10573715  18.42117689  78.40020977  46.04041668
  30.83789225  49.52810421  48.00526311  56.78714042  58.88597291
  31.14900514  22.56060202  25.28876013  51.358732    83.31403495
  24.50466774 132.70181828  41.15429546  50.99379555  37.58618697
  32.78831863  45.6008173   43.21269894  32.41206695  25.24636236
  57.6709545   47.70572224  33.07166433 108.7158392   30.85186553
  61.12876679  49.45535224  60.58575943  21.57235737  25.34759963
  45.78171578  16.91806465  57.52073714  56.81651888  84.20891462
  28.30010363  27.45125998  31.11376461  31.39621677  19.2083382
  27.00705769  66.58741674  86.61359983  36.89647931  90.01655327
  68.43623612  76.72757031  30.1955952   37.96852089  35.49496381
  75.31685022  26.83503189 106.90672894  24.93516244  54.98668581
  64.94456316  80.29441304  19.11082213  28.83707294  60.55640619
  41.45146751  28.57596076  39.56156117  32.48307175  24.48143387
  64.19402948  54.89614866  55.44305201  17.3252767   36.61560828
  24.7979549   63.00362448  22.21738101  48.12302066  44.43553993
  40.90305737  78.82029599  48.38076377  36.74890565  36.82098756
  26.90411882  32.21010313  85.9141484   67.65609716  72.2409677
  37.24505132  28.88567286  27.79562063 184.35990717  34.06185015
  59.49752688  57.31636433  47.63342183  46.40929557  29.86964881
  64.13231612  98.32330611  36.84267282  22.41009565  46.5941084
  39.63141426  65.06290228  46.89954243  28.04067489  57.52273761
  16.87496567  13.94624997  23.30139947  39.22812111  85.24281609
  92.31904131  36.97573266  22.84185025  24.1354264   17.3040048
  36.83236432  57.64734351  25.23039527  67.7696246   41.57794308
  33.42208139  16.19501879  35.250344    35.06356509  26.37939819
  25.44545852  22.3042254   74.10822209  43.22681899  51.15888937
  19.10538302  34.87892771  74.79047039  15.87394709  56.49270599
  55.7324814   21.68481149  35.63373935  18.80702029  78.02056728
  21.73308027  71.39226298  45.34350426  23.73874328  32.1285732
  17.77846656  18.86260535  27.19187698  72.74526874  44.47963635
  60.00531095 104.88335523  23.56052957  33.93629508  18.41151
  52.95168842  70.0794274   72.85171192  39.87359593  26.18102199
  20.22524738  26.1874083   18.3675412   53.72281009  47.50735291
  21.40158049  56.28232235  37.56420747  68.93285705  59.83814624
  53.28345652  81.17919917  18.07025777  30.78994963  68.91444269
  38.27804933  28.79420012  34.64586398  29.22551149  34.49721106
  63.34532557  53.08118288  80.85479476  96.37243002  55.21796858
  68.123284    69.32364963  48.30092758  42.75148734  29.56334303
  37.68979917  36.19263843  55.14985083 120.00295901  33.61711572
  32.57384042  59.81818057  40.54257152  46.58070223  30.20653477
  23.08719249  17.4665481   21.90808204  43.46500555  20.42472042
  21.00294956  34.62618493  18.24864882  52.53495298  25.01470639
  20.44656339  20.06506851  32.46535541  66.87397393  20.44377865
  22.09530068  73.76202139  26.15746239  35.02262222  17.44212463
  32.07697441  60.70904053  75.00329177  41.02748423  51.54923786
  24.83414514  61.66424832  15.82731546  23.68851083  46.78359712
  37.63575381  49.54479241  36.12785083  25.93490848  23.41558611
  44.32732649  81.75156639  42.38177999  70.55078462  39.64546688
  37.98292597  70.74224755  28.24431284  17.10740576  25.99608185
  18.16117952  22.04101442  48.5023774   52.97923195  20.25145994
  31.51895332  48.33629137  22.60612086  34.0110635   21.08753908
  63.27026015  56.64938057  70.30823185  88.13030979 115.67340803
  15.59794773  28.98092068  63.93788935]
Test abnormal scores: [90.46098932 59.51127716 60.65188853 ... 93.01590749 65.30204727
 86.10436061]
