Logging output to: /scratch/mgirishnair/MotionCLIP_experiment/results/multimodal/classwiseGaussian/contrastive/anomaly_results_multimodalClasswiseGaussian_random10.txt
Loaded embeddings:
Z_train_normal: (3020, 512)
Z_test_normal: (757, 512)
Z_test_abnormal: (52938, 512)
Normal classes in training: [ 8 11 50 57]
class 8: n=756
class 11: n=750
class 50: n=756
class 57: n=758

AUROC : 0.7229
PR-AUC: 0.9937
Threshold (95.0th percentile of train-normal scores): 26.0531

Confusion Matrix:
[[  157   600]
 [ 2572 50366]]

Classification Report:
              precision    recall  f1-score   support

      normal       0.06      0.21      0.09       757
    abnormal       0.99      0.95      0.97     52938

    accuracy                           0.94     53695
   macro avg       0.52      0.58      0.53     53695
weighted avg       0.98      0.94      0.96     53695

Train normal scores:  [24.94250199 25.64904112 20.4588893  ... 26.34940905 22.47287886
 18.36547868]
Test normal scores:   [ 35.59871383  42.95985776  20.75838763  32.8345196   27.99303487
  19.00481303  66.92273139  21.20086114  25.10252977  45.4183715
  62.50906729  65.75655041  72.80054567  47.14522471  73.18965294
  48.20760345  74.35210918  25.73385915  31.78723761  44.80209633
  62.17829054  45.41524783  29.96403183  34.70168777  57.0371769
  46.51664856  55.65220278  20.44770312  39.805618    29.03897444
  41.78774935  42.10243556  37.85359375  56.44488784  60.41924411
  68.7835888   43.87867479  73.17564133  20.6520896   25.63683299
  19.97012944  35.04024395  64.97264373  48.21748033  51.04244155
  37.11213582  29.14168117  63.08015282  77.8852277   39.75989926
  65.68465496  37.07685355  25.46894777  21.63020417  55.88122154
  39.65721504  14.83322629  36.49449354  38.5475529   51.99831831
  36.68789694  73.86706406  43.82034039  16.18892409  77.19055248
  51.52951445  31.35657666  42.3771717   30.5137083   70.18262223
  41.31752013  46.82447998  34.62012273  28.19889246  41.3173267
  25.14879942  41.37302112  42.81454395  53.79303408  55.19158971
  83.74443859  40.49961508  38.1942348   51.57127897  38.19586612
  27.24832428  28.47631639  44.98255818  78.68598851  42.02621396
  32.64289394  93.59474925  50.13163905  48.72034205  25.20244499
  57.3879114   29.62946036  27.84488723  37.19589245  52.45016506
  39.14628088  25.82230855  48.94556549  28.90409459  37.22703146
  26.99704891  46.34047165  70.46071941  28.71634953  41.37463321
  30.31304027  19.50873004  23.70443327  22.08181023  56.76557414
  36.32554833  38.17634926  25.57063412  25.36623269  61.94227003
  64.85703571  60.93314347  41.50736162  63.06940297  24.02705413
  53.47273989  42.83637014  22.10601346  33.94501298  44.75125266
  22.77183321  51.12772973  78.79372827  53.52317365  35.78205314
  22.97897304  24.69595493  34.66859473  24.93147676  49.401178
  55.43555403  27.52263357  26.65528276  19.35737593  44.25253146
  52.93198002  33.78606972  17.25011237  54.61012037  41.87693418
  29.00495305  25.82546183  37.19944412  38.0363194   24.45569195
  29.11958941  20.12057316  29.06719196  22.3530004   28.05147326
  43.97590985  47.46998453  25.00347275  20.90020514  39.07334702
  42.04470113  35.65514457  32.17363015  34.41528212  24.10809264
  23.63782853  32.81379093  39.94858544  44.27197971  57.33687882
  29.20605915  31.13294382  54.01645553  38.33439073  58.38490388
  45.30618355  19.36859045  15.34432804  66.55673938  45.05096385
  53.06764741  51.51748235  43.0417875   52.14428759  24.40800468
  44.65368273  60.56121461  70.07547458  34.40765125  36.51776015
  22.1527337   40.57943558  40.4601378   51.33422176  45.67677727
  73.77642242  42.53883278  45.41940779  54.50911619  26.50428797
  39.12893197  17.59958165  18.52973065  43.87014404  19.77859994
  47.2760547   44.27669951  15.96890352  35.74549627  23.2715447
  20.02569988  27.21096508  54.25524719  31.31483921  74.10970859
  56.42297156  27.87757612  48.65986603  33.59457295  47.91816956
  23.89271533  80.19896925  44.90582207  50.80119806  23.47158033
  36.38007174  30.83634686  32.06844317  25.93974426  33.27681324
  49.11346847  48.56730668  40.47140317  56.21229158  21.07616496
  34.69957023  35.6207377   46.82627295  16.8416948   27.07531719
  22.55779945  40.15486484  33.06913772  60.94446392  33.59299522
  57.93891605  38.49308386  46.61764416  33.44927104  31.11653035
  44.9074366   46.94644434  34.97374883  13.70883648  38.16309487
  20.70248539  40.89478923  42.36248783  27.26786626  26.03513904
  32.95389417  35.37194982  26.76650889  48.47203422  42.45461484
  16.64266101  22.72107783  42.90868666  28.6173784   59.15620389
  25.32089946  55.35878048  30.55613183  40.84485102  29.6587158
  55.88398888  46.87284215  25.69972799  54.37052711  44.08490144
  17.29598715  33.1678306   23.43423359  32.95986204  24.2110184
  31.81900985  25.35165808  28.62420774  32.14867584  25.75340398
  25.01365025  20.77605931  28.90657858  37.67872497  55.63987948
  45.33310945  36.59795899  26.64835298  40.70552491  25.41931053
  32.57608326  35.39094918  41.37625082  33.11732392  78.46380648
  36.85310229  68.18449083  40.11057403  25.80289727  28.96574532
  44.40108861  24.02727712  30.78760426  26.77189801  26.06211379
  57.4297342   72.00580159  85.1312703   35.86198712  45.31466151
  42.57198217  51.70822786  47.12543327  35.63065606  43.61624726
  42.89750269  28.86573835  26.28213968  46.45942596  41.32716985
  58.4756789   26.83989308  20.46387882  27.73986982  71.66313572
  51.21767683  40.79148197  33.71467149  56.59803787  40.34524706
  36.29936784  27.19355818  73.91302098  48.43660792  61.63996605
  27.46230735  30.97711955  27.96827601  30.00351936  29.58217276
  46.24935349  33.2247254   59.97689267  38.41931876  52.59954827
  27.61413961  48.16791195  57.31833802  31.64140434  38.40902114
  38.41314273  41.35641937  52.36226259  29.28142338  22.63654398
  25.4905277   30.5385036   59.58380288  37.45845919  34.72888291
  53.28319394  17.2102449   24.64524916  40.07287483  39.39142437
  42.07053969  67.96492757  50.55584943  23.76578811  34.04868345
  47.94562692  48.96649783  70.42962648  14.46151194  33.95369614
  37.34823265  28.78380329  25.52126725  19.73945545  36.9875007
  73.36228289  24.36453182  19.64864847  40.26378225  43.61881937
  54.68536179  46.71491247  22.84175955  47.09269949  39.28253915
  30.2120355   30.71284645  36.39638263  33.09719587  43.93812641
  43.36603585  44.774571    23.22537285  36.43314076  22.54462958
  39.53979336  26.19529247  73.00661738  74.00989049  52.32087252
  36.23150395  40.35312912  50.26673062  68.2624671   39.13189331
  48.80199053  31.17733718  24.99825914  67.29479829  18.98591283
  55.69361134  30.45657002  50.10117348  15.96681965  21.73365134
  53.91627576  46.08911978  26.35359859  44.79823046  47.57662491
  65.89234416  65.95302685  47.58820141  51.34455071  35.96301288
  63.04215209  31.98095261  43.05401336  52.39806822  36.36182317
  18.43864107  48.56061404  27.27168711  43.23145092  53.65462777
  74.22360564  48.69236945  35.37091627  36.84739725  25.25405157
  30.13282434  42.75330908  46.91293668  38.08634713  23.8034601
  59.62588605  33.97916574  31.73110199  18.81505847  85.86521399
  30.9370223   40.29408546  27.00819963  24.47914794  19.50276623
  39.03975879  22.42587015  29.91959742  32.34133417  70.23709379
  21.68013202  21.16927523  68.77494388  48.98678446  23.78634424
  74.2515505   74.72186897  22.27345588  31.05927349  33.1422936
  13.53689268  81.49245463  42.67610729  42.82620593  59.23712301
  59.72057395  63.49945142  23.1599182   36.05426415  51.63693086
  52.34805667  52.82016692  20.46594036  61.87952801 111.8835195
  12.99910104  33.70787802  17.97212901  60.35746816  60.30929626
  51.33869467  35.13737232  15.47232899  87.09107349  25.29228349
  37.43420467  64.43267421  34.56105346  36.37709503  32.88870724
  16.33672507  43.3734946   18.38485633  28.77027823  50.37221463
  35.36532877  30.27954451  55.12293227  32.71559185  39.51589715
  46.03011712  20.09804983  19.86625749  26.15019122  16.64212455
  24.05618717  20.78156262  19.84389157  44.35207355  44.98267979
  85.9924443   29.10922837  43.874799    31.81447684  34.26207481
  29.50221525  35.94962173  31.067392    44.79658513  80.24870755
  29.87097595  14.11725499  46.94019165  36.26279145  52.72860512
  16.99743033  57.04734126  20.42443062  44.24582679  25.54872917
  32.34926867  63.77459647  72.64438282  45.10214939  71.74940383
  48.70631068  34.23629585  35.5297772   18.18070378  50.79316193
  41.20505462  37.80322352  25.18542814  16.26228577  42.43488572
  25.74238786  35.44209137  60.09125165  20.59030905  32.53645155
  58.14974477  63.88715579  25.13191225  45.23194597  43.28724904
  55.65864408  40.56259105  30.96904195  19.96585305  41.80069291
  64.7272876   24.62060403  19.19073726  38.66990451  48.19490294
  20.42660873  26.65171959  32.9614527   29.57490948  17.54140247
  66.50664361  32.17324534  29.93737653  45.25449746  22.16997396
  31.93770035  50.14289117  58.31711757  68.11916934  26.95164558
  57.88675874  75.48713641  38.32130908  26.5491232   73.1552635
  51.54247524  16.78423652  56.03963505  43.12037402  20.21032155
  18.69958539  50.93136681  27.46443457  28.25558252  46.8491604
  49.69127178  47.13460015  33.4232819   59.20770981  24.43821408
  62.95004854  16.98538349  21.51284292  37.65556027  48.99904938
  42.16882727  66.57670953  30.57487778  33.83954145  17.35510115
  34.88315165  35.91007292  66.09103765  34.62066668  26.61495875
  38.64562307  55.6741626   31.63795328  51.75059866  67.99666056
  28.36100228  27.29265581  38.0287967   22.44627547  39.69400411
  27.78532571  53.88058365  46.09524417  23.6824944   60.69059777
  49.29202487  60.89568646  50.8350523   34.67420096  18.42030915
  47.59519623  58.5821942   20.61868025  33.7530549   35.68260697
  62.19405699  45.38829421  29.14893643  33.06901207  35.70112001
  33.27222314  15.28706804  43.7001247   40.3052271   42.26453207
  35.91224725  44.31088006  21.80415168  23.54985655  63.40033525
  28.39076888  51.48924316  57.52009438  53.13613837  40.98770466
  30.78585443  51.4441227   33.68579309  36.36127529  46.8487223
  52.00880963  31.7610808   73.691256    20.07769663  30.81665096
  39.67811591  38.98709887  18.32290331  40.55950809  33.86059854
  47.33408316  24.62642847  20.03757168  69.18107143  27.88859845
  44.49378473  39.33095557  42.33415552  35.73072899  50.18313476
  24.57589143  28.44093383  22.27438039  41.17937599  26.09106429
  55.62237028  48.35179222  31.78515437  31.4841073   36.67541046
  87.22356361  11.92112145  28.2086202   33.98089908  48.61418317
  18.54981867  37.11917932  28.42600735  51.41893891  56.34392755
  42.98315449  25.28536501  32.12401921  37.3852772   64.59650064
  26.3086104   35.96816947  33.91813279  31.14786031  18.19347267
  56.34735826  16.37970451  26.65453345  88.76515145  39.18194598
  45.81526067  19.20141497  25.47834937  58.41112067  39.35940884
  49.31462657  36.91669813]
Test abnormal scores: [77.46697188 60.48885522 37.4383482  ... 28.34944555 76.72841085
 63.66501463]
