Logging output to: /home/guest/Thesis/MotionCLIP_experiment/results/finetune/lessNeg/anomaly_results_brushing.txt
Loaded embeddings:
Z_train_normal: (2036, 512)
Z_test_normal: (566, 512)
Z_test_abnormal: (53888, 512)
Normal classes in training: [2 4 5]
class 2: n=679
class 4: n=678
class 5: n=679

AUROC : 0.7535
PR-AUC: 0.9963
Threshold (95.0th percentile of train-normal scores): 24.8543

Confusion Matrix:
[[  120   446]
 [ 2099 51789]]

Classification Report:
              precision    recall  f1-score   support

      normal       0.05      0.21      0.09       566
    abnormal       0.99      0.96      0.98     53888

    accuracy                           0.95     54454
   macro avg       0.52      0.59      0.53     54454
weighted avg       0.98      0.95      0.97     54454

Train normal scores:  [23.25983929 21.15249696 18.53158681 ... 24.85385927 16.99259846
 18.50214156]
Test normal scores:   [ 73.90826434  39.89791708  16.23345905  76.82388819  30.88424483
  56.56791191  58.14976578  45.02611395  43.85173748  58.97080288
  48.95954011  43.92093365  34.44613722  42.53935451  54.41150249
  34.3011354   32.43580578  15.47736181  28.03652103  32.6563542
  35.03636389  22.05972859  49.42367327  26.67063278  14.46127837
  48.48972835  16.55813965  44.26425673  17.45324675  28.12717413
  32.98938494  66.17081796  36.8698118   44.19579226  33.69493369
  18.0903471   39.84489471  48.42153577  15.01335114  16.75256829
  32.86428913  42.27463349  36.18598943  67.79235947  62.52915348
  39.87573672  58.65194055  35.23930941  47.29904807  56.65865607
  24.06073982  61.29952571  29.45192546  18.03168389  51.9325823
  41.88464257  33.96379013  67.53655985  22.75207986  32.15052599
  69.72317798  38.07464345  55.04261655  31.43220654  16.87490582
  54.07615175  64.31015995  57.06162712  43.92586373  25.99976464
  35.82214548  28.71911026  78.62340759  26.07655578  47.50460016
  29.6050935   31.6052654   36.73818526  21.11339641  51.1892921
  73.20670229  37.32359853  22.21305986  41.21774199  55.90123537
  52.38623034  60.62181744  37.67204247  43.33805109  23.07987264
  72.0753805   53.64768668  54.92071632  47.80356055  21.48315771
  39.45889256  18.55279676  27.46873874  63.19581242  27.45913828
  40.02714239  83.09865385  76.37968603  35.91010159  19.70904793
  65.23158195  39.04450692  37.21224504 101.98541579  23.56779819
  51.30850931  29.77013909  25.91387876  44.98138843  43.02364339
  36.91702093  50.96831667  16.94024158  35.31757591  25.38168582
  39.28500457  38.80887002  35.63467344  27.38258382  27.22052002
  55.33539914  41.93330755  22.40538053  43.58096056  47.31493566
  32.61269675  30.22006728  36.13061217  32.43650686  40.06271909
  39.43368452  40.90798462  34.60077996  36.52986219  65.38372836
  31.38254673  47.44893791  41.47499163  52.78640748  59.46316845
  37.43505372  52.05479354  25.03179907  25.47876812  33.03650615
  23.63976837  46.57186787  91.3209326   33.49187013  25.33394296
  20.03194775  60.22250603  61.37373997  63.57914879  42.96612076
  33.66797341  25.02087151  26.45246096  39.05513424  31.81369004
  58.76356638  36.87449757  27.19597541  30.37613029  58.37145501
  32.98516649  22.7641603   23.15391713  21.90233299  28.40951561
  39.67468376  40.67035602  20.69528778  39.42611243  23.45762829
  20.3615889   64.50349776  29.27898651  58.89720229  58.4119716
  27.62234691  36.67063464  39.60577063  44.50056977  43.58406395
  59.0201482   73.01306452  28.96068362  35.55139512  22.21004736
  35.24696146  16.35708357  25.27571437  16.04095245  25.01294614
  47.81231344  40.24657801  68.26810752  44.0008262   62.47032585
  52.6480256   18.78697657  47.62576662  52.29408553  52.02215931
  47.49533513  41.07998504  21.28523652  67.78502469  70.2410581
  20.62461183  28.88499458  30.73509532  17.4552197   35.75094144
  30.70049389  26.93040599  45.42123307  45.82942235  34.1877568
  31.84306876  54.37692075  48.7943014   27.04832877  17.71302763
  45.55683874  35.50050412  63.25734807  25.40943376  34.23351836
  90.72990462  29.38584932  16.72974204  79.75101821  52.72651197
  19.67970642  35.17460522  17.81551147  19.23404741  33.97580181
  59.37378262  27.19907144  51.26350285  51.07329064  42.85702987
  49.97146313  44.54217183  22.03400185  56.88398108  49.76331724
  21.77901268  42.70708828  23.56048696  51.02492203  52.92464784
  50.16988778  37.7109542   26.74711497  48.68285311  41.80278333
  29.98428314  49.04249219  21.75938458  64.49712456  40.09807225
  58.66785857  41.56225188  33.42484864  21.09252161  23.29146087
  35.83898521  55.61027181  27.67660999  28.35982087  71.16563898
  24.97531719  25.34387549  48.0157018   27.52583323  30.4136887
  44.7513683   28.06053194  32.41381635  18.72581066  50.86903576
  68.94534688  39.29026369  29.67117367  50.13875465  69.51419086
  26.60860187  26.84367282  22.86008165  56.66056199  50.1198904
  65.10266769  35.14153527  28.45283501  46.6360363   31.63151077
  53.79625293  23.53862504  18.10382164  52.40838521  19.15911529
  26.01110493  61.79193382  29.68022807  33.2899083   39.25672353
  30.28822386  39.09402714  23.61593945  25.16749863  71.32697271
  32.15417643  32.88028151  47.02637734  40.15453888  47.24994216
  22.16953015  20.13126173  36.06189966  56.4864014   14.12867053
  34.57253828  21.80016759  28.5681161   30.07316522  36.43890223
  23.80832188  26.4427659   36.69780838  25.15971522 104.76220169
  41.2463942   57.78885285  31.24422743  30.45178313  72.75110737
  38.23219628  24.68685439  39.56576512  53.68076698  23.89662572
  19.06775284  31.79447723  18.64342996  51.50861968  37.15546876
  25.44859257  38.76004311  33.36818452  43.10609833  41.48373014
  21.82218243  18.21225867  20.55812814  68.24168453  38.84965304
  54.63770888  21.20114121  40.5558691   50.45593543  53.22885001
  47.39482448  66.4744874   35.98959222  47.1918282   32.40840329
  55.64154941  31.57845032  42.93887332  50.05785619  44.2516667
  30.90546218  44.84601772  30.07533573  19.09181723  37.4372333
  27.31021593  39.69817968  21.7978132   54.55451997  72.04521316
  15.10988262  46.53747358  56.12951557  55.32649422  27.13205106
  42.42312156  40.02134112  22.5798478   35.43849679  20.18889855
  13.83735179  41.71663152  51.92725486  36.94148894  32.25702774
  58.64218321  34.06464053  19.2087888   17.95950035  60.36062877
  33.27310842  25.49879773  55.46193747  18.85091456  21.7190038
  41.11745738  69.33021606  43.39604336  20.33256222  21.61110102
  39.10417852  64.33505001  63.5988398   65.13129744  56.57650455
  33.33570442  36.77443479  31.20239183  24.44767085  37.67245396
  45.97206491  37.29808752  34.9333088   24.83666215  23.5036492
  49.36073602  17.76696147  19.38454368  41.4764731   64.34509298
  15.40465631  55.52551844  41.52857749  18.85258586  38.20668805
  36.98634635  29.16866109  52.70815835  35.74388092  46.91003312
  30.97893132  17.74428989  69.15374237  39.59424291  27.67364971
  23.12699707  22.40012029  47.58759734  17.48734239  32.39833469
  21.29801322  59.92373443  86.57122854  37.41906495  41.56523773
  18.08058748  51.34255808  58.06869039  38.87544416  49.45861872
  57.52155472  71.51127797  71.30867083  45.95285505  33.8256886
  24.32148141  21.93365682  21.94070397  46.12676503  24.43060565
  19.52003002  49.37732776  17.70320746  46.5640851   24.06619316
  48.49874188  30.17822995  45.53931928  45.01061905  51.18319801
  19.22975904  41.93070489  45.66828806  59.74732575  24.54528539
  29.41918953  33.28252721  21.56922908  20.46625866  31.1956512
  37.6172568   32.86337133  20.65594183  36.57661975  41.7006708
  69.91360856  39.76825447  23.7843794   38.73324969  28.30757451
  19.47982935  22.74672114  33.7557352   57.91322829  31.80047668
  23.39018599  27.07851948  26.67803318  60.12791903  42.88499058
  20.21901453  22.59670449  18.19663495  15.76716933  33.21122093
  21.51333456  51.57127649  70.78373246  37.34549914  26.66971128
 100.91637871  46.08722483  42.88295298  21.97412008  45.34481225
  47.00919053  40.1756651   50.97012793  32.56763777  33.92601358
  21.26037198  45.12037778  30.98287596  65.46753023  65.16640793
  30.17273531  55.39312647  43.4392038   18.15473356  28.10315496
  37.48271773  35.87500204  32.25728511  21.43910172  66.85695834
  29.98519432  47.87825771  23.9924422   24.08823956  66.69722887
  28.71460984  38.10058892  27.8490129   40.02208793  43.67791365
  24.80796582]
Test abnormal scores: [88.68392195 14.93830422 42.55530825 ... 84.9840814  50.21438565
 29.226367  ]
