Logging output to: /home/guest/Thesis/MotionCLIP_experiment/results/finetune/fullContras/anomaly_results_random5.txt
Loaded embeddings:
Z_train_normal: (2726, 512)
Z_test_normal: (759, 512)
Z_test_abnormal: (52926, 512)
Normal classes in training: [30 34 35 53]
class 30: n=680
class 34: n=682
class 35: n=682
class 53: n=682

AUROC : 0.7498
PR-AUC: 0.9938
Threshold (95.0th percentile of train-normal scores): 25.5850

Confusion Matrix:
[[  137   622]
 [ 1358 51568]]

Classification Report:
              precision    recall  f1-score   support

      normal       0.09      0.18      0.12       759
    abnormal       0.99      0.97      0.98     52926

    accuracy                           0.96     53685
   macro avg       0.54      0.58      0.55     53685
weighted avg       0.98      0.96      0.97     53685

Train normal scores:  [16.22565596 25.16546855 24.79391169 ... 19.25431768 23.79127507
 24.38947596]
Test normal scores:   [ 26.87128711  83.59247965  44.44585432  24.90151445  30.11948113
  39.62156198 106.82805123  61.17758525  56.73989853 105.08278314
  25.22181393  33.45390484  52.47054254  47.23918358  58.7724166
  40.77880434  34.56329226  41.71551929  78.8917383  102.0564393
  97.20059869  28.96415399 141.09657344  25.51806013 102.38067131
  77.92884843  38.23695956  54.6261249   51.05704689  71.57976615
  60.26802544  35.0303447   31.07237558  73.26602796 120.60920284
  58.42390542  30.03240803  34.68093074  23.88733332  88.33418857
  51.32139829  62.47885873  58.81229251  23.52889961 120.29451953
  53.67647966  32.29856608  77.27293073 163.2992299   88.80620916
  22.12186382  74.74964462  60.14101377  53.64167847  33.93111249
  23.47640347  29.1883463  130.99891365  24.9892783   53.38879287
  77.12485074 155.17468753  26.89460985  15.51418005  41.6934932
  38.89741198  42.69407224  25.0595592   19.83692963  34.69942429
  76.59194219  55.23453041  37.21655474  26.52491751  16.6872627
  21.97458802  27.30151096  28.49435253  38.39033752  28.92929556
  81.61683272  59.10955287  33.25618873  76.10498159  85.1335759
  83.79443374  87.88709326  53.53916766  31.17901324  26.62245373
  72.64671185  51.01718318  69.31964831 108.92329896  23.13406118
 115.24930519  21.38769607  98.0764613   96.6789015   70.05543267
  25.06814775  32.30675627  53.97127592  27.87127317  39.76994158
  25.03491273  47.37695917  52.61655401  24.27649159 134.54910809
  29.33533738  34.11116885 103.58715785  24.16897709  83.71267012
  94.27899383  19.72013794 114.05401032  66.30947677  65.96787813
  71.19446867  70.77819216  62.92831553  33.12592463  66.90329909
  99.11088466  28.7240271   70.3354663   41.02740464  25.33776346
  81.26718155  37.08930067  54.65870536  88.92073023  83.37119724
  30.74514084  51.99277055  34.50249877  16.82076458 115.24267882
  47.84626104  15.71798363  50.78864151  47.65688432  57.26189391
  47.11272945  32.44829663  29.00920322  26.25852561  54.69440793
  43.40782533  25.43727285  46.25320465  33.93950397  32.97490226
  41.12444058  19.4133314   32.01024108  88.03000037  28.45697492
  43.01018575  49.84492735  41.63518304 104.68358174 111.3955181
 196.00379392  23.35098685  21.94715212  16.25048218  29.08218128
  50.58866957  29.91262172  96.26540726  44.233764   101.59192583
  23.47969646 120.50222338  56.94776054 118.09116212  23.26003944
  36.05831246  18.38148594  53.35905473  46.84329338  41.48734104
  14.98094385  26.81670272  27.77740024  47.1183566   28.37949401
  47.12392108  28.63972463  47.07263052  47.58842132  82.07527509
 119.12523675  37.05240093  77.46754311  70.87169832  51.2205414
  31.90770801  34.1675444   38.78953137  23.65271703  58.47098178
  32.48815961  49.63672704  70.10360148  21.66112144  55.55581596
  34.62454603  22.18680819  57.43350355  37.71187039  53.8609875
  61.58330957  32.74978506  21.39188355  34.12732827  26.87188961
  92.19683819  61.84501181 106.89205811  28.11672324  30.45584609
  26.25807324  42.43887943  29.61175185  34.53329352  77.99023111
  71.85239539  53.24311741  46.14049376  93.05568408  22.90207825
  66.25019581  51.14681901 106.71920545  20.30431477  46.9535131
  25.77353691  14.46431418  35.72092834  29.57034664  44.47785656
  51.99437379  18.28964477  97.12919836  33.34853767  63.00247568
  24.0027859   56.92456728  84.30758054  56.71188251  15.78625755
  14.95998004  18.45093564  59.79643525  51.24462299  90.08276733
 120.56077778  33.21697525  20.49465768  61.79303735  56.85710028
  46.4808808   41.18009886  79.00537187  80.194692    33.66055347
  33.37614173  46.09464339 117.61772469  30.10086076  45.52971958
  31.07869714  21.46552189  17.2706596   31.32779153  49.35441458
  36.92088369  33.76880519  27.13125095  40.67947258  35.55231098
  21.02953071  33.36975714  24.16548736  27.17037444  27.67491369
  83.82659931  18.65375444  59.92838077  60.12085821  40.16370488
  52.86788797  31.53054818  54.8268701   83.15473494  84.63966054
  31.8904599   25.27541674  38.86246956  40.88872041  94.18805528
  52.29959904  20.91199931  20.03160036  39.05896671  35.51017708
  49.77412425 119.96969795 132.42848947  64.57920483  23.03897962
  71.11174993  35.22687014  86.4526934   52.22831239  28.81294213
  42.4544194   23.87535711  19.71875355  44.01329245  28.9429711
 162.54920788  33.61007798  49.06881895 129.56257981  61.80325561
 110.37629033  21.82428965  18.11910251  45.35563329  56.30260393
  89.25577281  17.74231356  26.02904649 101.43348621  18.965105
  41.48265282 112.29058805  58.78738948  65.91218469  29.58967679
 102.34344658  25.33282182  34.30662664  35.0333777   40.39984837
  33.11342197  35.48506959  60.62815582  40.54568601  94.17492187
  85.21820245  21.13532724  27.30036463  42.90885145  27.04157598
  33.51660214  38.78027244  52.04558465  31.21585433  55.68939194
  27.01516942 108.62122416  35.05784953  32.74948738  41.20472826
  88.85193543  33.51701626  83.01516931  43.51984886  57.75288321
  28.66088463  69.12131098  18.84339372 116.32043887  44.92425372
  60.51759884  21.58744031  32.22161439 135.07754282  36.44020187
  59.44101686  85.18680977 118.62671079  26.87497705  21.32336941
  73.44622425  29.16124258 100.49000848  98.59533319  29.19674994
  38.97355577  32.92399266  34.45483977  43.69698521  28.72332354
  38.05558311  59.98591191  62.73836255  41.69568408  70.22229706
  31.70999438  21.60240539  24.55807842  51.88815113  21.87481782
  30.61750906  26.10062327  74.00006665  27.66264265  48.66289285
  46.07973791  36.49920251  30.79195583  70.22441675  83.2977727
  12.81979366  47.76775947  59.40570868  36.96235208  27.11135203
  29.93203785  30.2644179   34.11085495  92.88975035  56.10674051
  23.25282929  51.40983537 110.67165493  45.36786593  58.55432305
  23.58061619  49.00843012  36.69313763  56.63904195  35.09375291
  66.86052881  34.16881347  71.74827359  47.80742642  33.63943067
  29.11838141  29.94353284  72.21883778  43.83035812  19.50830049
  15.94137423  87.24621758 142.61770143  55.73617356  17.60863287
  47.94433687 204.11073044  17.82534161  26.41798185  57.22502023
  28.27377472  95.41035172  30.73205038  42.45594066  69.41712581
  30.12776765  33.93140707  62.11730268  17.92420709  43.16494534
  33.25606099  36.13734161  48.69390731 144.82876235  82.13502687
  51.83193417  66.2844816   42.38735056  27.07066873 120.22669673
  41.60193599  25.18242962  39.68826767  76.57794369 108.80705583
  22.25358866  30.89006255  32.44849832  84.72968307  25.13307238
  30.85676042  38.02425215  48.2412387   50.66920088  22.83997817
  30.43642703  17.38631663  61.71747858  23.17551963  35.4258908
  36.92796735  40.65890188  19.35903982  29.50105467 121.05289597
  30.4404783   28.14537586  33.93083022 121.86641653  28.31376092
  19.45510631  32.74068713  42.0701986   44.65249597  30.27572856
  87.31609063  21.01865729  41.30270345  22.17011151  80.70432682
  35.14430348  81.03888375  44.88914989  67.8619729   45.07500751
  33.02680975  19.67509186  66.34080889  60.71599385  28.23091151
  36.89806721  30.11317313  22.07565341  42.38588524  35.72344848
  53.94246865  27.23902351  38.375253    15.04784723  23.06072792
  34.83367188 122.75358897  95.3856623   31.07661319  10.78138716
  97.70043967  17.58455968  32.16333373  53.82916114  73.45007614
  23.70528615  75.75962091 110.71673514  20.27078923  24.81288744
  89.99805171  22.02536144  26.98760445  35.27044893 106.84539455
  24.770661    21.48611333  56.94313242  78.24172074  35.54448243
  48.50764501  23.46675625 142.17123633  45.08265144  40.65264003
  14.35282872  38.25876643  57.79426715  51.38091643  52.06155598
  61.0180516   38.07453523  90.23826851  24.49647109  58.87427654
  50.91249494  53.37639615  31.48495586  44.20737914  30.3043803
 137.85687736  35.00012399  30.56839286  24.15597732  45.48529783
  33.71534098  18.91238527  42.04215247 140.20658366  30.09047213
  42.67708167  41.43966849  17.04471251  58.97281678 169.22952361
  32.20075889  35.97336591  64.64620056  62.53695012  59.89164695
  33.69930232  31.81053453  24.51554626  24.74918786  61.67882517
  22.41225767  20.91033541  36.93210864  94.40238098  22.97993805
  20.60784416  38.7210338   91.65537465  46.4200431   20.7114671
  29.52375321  20.10006535  23.00302149  50.9462748   41.13277735
  17.16510928  53.32131277  17.38314263  83.00161355  33.71733032
  41.1236721   81.44601116  27.55062875  25.7688291   62.32309433
  56.36961363  80.20271129  43.14494279  45.0063861   35.4963397
  33.63534012 112.94537416  37.18507631  63.40049866  72.19332313
  84.50858386  34.50937624  27.73358728  43.78796466  93.02671023
  38.82057245  33.3624735   64.76347024  48.99799545  21.84020415
  32.69772346  43.21489739  16.27036123  21.76905574  49.25750225
 104.6471928   25.45188126  30.65760659  62.94758157  21.27920906
  87.22562046  22.57274338  98.67629633  73.12346686  54.95826808
 119.80211869  33.26507688  44.62945359  18.34491584  35.18252671
  26.42553863  45.23242799  27.36093877  30.34298571  88.48197678
  16.8676892   18.97532965  23.11615077  63.77703641  47.23366636
  25.15106034  32.90491838  82.83363231  16.52818081  24.94839281
  70.3035148  111.08720381  36.52081325  30.5394005   66.15990451
  27.88151645  57.63437186  54.70167797  39.26471734  51.98694284
  35.21589183  66.60861827  52.52067944 100.51573952 116.97621543
  82.8302245   29.27130038  74.39625978  38.00949536  51.15231175
  23.14518532  25.02190671  96.25347901  25.09502469  29.04266865
  70.89451078  57.05415919  37.29493483  43.53774955  39.33392588
  81.29173041  52.66554487  55.62318949  53.25919691  57.40903335
  38.09366607  74.13097709  33.22077833  14.25295724  57.20911486
  33.39524717  27.55599718  48.19928152  20.77707798  24.4941936
  63.15208194  28.49790006  35.60351615  69.33419142  87.92646496
  91.57934925  62.47401478  45.0320061   53.72509272  16.8990866
  32.43204497  32.2207624   50.26390106  46.53071368  25.41129193
  22.21596927  89.54959425  74.21981855  67.44060045 120.67830092
  33.29216643  38.84982741  41.6175683   45.14083884]
Test abnormal scores: [ 81.69330206  21.31895354  49.34944543 ... 141.96904754  68.3597659
  38.16753297]
