Logging output to: /home/guest/Thesis/MotionCLIP_experiment/results/finetune/fullContras/anomaly_results_random9.txt
Loaded embeddings:
Z_train_normal: (2724, 512)
Z_test_normal: (756, 512)
Z_test_abnormal: (52932, 512)
Normal classes in training: [19 35 44 51]
class 19: n=679
class 35: n=682
class 44: n=682
class 51: n=681

AUROC : 0.7465
PR-AUC: 0.9943
Threshold (95.0th percentile of train-normal scores): 25.7659

Confusion Matrix:
[[  110   646]
 [ 1419 51513]]

Classification Report:
              precision    recall  f1-score   support

      normal       0.07      0.15      0.10       756
    abnormal       0.99      0.97      0.98     52932

    accuracy                           0.96     53688
   macro avg       0.53      0.56      0.54     53688
weighted avg       0.97      0.96      0.97     53688

Train normal scores:  [22.54592593 25.90126733 22.70815554 ... 22.56685337 25.8879336
 24.44925579]
Test normal scores:   [ 17.16312033  42.11164797  49.04859613  35.30423691  70.92289969
  51.13131177  33.93213651  26.92770206  31.13483511  31.60847615
  98.44669785  53.61453906  94.8406035   45.02937998  48.9697335
  63.91768074  39.73212771 288.05281855  33.17174996  51.4242217
  49.40679057  47.83504935  43.89377666  34.3413834  152.50060738
  52.94608302 157.38210719  25.80145626  43.35641648  42.26934363
  44.24560369  34.18710267  72.90294345  75.50785134  24.22367548
 109.99559861  48.022803    15.32410421  32.52006479  76.36077097
  44.2555745   38.47973284  50.04840156  19.39691704  19.54570714
  43.14248274  47.60510997 197.89799703  45.99214927  35.90603101
  55.96191635 203.44870245  22.34920988 187.76788465  45.77018726
  39.62538679 170.3860442  112.24776515 113.41778511  73.38433982
  38.11671672 134.56063061  29.14906005  91.717724    72.85251181
  28.48156298  19.53795827  26.06557952  81.5351925   32.74696543
 101.76241875  87.99339144  50.16939702 140.01422638  45.6219934
  40.40988056  37.35284219  33.48900454 190.0883233   42.01306212
  21.08565209 138.51348747  21.96584278  39.15239881  17.67433108
 111.45705128  53.14158268  45.34999046  17.84499655  21.97852209
  26.81340366  28.56956555  52.25448189  65.98358141  33.13436214
  50.52586376  37.0855664   48.87640161  39.2470187   43.40539488
 236.77673803 290.54746598  20.05790159  29.05669288  44.68931888
  22.1605314   17.49982955 184.78129718  89.44792668  50.04920409
  87.90914021  47.82227268  67.54718113  32.58181333  41.95921265
  60.49529486  18.83664427  26.4789961   40.58480636  25.03591023
  82.92865845  58.16834886  83.14241415  35.16948942  55.60784282
  72.64839749  30.53268469  49.66435355  27.79779156  65.78120522
  60.46655915  26.93539944  38.51649352 199.5895368   50.68739221
  41.65269244  39.76021982  85.93365622  27.15793863  28.72746725
  25.95645223  27.5039143   29.36647819  28.57748358  54.1069301
  67.85981666  19.05366545  29.28951384 110.06859505  47.91760129
  51.47666545 230.41014394 148.49430915  35.86426252  37.93553108
  59.83334259  66.88272554  50.12819779  56.0411348   30.95354532
  66.3907623   77.52987443 236.63854045  21.25035089 193.28034447
  33.95331875  56.74050436  60.84798147  62.73141428  46.90536738
  36.54807983  36.93514982  34.0467391   25.09592173  18.35129198
  50.34737505  36.05301487 100.1111341  171.86419599  38.02966352
  74.52511949  50.46717303  30.72661832  33.53089493  22.01195834
  16.33362751  25.34693122  18.87011442  34.89808646  40.55896171
  33.61689974  47.97994009  29.88358106  60.24769476  16.1129949
  24.37272254 156.46602769  49.48204364  22.41170269  34.38753018
  19.88054087  30.21855814  57.5507646   24.12044692  21.80175528
  55.93745219 115.2707887   23.43386887 150.10072796  50.29012644
  71.21299491  45.88182009  28.61450111  79.91693527  33.88535143
  43.99906112  37.239851    52.49195162  20.13212402  34.76367382
  28.2332406   43.36494846  43.24037647 147.3164168   47.18903364
  75.90473665  44.08975875  50.46640988  31.43908413  37.82703516
  30.15687746  16.97437503  62.25899949  19.79580702 156.59940129
  37.03379794 209.88190287  44.06982432 131.42547711  19.05308847
  50.14269155  38.28311682 103.84353655  36.10032457  96.05228091
  25.47124923  39.36866729  31.08339373  26.38613954  82.81053031
  59.64714836  31.30628144  29.89389202  49.55217197  65.12102759
  45.85283039  66.05471259  58.92369392  59.94395821  21.58006392
  77.75598625  39.40003996 127.87802662  49.82696039 106.61737028
  92.44563506  39.95387322  55.1508796   75.85723525  27.86591036
  53.77986877  42.96800509  51.49759848  25.96025001  53.00917057
  40.31755322  27.66821007  39.49037882  43.36601181  43.94488585
 136.66563563  42.39634939  36.07294296  75.31042759  50.82373457
 309.66100769  30.55729193  52.73446802  52.97284642  24.50225632
  42.87027823  54.55561638  61.09728822  26.18697189  25.35051445
  97.68786391 199.16802856  57.86156107  11.98895338  97.66720528
  36.83525758  20.99103914  30.93925289  24.09630074  43.258827
  29.40030996  52.53584432  45.24536533 107.4732628   34.28211671
  21.22127189  33.25225979  81.49073132 130.1108059   34.49994042
  71.6386246   82.68340445  31.41726823  24.49261581  93.24260696
 140.97792639  22.61005468  50.34301641  66.11057063  29.91052121
 124.25347415  40.43302221  12.97403856  57.67378325  44.08110792
  21.64060012  35.45619656  40.74501975  34.95143561 105.29048168
  83.28280849  51.30624579  27.92054826  70.95665588  48.14608049
  70.99412269  31.14146379 148.0818312   25.61493293  29.9778593
  48.08036276  52.47606166 139.7796244   32.80488997 171.48042014
  69.89668794  26.5043127   46.24997271  32.79066795  35.41470375
  93.72012086  54.66885317  65.88737889  32.66491525  32.4145159
  23.35639156  40.53939439 120.71626841  46.04611382  20.95923931
  50.37984411  19.86473891  51.96485165  15.39008427  44.30787609
  39.57882159 238.67900181  33.03691102  70.77320902  83.01786162
  41.32950704  41.32499605  32.32425317  73.80776654  80.54683514
  37.83795587 103.72179015  33.55738983  22.77752041  46.73743676
  23.9659243   17.73103101 171.61870311  42.40946257  23.17862328
  17.45573852  27.69040704  48.21476659 107.55102401  45.04813386
  22.17506947  55.58941243  75.75146927 145.84478033  24.81440527
  40.39664868  65.18431276  67.23950519  54.9730861   35.52147319
  26.68660423  63.00298328  19.87414926  30.97531416  65.74361882
 106.00650929  23.02041888  41.84762116  46.07798596  23.59683059
  38.78335686  46.51180604  36.87274472  16.57433118  30.04322516
  67.66709711  94.15111699  44.66069358  65.75758031  41.48767335
  19.10528604 160.12527763  36.07101054  47.94304939  38.84083722
  29.15806588  30.20943456  27.68733466  50.05184915 118.82703474
  20.25105031  45.92289531  26.05690369  82.93593638  38.39527344
  30.36805772  46.44427758  51.28898386  75.44578458  25.86416257
  27.74363265  38.90404623 156.95401788  92.20358231  72.23651301
  52.18662357  25.99653127  30.67630883  74.28161648  53.13093788
  68.10316415  96.41115404  55.39730363  40.8268426   32.95739461
 257.54523015  39.88511294 113.24372666  33.3142135  150.74797023
  29.38406223  11.62626008 119.91041176 116.90778338  85.78122547
  55.90821932  31.12759062  54.4325769  157.84201994 185.87225218
  62.74068284  36.173559    30.75606341  74.83861413  30.59491798
  35.26704492  68.21577652 111.80297885  21.79830078  24.22715299
 269.5774533   38.27124061  33.97153134  37.93113661  32.18919455
  39.10244372  29.98716609  26.6521679  198.52234033  40.25199517
  59.88050043  29.87133715 141.53095905  42.57373068  26.54188386
 226.27282155  15.25876497  27.0208245   49.50113447  42.8995805
  70.90313302  50.66335572  29.84736136  29.94530514  28.35905386
  52.15318194  35.65240454  18.25248908  48.45801488  27.45909804
  37.15963988  80.58580879  60.12100078 162.98346207  32.55856266
  54.61964104  37.85063829 109.36303143  25.3527365   48.7595072
  18.71460551  70.03749161  37.18149086 166.54782713  39.5194585
  26.45363579  64.87871231  82.5088413   70.18811431 103.20049397
  40.92141085  35.58685329  48.12232917  20.4047482   81.59787704
  29.48964106  29.54145143  23.59695341  71.68901585  46.34148107
  21.28400002  60.99758441  59.57989288  18.13049939  46.12575254
  52.79681541  37.15918173  43.33018288  29.52703635  47.82568237
  97.31030903  28.21437166  28.51840632  39.90789567  36.63331699
  15.98110673  25.66562301  53.13994466  47.19523858  49.8830638
 101.06560074  42.38002335  45.06061271 247.72927152  26.11959438
  33.24822791  39.69304577  28.47367068  37.18047608  42.73911785
  93.93024739  23.85393032  17.18009914  75.39979936  21.10634924
  24.3612433   27.36824146  53.6606033   52.75051672  47.51768848
  35.25637631  47.47728216  41.30135292  77.00513102  77.60095195
  32.58337108 113.89179179  34.42083527  64.67112796  17.67059017
  52.65738266  31.2633526   53.57242024  51.49891269 215.53253766
  27.99489705  47.00148283  27.00522741 113.50150704  42.14316558
  39.56667408  36.1840556   20.75417779  31.37676499  60.59375501
  58.30351503  28.62847279 170.91532274  17.79987052  45.44495078
  43.65308094  60.08877282  61.43637668  60.08243127  36.62666176
 154.79729643  34.4298583   43.48412187  77.36976108  66.96218606
  37.83045668  29.97079399  49.42956061 125.8003976   65.06730739
  51.58333247  29.97915019  37.13755564  22.40689393  32.07040844
  25.83800585  27.60514052  35.12691645  24.23352979  30.8922684
  39.59993328  27.62777146  28.61665664  58.17065956  28.18437724
  85.70870131  16.08417748  15.86137872  40.64165649  35.75011534
  58.22237274  34.97495097  49.64259882  53.01413067  15.90044832
 199.402278    31.06830352  32.08491357  19.71870773  38.27719375
  44.84828923  33.87629326  15.73905819  24.73738741  58.90326922
  58.71492616  51.85053131 198.12048945 143.96634785  24.33980342
 102.47404111  83.75714899  40.32828437  24.5313741   34.60646452
  72.63013624  30.2663345  115.40637974  32.68939739 213.70867969
  22.37499996  32.71753942  20.33613022  45.49500908 139.72182228
  57.73266453  34.77988835  20.58462723  63.8473948   24.83928565
 136.35556295  19.23428559  42.85849305  53.47101671  26.04489559
  46.22684248  18.33810755  28.20392052 147.52467845  33.12408057
  37.63490164  38.85789794  23.19513227  35.32117392  52.9792386
  29.27146922  47.18979717  82.27148591  45.43779214  68.82271168
  37.19134525 135.33490942 122.90050842  70.00632381  98.27611488
  41.41105699  67.05317472  32.94886274  24.85880838  90.18877359
 103.53767388  99.02352685  98.55276362  53.28598981  21.39227265
  57.89155157  41.7714108   36.52512476  91.56572854  54.4383315
  54.81697682  72.62421801  35.62990448  46.94531195  33.12419295
  85.36108686  66.05741731  45.36794404  39.61288924  25.64478826
  50.56469672 169.67170163  26.99090727  27.79996317  24.48788886
  20.07317657 221.60816462  19.94018792  54.3967549   67.05338921
  25.19003607  28.23249131  35.71126887  33.37470805 122.97838655
  39.15262431]
Test abnormal scores: [ 47.21011501  43.13888113  50.78416229 ... 217.02385847 120.40034078
  26.63481585]
