Logging output to: /home/guest/Thesis/MotionCLIP_experiment/results/finetune/fullContras/anomaly_results_brushing.txt
Loaded embeddings:
Z_train_normal: (2036, 512)
Z_test_normal: (566, 512)
Z_test_abnormal: (53888, 512)
Normal classes in training: [2 4 5]
class 2: n=679
class 4: n=678
class 5: n=679

AUROC : 0.7587
PR-AUC: 0.9959
Threshold (95.0th percentile of train-normal scores): 25.6856

Confusion Matrix:
[[  112   454]
 [ 1083 52805]]

Classification Report:
              precision    recall  f1-score   support

      normal       0.09      0.20      0.13       566
    abnormal       0.99      0.98      0.99     53888

    accuracy                           0.97     54454
   macro avg       0.54      0.59      0.56     54454
weighted avg       0.98      0.97      0.98     54454

Train normal scores:  [25.08817009 21.56533092 22.10887391 ... 25.90137994 18.61608743
 15.96628331]
Test normal scores:   [112.3468119   65.27253746  14.76250934 173.33947871  38.0638198
  80.75161316 108.95163985  40.8807266   60.33774422  82.96681592
  81.95323293  55.32881402  74.3067128   77.47951304  77.83671966
  34.30240104  26.83634666  15.95948144  33.33381574  28.84523799
  65.06756686  25.54038131  76.81201984  20.55654563  15.14687019
 126.66197156  21.32695099  32.1364225   14.27146457  42.29792494
  28.34571958  95.78130164  43.19228979  46.13089176  30.33609794
  16.67782482  39.57002773  53.1073634   14.96019622  17.27403242
  67.86449411  43.8399399   39.57804228  88.70484843 107.62428353
  40.97830572 111.19406773  36.82905996  82.89810165  94.04211313
  26.40336743  77.95318195  26.14545686  15.4564929   94.35902018
 128.86614305  58.34506053  88.22057138  24.05841001  48.13480536
  56.66285075  65.40994493  83.03396156  48.48262629  14.67027375
  87.66521938  90.7772219   71.17876738  38.527463    38.36065727
  42.36669742  56.50174543 211.35314025  21.84681778  66.47306768
  38.10392973  42.18990414  43.59890847  26.0208802   69.68120892
  53.83009965  54.79218236  28.86474946  62.82540106  75.3404495
  54.14228636  87.78252323  40.15149065  86.86715966  26.07167647
 169.93313397 107.12990233  91.99834027  58.69367664  35.15097229
  67.77202081  20.05204781  24.43167448 110.43611728  33.52772078
 118.41866657 168.75842783 168.79995057  39.59690013  19.19783444
  91.67323713  49.90513427  33.44486932 195.49530301  21.45803054
  67.07370828  30.68215309  35.46284399  55.1780211   44.71047924
  31.43535776  44.6084747   17.89990553  33.64257852  26.82657272
  30.13973275  43.47958023  46.36685685  22.80299948  27.06978219
  99.60644205  40.29584185  19.46577358  47.8572583   62.19394567
  38.01433163  38.25048403  56.27310978  32.09969379  93.54933421
  41.04111874  47.03816996  32.38369206  42.45489247 104.59599041
  60.05441159  79.78427211  49.77279893  71.19434972  82.60224173
  60.12323178  51.40508461  25.73214632  21.63310504  34.62980082
  29.24525425  61.12602776 141.65693851  30.60084343  25.2307801
  19.39704246 122.03806726  67.91917273  85.27357838  65.1353173
  54.4003288   31.1601113   26.90147596  40.31019675  25.13869189
  69.6995754   31.71954764  47.8231691   45.08832503  75.11745139
  38.07111853  46.78253311  25.27978566  31.70477603  61.29496175
  49.53531999  64.41577147  17.14988392  44.32303577  21.75602178
  19.57905713 146.98780375  30.66741293 101.88246976 127.43794077
  21.72877652  69.71462543  78.74399938  61.9646826  146.99863088
  67.94782382 132.26909228  33.02573491  33.66599258  19.70522755
  47.70900468  15.94077711  32.7738644   22.32746078  30.60925577
  61.04040135  42.02783087 118.76850798  46.55831659  77.50531685
 104.78150446  18.82184734  68.56892919  62.58061214  79.92876957
  61.40705965  63.62626435  18.14848154 123.69028995 137.54801229
  34.95125446  35.14149913  46.69747048  19.49347833  51.91064671
  24.59630901  27.8677645  102.28135351  59.60915487  60.30237205
  27.46536352  76.364811    91.10185552  47.60308796  24.9427109
  56.94669217  50.44429793  94.79820832  23.13109332  37.72072904
 141.82727721  35.64475598  18.3667952  102.94504801  48.51129737
  17.41155392  60.55418387  18.17746142  20.1731095   60.87616132
  70.70021975  23.01011279  93.85231786  44.75715928  78.70850905
  84.19316605  44.16602408  40.91886014  61.179128    92.44494015
  17.754509    43.86663769  21.97293019  57.6927968   57.23348044
  72.52112346  40.36123308  31.44821808  54.7277942   51.91549312
  52.49695633  69.59022406  31.11498144 101.76484765  74.48553258
 105.16802477 109.35309172  31.22490008  22.41737725  21.86285525
  35.11638095  85.57986159  23.2090677   49.12854272  78.36308397
  33.11916978  22.75110459  62.46908137  19.44798505  45.36630519
  56.42271733  33.56463753  40.90101     15.48927965  50.7853654
 139.27385284  66.33552067  26.31978016  72.63708166  81.28545373
  49.51807978  20.8699789   21.50424183 116.99953787  65.34017791
 128.70808865  33.64051446  40.42464826  33.48153719  34.8233488
 115.12032501  30.74897128  17.56853502  88.82336948  15.94725191
  45.55615689 136.04888142  26.58939481  62.17795241  73.92288246
  40.29712218  65.18328703  34.94094137  22.35985052 106.06876301
  51.3554068   49.58252688  85.54628053  81.39402249  84.98764478
  28.60135675  19.09010621  29.29405215 159.53861263  16.69544955
  44.93277691  23.05975272  34.19420958  37.07587417  48.70250408
  28.56393875  22.3185069   47.23198071  41.43242162 128.88557152
  52.75014294  72.62302002  28.5516286   31.34349913 139.2013712
  54.69187359  25.29926597 114.36835819  56.26290695  24.59300631
  26.11223607  68.87542292  17.50027838  98.33471385  43.53534453
  23.65790047  67.65496911  57.83133349  43.22463408  57.49710252
  19.20180522  19.77324138  27.42428792 136.64969911  39.36022763
  92.38712944  18.55031627  55.77129386 115.32103936 108.05531053
  89.3378591  192.63365482  43.43405978  69.35810734  52.31468539
 108.36805263  27.59014524  42.81791622  65.58759752  72.78443289
  41.87201097  58.39624475  34.76690697  17.28201101  41.91831805
  39.83417226  37.31752254  22.86368868  60.97328012  93.83301007
  16.12022919  70.33682507  94.78266507 100.15473719  32.27541409
  92.74912451  61.81667456  15.4551507   51.40166914  20.25202692
  17.79826745  46.5190116   68.48425076  48.81457436  62.34601562
  80.72241569  42.5344046   25.75544169  20.48169156  65.54937817
  54.78444869  23.87341697  69.83280891  32.30197242  23.64675175
  48.41112771 110.4013177   82.52342619  21.56392595  21.14691315
  44.40556621 102.06446286  56.25114162  97.23242669  96.56985146
  77.33166873  66.81504009  44.67459217  16.56387756  57.94069838
  43.33020444  34.38079447  21.76099233  21.75744469  28.98984992
  97.86397211  19.98870887  23.47218224  58.4770006  126.42483963
  14.77395207  71.32237763  65.88386562  19.97825719  41.77036612
  62.16502109  24.89516094 156.59483977  52.42285957  97.66583901
  29.08214482  18.02686055 151.72599872  49.17922107  28.27666636
  20.64905768  19.56498574  57.79278518  18.59531472  33.051264
  35.28079261  96.46471977  93.97675513  41.25934253  42.15352466
  21.72542197  41.00792691  70.09222801  52.89142425  85.007158
  51.52988637 205.38245531 114.97678292  71.15487837  33.25509854
  19.89131802  29.11401104  31.24358628  49.68253359  29.87544762
  16.63103105  78.35258299  18.30544538  52.06942468  31.88737857
 127.17891932  37.18898394  70.84939578  63.95120469  51.56477174
  24.26566694  55.27465185  72.99091418 119.25341505  25.01175196
  24.22900514  49.81972759  20.22581331  18.53508718  57.83417581
  39.03129197  35.54156075  19.78255195  41.8327799   92.92878765
 109.00067719  38.44695128  25.25708039  42.96815036  56.9459331
  28.71372869  27.03232499  45.20256232  98.05464603  30.9281354
  38.87819921  23.85042953  33.57533452 130.52107351  89.02022407
  18.04397523  28.79153411  32.87840274  24.90512861  34.51426037
  27.12365876 114.72620406  71.39824245  67.93615627  26.50042581
  77.65664541  81.49323143  79.98208081  20.30823187  45.16213883
  54.70249379  42.28311463  77.43370905  40.08455393  30.60864993
  23.18556105  76.82906861  28.05454826 108.85837911 119.74198645
  34.85762276 100.06572736  43.81781273  19.25511795  31.23293128
  47.37861702  39.90286838  54.53275848  21.79272496 148.39129075
  34.49418442  57.67334593  18.73106609  31.65554106  71.38259353
  32.25035721  49.78396611  20.90318632  56.90717191  58.59376385
  24.36910437]
Test abnormal scores: [ 80.93789848  15.27780979  60.94737354 ... 174.36430485 100.70184892
  31.64677394]
