Logging output to: /home/guest/Thesis/MotionCLIP_experiment/results/finetune/fullContras/anomaly_results_office.txt
Loaded embeddings:
Z_train_normal: (2723, 512)
Z_test_normal: (757, 512)
Z_test_abnormal: (52931, 512)
Normal classes in training: [29 30 31 34]
class 29: n=679
class 30: n=680
class 31: n=682
class 34: n=682

AUROC : 0.8397
PR-AUC: 0.9969
Threshold (95.0th percentile of train-normal scores): 25.6768

Confusion Matrix:
[[  145   612]
 [ 1024 51907]]

Classification Report:
              precision    recall  f1-score   support

      normal       0.12      0.19      0.15       757
    abnormal       0.99      0.98      0.98     52931

    accuracy                           0.97     53688
   macro avg       0.56      0.59      0.57     53688
weighted avg       0.98      0.97      0.97     53688

Train normal scores:  [25.81420368 19.20315703 22.67332695 ... 20.23706315 23.90364139
 22.66398733]
Test normal scores:   [111.9466494   27.2200334   28.94966458  44.58614581  35.42125911
 142.23312959  28.61003487  19.32529226  25.61372996 113.0908519
  14.85133053  50.25329688  53.54860421  78.20045958  58.39575356
  33.31501193  49.86316188  21.55357422  15.48527757 101.71415474
  27.44919428  47.36837135 132.84404188 109.11179067  28.59578143
 108.62231569  54.56572186  22.45418844  14.1169249   34.59556704
  16.50571892  41.95964137  42.01385712  38.33437313  18.67308508
  61.61856192  30.38977944  28.26557375  97.71849238  17.72690792
  33.76263591  33.55513279  17.77172616  31.38555078  31.43528327
  37.90587017  44.68501242  25.64340447  30.10823242  65.32729255
  30.40341706  47.71704319  29.6026263   70.51400935  50.82361428
  28.74594063  35.59524816  25.64426591  41.88571622  71.84439864
  51.93009974  36.66774936  71.15543787 119.52000032  41.00837656
  28.81682232  67.68308145  39.95318215  40.15904481  17.53153287
  58.83381319  27.48064754  17.84692213  24.99806306  38.37906302
  27.98851177 100.26101585  21.08828887  13.65217993  52.91013608
  70.99521669  92.06004188  31.5170097   55.37493187  42.8125733
  76.442758    45.92052779  81.46901806  34.28015294  24.25225698
  52.17777718  39.16395239  62.04052452  97.33164645  24.74376595
  74.97962486  48.80879768  22.55625728  34.60175295  23.76371392
  16.72897336  26.41421243  21.44704636  27.18383718  32.75716432
  32.44175255  24.99024355  62.75207475  31.16207726  34.05643695
  64.76051243  25.46665311  35.42017927 161.60673515  69.57437233
  38.26394957  31.74683055  22.90419191  24.98481536  56.78478526
  48.98946385 136.24326816  27.46540107  44.2668637   46.05914096
  71.12328248  43.37715056  18.53819789  84.14148431  37.95725543
  54.78110912  33.52240786  23.34491346  25.0546997   72.71223964
  90.76141521  67.71533514  26.51078241  36.99554957  16.14327739
  22.77331475  39.52120741  51.07059653  29.32207099  52.22939158
  36.90172515  29.41974833  82.7590306   32.6698112   81.97393806
  25.02180464  24.35307243 113.98593967  52.96148192  85.13590379
  23.09699888  29.81254415 110.32249797  41.84591703  22.50700221
  31.29505721  41.81878314  89.30623446  59.17242914  44.96379928
  58.30739043  50.09132496  39.30587152  64.56194217  79.15241821
 109.51040601  34.01428847 110.97310696  21.50513612  40.8933588
  64.43145282  37.97999493  26.12352124  49.94417799  33.17681909
  26.12354402  18.24061246  61.0118372   15.22874488  41.39980041
  36.35570019  84.5097244   65.59817984 111.08068438  45.81417511
  37.21108898  45.77555045  43.69691941 108.94137315  96.58608969
  27.98977129  33.62346997  22.1065743   30.20820262  44.9962821
  23.89545769  90.23780356  67.11887562  22.83271049  90.02536504
  80.17042122  22.74786028  22.06792852  40.96150878  16.54934006
  78.74483798  34.55557115  35.09514817  30.21084749  66.55699768
  79.27928605  34.72632413  23.44859832  57.1363753   23.28214529
  31.31209494  42.87946258  84.31554103  17.65804854  35.43801394
 142.7402214   40.19290049  36.55488979  39.30486631  34.26937194
  40.11686978  43.72253148  22.29314068  23.77281027  41.79533358
  52.86818552  17.81539308  34.27466118  22.43021053  22.491044
  40.12646591  34.74151248  73.90105331  65.07801879  85.70881788
  40.73430519  40.8810132  169.13204449  15.49113326  79.53631904
  35.48065185  82.16143479  51.0550172   26.54078464  59.81876262
  43.70513674  24.70156911 100.84353866  36.33845574  32.25753606
  52.77099334  48.49556515  32.4582706   23.70313391  44.3363583
  34.20047148  42.58107139  46.63112681  35.34911989  29.75646353
  41.04310018  49.53137814  35.82351847  51.87962708  24.91162983
 144.7761397   34.47697652  64.94691222  17.71054254  18.93679009
  55.03692521  93.86831651  33.17636731  25.69771249 115.97248345
  74.5731811   47.46426793 112.75278641  31.9781799  111.83064387
  55.14608875  87.64263996  56.95203652  52.96487866  19.91885301
  27.5432589   48.97577466  49.29744873  31.64249891  52.32093345
  37.31376672  56.35576765  26.51987203  25.71751199  34.80412294
  39.62804931  15.63626293  56.2391893   38.29008008  79.34549612
  52.53074878 129.56567665  32.55962557 111.28925368  48.64057554
  54.10982722  42.02861907  26.75122999  22.34023533  33.15023449
  26.99175606  46.7405538   18.44365508 103.29555835 116.48102163
  47.03672015  14.82012427  69.96392799  71.2173925  165.33914779
  52.92339163  34.16878812 103.00416235  38.3581834   78.65284174
  43.94184637  50.35977831  23.05314068  74.49135162  39.98034911
 202.22104301  97.67153654  31.26078636  16.22414326 114.02255429
  60.6882318  161.97998837  75.86744123  17.04564293  26.82663865
  56.59159216  49.07971921  48.08660469  48.05967217  25.45040345
  31.7190775   60.73659638  17.50568505  30.35167844  17.18595956
  64.27554434  27.46688527  54.1212574   38.89586341  29.15331507
  59.77376986  45.56552623  69.25980722  91.78696074  57.68298502
  89.84370529  84.5271574   81.44899282  71.09058438  51.45740778
  36.58832353  52.63211046  39.57633219  34.95683665  39.02918279
  23.35462296  85.39160006  51.42756707  76.62520601  31.31511112
  36.53648931  14.11246627  93.80213092  20.27441923 113.67853332
  73.32600969  90.02725914  69.36669969  49.02894392 108.56126022
  79.22679211  71.82506001  90.67463226  44.13968901  95.23319085
  21.85722907  20.54886869  44.85543145  22.50901598  83.19426286
  53.87426748  43.93019706  40.71637144 123.27188706  18.30445066
  66.67506552  55.36008993  16.47587945  13.70864048  29.51894097
  69.79317234  39.43132612  49.47347054  28.63784729  70.87448722
  37.80805855  27.00387099  86.77091547  34.37822688  35.41739761
  39.80997623  35.10238781  46.89342112  26.4796573   62.98456185
  38.84677678  22.56467162  96.56109848  22.22101466  48.82593926
  52.79940012  47.84686367  52.38338423  28.78121451  42.88080564
  34.84099637  27.83625734  24.83911297  32.83544954  33.06973095
  22.63151645  40.59535227  49.62961359  29.35752423  38.77220582
  57.12163222  13.80651592  50.76505441  22.16477456  30.76948233
  53.7105649   41.99338255  60.4825427   40.03512698  28.84782715
  43.46011814 122.62245991  53.33429374  69.77525268  17.01658417
  28.17160774  19.70107702  16.30699905  15.75297156  34.21766034
  57.73730995  92.85400132  79.07729245  47.4075474   45.99350352
  23.83067679  24.15331523  28.01965393  74.27944828  45.5651739
  14.03675202  53.50354582  63.69599234  48.38516511  41.75524679
  30.49067076  24.46760351  45.02173455 118.92357225  15.66970704
 105.1566518   28.19299657  21.87998717  49.42628848  24.5263844
  23.42569146  30.31105861  34.63744372  87.09104082  25.36954118
  29.47234736  45.48616824  23.76139469  54.33508345  55.07501372
  50.10850669  67.00571794  34.6103795   74.53905962  34.11761373
  55.30670389  93.78663873  67.97033555  56.8200982   36.04419311
  48.01495664  50.46135947  35.60476576  72.28353334  43.33812468
  50.28695126 103.80987122  39.22366317  20.43911172  13.67570556
  54.98495884  52.15936525 100.1281763  142.32808432  31.92755075
  42.30755148  47.50760243  22.62493154  87.88154443 118.14456998
  18.23063795  95.9079554  104.10747532  28.11487699  40.66970505
  28.79202825  21.81803428  72.57630692  77.85914727  30.67854467
  30.49302318 111.01487302 122.04435515  43.02370211  55.12812505
  48.55377939  24.47675255  19.48999979  58.83656342  38.78493189
  31.05795125  40.56827757 147.72679405  30.82513796  32.51840864
  72.23431832  25.08113986  45.85722846  39.17808204  17.52294083
  39.40295346  81.09577146  46.28053561  39.53852328  77.14095673
  34.39737465  36.78127711  34.95429322  29.66743511  30.24639167
  70.92753847  50.12717354 108.8251839   52.55640445  53.35348837
  48.56548319  33.66505331  27.02546474  85.22673027  79.69891328
  75.41472376  30.7261428   28.72621166  86.17527294 144.44142984
 143.1973249   46.57691169  69.54316768  18.63665766  26.10351521
  34.81265017  64.55440065 148.62589925  46.75273396  26.59932655
  31.8498531   31.47265176  54.62774301  72.98787986  71.54704485
  57.47847526  19.64020269  81.93400554  16.51193143 130.55960951
  84.64133299  11.6412414   40.25884289  25.13866043  29.0347165
  21.69843387  23.49527814  46.41130203  34.99178733  26.77901254
  54.07584357  37.87549463  32.62258531 132.7817078   40.6707236
  59.30535062  14.31909504  22.30444626  55.53534837  36.89296991
  66.7847857   79.50238334  34.01734073  23.04309573  22.60489915
  89.28074318  55.73094339  30.37978519  56.40453878  24.9346143
  73.99278569  63.80148424  36.63471628  48.89181663  97.60751206
  36.93389123  28.75131595  91.83975609  45.01593865  78.84319142
  42.57188368  93.15823768 253.11045951  37.55887149  60.67891295
  21.99329841  60.67250155  53.33342224  65.34161098  58.59082345
  40.28956157  21.53161913  28.46162214  26.00232457 102.80636828
  65.42119282  24.02960899  39.84262359  36.0456679   46.20591979
  55.31663934  26.30008644  53.09310474  41.43026173  46.55922895
 128.75549541 104.05155381  73.89227451  70.79511075  33.98062604
  36.23126227  54.96475209  28.18855361  33.01135868  74.83727146
  86.86990871  70.6419846   73.50764016  75.06770907  22.25668871
  39.13193448  39.94646423  41.20100417  17.48549118  45.14549523
  79.5373493   36.8522987   44.96909541  20.1966552  100.48081923
  32.72961454  16.91047191  25.60524348  54.67197226  41.88839859
  47.77555259  23.78373485 137.41797566  23.43199464  14.89962821
  59.72345511  28.63411119  24.05370824  27.91573429  16.11028405
  26.21210481  32.93999414 123.66484909  57.30455468  31.9873099
  21.94527889  57.74669558  22.39922454  64.55707752  39.53021097
  63.68892027  32.80959422  24.14467359  17.47454516  35.86589236
  38.91118698  40.20881723  28.50867551  59.05339695  21.37303499
  24.08120309  66.26334715  88.42311125  34.77655167  19.02169522
  46.41862401  81.1230067  115.68514445  90.51283093  20.34028289
  55.77900279  34.94893118  44.57931124  18.66213075  80.30754969
  31.92140647 121.17799405 116.59119532  51.64155919  17.69784012
  24.7152995   90.82015648]
Test abnormal scores: [ 94.33391885 100.78164422  79.07796926 ... 122.40792617  60.40221187
 158.90561825]
