Logging output to: /home/guest/Thesis/MotionCLIP_experiment/results/finetune/fullContras/anomaly_results_dropping.txt
Loaded embeddings:
Z_train_normal: (2715, 512)
Z_test_normal: (754, 512)
Z_test_abnormal: (52944, 512)
Normal classes in training: [ 6  7  9 10]
class 6: n=679
class 7: n=682
class 9: n=675
class 10: n=679

AUROC : 0.8156
PR-AUC: 0.9959
Threshold (95.0th percentile of train-normal scores): 25.6668

Confusion Matrix:
[[  187   567]
 [ 1504 51440]]

Classification Report:
              precision    recall  f1-score   support

      normal       0.11      0.25      0.15       754
    abnormal       0.99      0.97      0.98     52944

    accuracy                           0.96     53698
   macro avg       0.55      0.61      0.57     53698
weighted avg       0.98      0.96      0.97     53698

Train normal scores:  [24.35806067 24.89189632 14.71998298 ... 18.04903457 23.84141251
 16.79684899]
Test normal scores:   [ 30.26278786  28.67008075  86.17177508  37.18542788  30.57226848
  23.58972567  85.01717257  25.3530285   34.37011833  14.30259414
  65.07710388  22.67709014 103.22960707  94.56370773  57.08922746
  35.92201486 315.36320775  22.42673106  24.47265699  30.64169579
  66.21060097  46.52704212 154.62615291 124.54686006  18.56524129
  20.88769327  31.48491836  26.4129736   26.6176188   12.50468387
  23.64418694 117.31192536  49.98501955 191.25879398  17.34632043
  51.46743826  28.91063555 150.98440272  21.28473436  56.37445127
  92.44632789  26.84375835  38.29750668  24.10386759 273.76529286
  15.95046716  24.6451004  116.64353493  98.98468122  43.25038995
  42.26224801  83.23082928 575.76623348  26.55454853  37.70932564
  23.12828045  13.81411264  20.46112082  48.93834137  39.9046703
  37.74383403  65.02295163  12.14355018 153.72862478  22.7452241
  48.64244689  36.8648448   26.05592883  40.16023828  24.43899528
  67.61678576  53.19416142  24.78217165  19.89911111  44.54806418
 139.47746836  38.68970492 226.59261565  70.00662376  41.37964602
  15.17795057  26.29092379  18.2628805   14.50936941  42.68370459
  58.48601194  14.50059134  33.50613115  47.15389573  37.9618186
  20.18424284  33.45345511 114.63867452 126.13053139  31.30786702
  51.83082714  26.63316488 109.54948121  86.37311678  21.69305934
  32.92130369  16.33676838  63.40051395  48.29955478  18.49726765
  46.80278306 100.99898549  65.95059687  16.26514545  42.34225609
  80.46635909  80.19719411  18.94698564  54.3012383  112.36264579
  35.13092228  24.32626765  28.4528707  124.00983826  37.77566642
  56.21173693  43.59161502  28.24661788  16.03939125  35.51698318
  27.63300291  30.98660155 300.95405111  20.86815958  37.36895612
  43.48302207  20.10490717  96.60729161  21.34026344  58.38365216
  45.3023656   23.4198481   20.47158662  62.38395494  51.44155405
  21.41090819  22.85779463  24.36383633 115.34458234 173.73100176
  24.14375537  28.2347574   36.03165128  28.37041536  58.15420531
  34.27595538  43.9774521   91.69163165  60.19569934  44.07598947
  18.5814663   15.36989709  23.20078641  51.62450277  71.18304163
  87.59117285  20.97670006  22.70453641  39.87183552  21.67856154
  58.5368906  228.69547222  67.2623821   27.45498154  87.5028174
 165.5827293   32.3989593  254.32262583 214.30333506  16.45146018
  15.02534299  19.31531726  49.77264919  61.99399459  17.3352474
 121.88712723  13.10995625  26.95900007  19.35465802  68.82960815
  18.56691809  26.09790244  53.04465822  20.21613031  34.57810256
  24.4937356   41.05284378  39.5047691   80.13404624  20.73498397
  48.77104811 130.83954475  30.04264712  32.33862588  15.26451525
  42.04127385  56.16890915  28.16057355 230.49765701  11.08822768
 201.92020199  14.13855302  67.21644175 262.78803746  72.50032591
  29.97800114  69.10105749  28.69115449  25.22355032 247.07844091
  95.23856125  47.782073    40.93771424 188.24506284  90.88099525
  19.50647795  28.94079092  68.69306407  32.30148805  33.22438635
  47.11952532  20.1860508   39.61106249  46.96828051  19.87030332
  34.68877769  72.71945594  32.66264429  25.62418012  26.28831826
 232.86602179  26.9850584   27.73489732  33.07427347  43.1312857
  21.46881167  18.60238512  44.52084026  65.40003304  20.64275898
  26.47646888  42.92517494  68.05922519  17.5224912   34.666284
  41.24085772  36.06176006  40.15506483  52.42282224  84.98246363
  22.97788141  18.7038963  172.4093812   26.46322336  46.93065844
  48.54280164  91.27007217  15.13978932  28.50997575  74.3788348
  25.05283104  28.31406102  21.01976023  14.32850054  32.09949032
 121.67792717  37.31943503  31.14067589  24.89991711  20.00140362
  31.71026933  67.25172135 108.2382464   78.84646479 176.15975042
  52.26982424  41.79395581  27.37215036 158.88729977 104.10651084
 175.33549902  58.01036601  47.62787609 140.65804492  36.24673136
 141.11885739  19.88215908  19.7783125   42.05578642  58.76419074
  26.05172463 151.22043847  25.00419719  49.08210235  17.67466591
  29.72987208  43.95762819  52.24414924  28.12427212  29.95332556
 154.1855263   22.4476931   42.9769111  136.71748148  88.40347748
  82.66770748  26.4891895   25.72842135  29.2411124   51.10274105
 331.71991641  17.8772858   21.89878579  23.93323743  66.04940486
  78.7996534   23.38715283  50.00737948  94.23387441 110.8086826
  36.9023247   80.2857956   40.636421    83.17664475 210.1778844
  25.90266671  32.45933157  24.51064113  32.23810772  69.14802788
  68.25886462  30.08513358  22.22245145  28.52125822  19.21510308
  29.63891397  86.48727275 189.25929514  34.59068224  55.38883252
  38.131402    25.23161103  86.22027583  34.23871337 283.29380992
  70.80047083 154.84646274 144.479626    21.21417502  25.24071245
  36.84834146  53.66606246  30.64312923  40.37562593  38.55074842
  49.54533858  18.35409601  49.2500322   42.04393039  26.72214231
  36.97155392  25.35576759  46.59051189  17.05200827  98.08266581
  21.76108753  34.96388978  95.44668548 401.45533551  76.41534961
 161.36102498  32.88407653  28.52692005 155.52488485  46.56328056
  71.31873958  28.91483833  34.28856248  44.05339791  45.09911141
 152.46914477  37.45581176  76.95259025 185.73255008  41.64848943
 183.75457595  79.7923146   27.14142335 209.21202246  44.06980552
  45.2947033   94.09087429  93.55391399 100.47249104 246.07657587
  38.43249746 284.55276682  30.8507189   95.58496023  16.1409648
  26.07179087  32.0616913   24.53272135 364.29450597  32.39157759
 143.08343781  35.87194399  16.54993703 275.48960645  39.71920402
  28.39886779  25.56940804  94.38993716  21.65411877  26.69886973
  27.52140534  63.51048666  63.58972294  22.24728498  24.18838016
  36.35900965  68.48418105  29.70435199  15.19183207 223.98128742
  23.44693149  16.00580014  22.15821371 161.52468379  49.59106125
  37.85349695  22.3114343   15.18532625 106.91697195  48.97216587
  21.21321008  33.12012007  29.41264853  62.04733228  17.69494029
  20.96494052  21.24873318  16.7286015   33.55516196  19.36999868
  67.4323271  170.12518072  53.03444049  81.20274116  45.11548654
  23.4147578   24.90000456  26.85848684  63.25366326  30.07588556
  69.8736323   32.39323396  22.13629927  21.07169098  19.51999402
  24.07615106  47.17910688  59.85784801  28.39544052  40.56706448
  19.85607986  49.99923876  76.5395937   29.14977644  22.89543514
  28.10436946  23.12509781  30.6927011   92.68103413  57.25311563
  25.25110987  36.67954688  37.92148373  39.23336324  80.68417353
  73.36456655 108.07009622  34.38708776  21.11203702  21.3172615
  52.79176864  62.60161746  69.51026388  27.53180721  63.35594633
  19.41450588  18.53201856  43.37307875  22.14068742  12.2393774
  91.47403408  23.83294892  51.77633592  43.00577045  92.35902032
  32.92134253  68.70698031  59.82390947  46.57855833 372.71166106
  43.85964835  29.94741067  43.75526103  38.0587533   17.46805922
  44.41301941  28.50005215  73.75234948  31.80214295  14.42853946
 265.10722386 158.04910995  13.05256099  38.0989316  264.5659605
  57.12789901  23.91378816  38.68176109  26.26034091 108.4089579
  91.34333232  36.73687152  22.74269515  14.14732283  52.20845749
  34.10094885  13.67156208  79.50737627  56.80431962  37.95258668
  68.5649958   40.49344089  65.51010573  32.32605135  18.04373529
  62.52655966  38.55200787  82.22557888 127.56809457 142.15020882
  82.22554296 106.67058146  39.7618435   48.99233549  17.55813715
  26.06314975  96.41179889  30.03624578 318.44116171  67.93104478
  12.23775668  74.15564037 452.79629508 181.44129086  33.85521172
  43.34492452  38.02738173  37.70685884  21.84703204  11.05779367
  18.78256336  40.85853318  17.78852312  41.09909699  31.13295558
  29.22545102  21.43110586  40.39766507  23.05821017  21.49917203
  97.49990913  30.05418802  37.93656618  47.64099575  88.63769443
 110.06724329  80.8145755   54.19222587  32.30345582  24.11506224
 265.92789455  30.98522165  38.42181947  43.65170421  45.92972347
  41.27801911 134.98650371 105.74850717 179.64733047  78.02355219
  41.0507717   27.98798476 139.4512341  171.88236478  95.33176659
  30.54815383  30.40414053  43.31936448  16.35410042  42.51260252
  36.10419736  48.98632655  73.78505475  24.78265974  24.27057815
 317.66376493  56.92523881  30.17862833  13.88934581  74.57668064
  22.82185316 162.84287059  35.43203189 196.35554892  42.16874923
  18.47573187 145.53906896  34.69042405 433.24857357 250.9895775
  32.40685973  42.29444844  25.83441947  26.13471949  20.96826569
  17.77506472  20.30505884  30.56245213  20.30910601  23.85800998
  31.41664258  53.3742767   41.63848923  67.28451513  40.50933283
  97.01390232  21.02313273  16.56249301  39.20466361  27.79524842
  45.44348274  29.55457726  23.04743597  85.20517923  74.25276168
  53.30726393  51.92542422  47.88427771 105.43299463  45.78225439
  43.34841759  83.64313143  78.91463824  44.94416067  83.5584096
  69.61800377  23.84977983  12.61025304  49.92716983  45.45433097
  51.47384157  57.50617048 181.77528636  14.81275922  26.29053862
  38.22045582  21.69340075  12.63532791  28.55920827  65.11654519
 105.91291722 127.26161553  14.15262182  13.19266396  61.4472398
 100.69432491  27.95591453  52.78338397  49.54271232  28.7683496
  35.92474727  22.93897863  23.93804061  38.90140182  83.19225886
  32.94183631 377.22038809  24.32157587  60.48608271  89.66965319
  41.06074521  43.25998232  62.23200713  30.71951247  35.42641837
  84.2050423   90.35653809  24.6402057   97.10204839  45.088258
  91.39116083  21.19706418  21.98610712  19.48558247 298.21875259
  65.63059581  14.95752732  49.05645739  29.18825428 330.05398144
  14.66659746  18.19821641  35.02983021  87.29539599  35.40884482
  17.9708825   46.41009775  39.17882551  33.17308887  93.28506507
 175.36478702  37.20034114  29.94027559  20.73394444  35.07186625
  32.1852069   31.24158472 312.36362765  62.8124763   28.21266769
  39.11321817  33.44219729  64.66435879  54.41862963 229.49904361
  34.40747523  24.55293989 125.67278265  28.90285242  43.0751786
 383.29839181  70.50626876  71.06885634  40.64216092]
Test abnormal scores: [107.6037513  398.89566693 144.49056948 ... 397.01060832  69.17892609
 286.5465691 ]
