Logging output to: /home/guest/Thesis/MotionCLIP_experiment/results/finetune/fullContras/anomaly_results_random6.txt
Loaded embeddings:
Z_train_normal: (2716, 512)
Z_test_normal: (754, 512)
Z_test_abnormal: (52944, 512)
Normal classes in training: [ 3 20 22 25]
class 3: n=677
class 20: n=679
class 22: n=679
class 25: n=681

AUROC : 0.8006
PR-AUC: 0.9955
Threshold (95.0th percentile of train-normal scores): 25.7641

Confusion Matrix:
[[  163   591]
 [  954 51990]]

Classification Report:
              precision    recall  f1-score   support

      normal       0.15      0.22      0.17       754
    abnormal       0.99      0.98      0.99     52944

    accuracy                           0.97     53698
   macro avg       0.57      0.60      0.58     53698
weighted avg       0.98      0.97      0.97     53698

Train normal scores:  [17.39161409 18.12695919 22.35082665 ... 18.06848891 13.17267363
 24.78269812]
Test normal scores:   [ 70.01252116  44.06070332  90.83563319  52.21411397  22.37594342
  72.21103762  58.53249805  33.27552974 173.13307983  17.17605288
  47.10624642  18.38141182  37.13999363  52.56886742  27.03017641
  33.18577502  29.36587071  75.08320067  88.83931695 102.7544683
 110.20567607  28.0185032   38.27329347  87.52639849 118.08897806
  14.90756859 136.75592031  43.88061421  17.78563293 128.0955044
  51.07874492  62.24634242  26.69782179  39.11018794  20.17360969
  58.39001573  26.13085207  71.43853534  64.77689043  27.75584065
  49.73697776  84.12986208  40.68599234  24.31274205  30.62104742
  78.88264178  23.91722258  53.2375625   21.57503273 100.07396701
  33.91241468  17.30400903  28.30474356  59.71385939  65.051801
  43.01315368  21.46264863  23.71718869  60.59863354  37.31538812
  53.38771518  45.76086357  32.95085049  32.46040079  31.02160527
  42.00266454  22.87871948 111.05465863 124.22635986  31.17405534
 222.40705347  34.47903272  47.52169056  20.96391282  42.83574266
  65.57983204 111.96258627  12.26716927  23.35297358  44.19663199
  64.30407072  38.37418754  19.78469455  44.58448555  37.08826723
  18.42300709  33.53318858  16.62392156  30.29451811  94.67184927
 125.32639461  27.56563961  33.36672608  71.504793    76.93162894
  88.0962608  101.20423556  39.93854737  91.37861127  21.01877631
  36.04430646  30.27028065  42.42857738  34.41823281  17.93999382
  61.48960024  17.72904208  28.28265627  36.35638701  19.97545402
  23.76017538  38.50426162  41.016086    64.7252658   44.2035019
  63.7052796  164.64395713  21.21326247  65.47423673  56.90645265
  18.49590443  45.80256759  21.18664275  24.73683079  62.3133687
  70.70632359  31.54752187  23.55809693  16.60032998  56.01495765
  87.52389541  66.69801294  53.8066216   26.89587649  30.21364252
 130.70300204  36.88193226  40.12288579  54.59279026  24.04326838
  27.46482379  28.57824063  17.00394622 106.0588232  133.04133918
  77.14877809  56.18189431 151.51838967  60.70448605  24.94687219
  58.40006675  33.48703451  37.97322877  45.5917301   52.37935627
  43.08817484  40.39562143  14.33239174  30.52673139  27.87200583
  25.95798534  28.45000499  21.44253077  84.43905906  14.32871211
  50.55619296  18.49468464  96.42797456  25.03358021 128.19403209
 108.23050216  26.37549596  40.57084188 100.1940295   23.86436396
  22.21746907  50.86266049  16.90802734  34.71438018  52.13399761
  28.24008487  24.20732478  19.73557574  30.30852986  24.19523605
  23.56711471  22.29159667  16.26844868  45.23607947  32.82363777
  18.33485895  73.96168114  43.6454567   39.34499031  27.58186573
  24.64194325  32.00761072  43.19909963  19.60394563  80.94101677
 172.40546997  36.84162362 135.3425779   81.88614846  53.43560825
  31.65990985  58.55578744  98.46186465  36.77289955  50.26529388
  21.27874051  89.35114731  93.2041254   82.34193865  46.10178152
  62.27228743  25.39508489  45.89444261  33.14852179  56.67695178
 103.40820916  29.72571795  23.22144385 105.10603121  47.06585487
  29.86965349  23.63991445  30.16391778  36.01730744  45.04752148
  52.65642039  89.2895415   28.100851    70.54977434 119.67764169
  42.74149738  64.3324506   92.4858167   45.88980371  39.58207451
 121.37453312  33.326936   198.45675953  20.76796167 134.76931809
 152.75702757  32.26736742 160.57816571 131.8820838   15.84181987
  22.98259573  52.85805172  33.27123571  31.57521914  52.40409164
  37.08865138  18.11671509  28.69448963  42.77470617  73.25306358
  53.25197983  26.26533274  19.4624819   20.72640718  54.88858108
  54.42148849  49.33997041  53.25478462  47.17311372  27.08377015
  76.5192275   59.45757522  86.65752906  94.16110483  19.93702013
  44.00050945  21.66670355  20.68728634  22.57373473 101.74303458
  19.79046537  25.38536477  45.73714345  27.2371095   25.27417537
  75.03909427  58.92470853  54.99521916  57.50851714 118.89836357
 122.14420821  60.55986703  82.57530297  86.0359861   34.44143481
  84.55667777  47.28369825  41.20397402 150.69499234  36.9734957
  90.89118813  43.15345813  76.04852067 110.51182445  38.95669506
  40.97572045  13.82566416  20.07926524 103.64570732  53.8766472
  31.8424586   22.08325768  28.29574843  51.02347578  40.15876602
 129.92739354  96.57130612  43.0983794   30.30124718  30.38622176
  41.80140684  47.66397815 102.03980023  28.1723086   20.94083158
  23.68726678  57.88338879  29.06602224  86.47000999  35.49606657
  28.7921966   31.8169394   27.24429244  18.48021543  39.25449561
  20.39981734  53.0944797   42.79821019  65.79895028 101.67166983
  46.93313699  52.33250117  48.35739605  19.82505261  25.03942257
  93.15361798  16.0861294   98.11221544  18.33162016  78.67159373
  28.43587986  28.97014731  37.54514595  39.91114221  19.53787158
  20.81598027  19.99131201  21.31843369  94.13496247  17.74511952
  26.52099693  22.87744605  59.96120625  81.80918367  97.75247905
  75.40958079  28.68197625  17.75029493  72.37908359  36.43232504
  25.92481583  98.94707303  39.496176    28.70634022  21.68553246
  64.76233451  46.8965704   24.86363024  18.56503036  20.30841885
  74.11186534  25.24983294  85.47774994 113.7325239   53.22754086
  21.74139381  83.79231783  35.38545693  22.64431616  46.05490155
  16.29133179  17.86562775  24.34483674  32.11056549  68.97026962
  26.15529995  50.3564606   27.21473448  57.99934526  34.45418905
 114.09411017  22.17803865  24.84972621 164.60659478  53.31157372
  23.74493481  19.40861554  21.84980774 108.69169419  22.91605222
  14.06605973  29.30820839  29.87403947  25.42990469  77.45109199
  19.66313813  70.55523647  31.22073715  19.76391203  37.90749381
  78.48608172  28.65290944  49.95329243  99.17556377  92.07088339
  41.30979279 101.20056632  48.86567399  27.1062882   37.91147925
  37.2768266   51.54942232  61.67618345  51.76908897  19.04267683
  31.42107462  42.65840165  27.95092359  37.42528382 114.21424587
  66.61718814  61.01607252  19.35807376  55.06147306  17.74594421
  37.38042285  80.74719273 109.48817423  16.9358255   48.10543265
  32.02155052 125.67635364  26.86580904  18.81466332  49.92808054
  49.73177238  12.38086947  47.531373    58.10814524  42.23202937
 124.07484596 167.38545555 192.53661988  55.25337726  58.78388885
  28.48922529 125.93910826  59.07319824  68.40159813 178.96858688
  58.43937399  22.39578226  20.84980346 122.72316182 110.58396528
  58.93355136  33.24028235 115.87161968  47.65341461 186.34950776
  30.47761178 132.42641442  44.0140755   17.60581484  36.90421471
  39.88201357  15.88711421  59.94244167  37.96138456  69.98148308
 128.26467357  45.5867167   93.46498179  48.64535237  39.22748864
  43.71885471 173.4671995  180.95111444  37.31431663  86.01508229
  74.77911585  38.9027587   24.59054437  15.18086149 113.15936765
  55.52560552  28.35753919 118.64226386  59.73050256  75.4971977
  30.1521865   32.69591974  60.65713931  60.61663353  66.31653974
 108.87951328  15.39697023  70.85391501  31.18553029  89.29944839
  47.23662393  30.86472655  41.94102932  37.81854823  87.75453428
 125.34717638  32.91268259  73.92056436  53.35561781  34.49947027
  49.9199353   39.61137874  32.2370928   56.87474504  49.93097798
  31.77786556  95.73819558 150.37645547  27.30063654 153.30635435
  30.05698375  40.67087022  26.17749556  36.36309747  64.55704521
  93.07842164  61.69820975  55.80316237  92.76422614  77.70259337
  26.07598804  82.19202679  19.60305725  24.37735904  66.84949165
  20.1229323   29.91489707  51.70970455  22.24969988  18.80701844
  17.80885585  60.4442054   35.43517223  30.60993786 158.10674136
  54.60546703  12.95842543  20.08353528  44.7362631   28.11202096
  56.3186777   62.71076676  87.21647039 180.70164171  52.36272089
  23.47746604  14.58503482  68.50395729  15.33927033  81.99731538
  20.19226186  67.36348793  49.67339591 286.72307855  35.57623157
  78.79531618  36.19426948  38.05852057 201.72850615  18.64884734
  40.20019612  61.82843562  44.75320024 125.30838228  45.93735829
  31.16188216  24.3707537   24.84302694  33.12699095  77.49489634
  36.97956513  20.24392475  28.20091893  28.93234995  78.96413334
  40.01032688  50.05695838  28.51577112 146.17143162  12.97716786
 130.29646369  27.24883203  24.09466832  47.36183333  35.43253334
 155.44239845  12.79857563 106.01828427  59.58736732  56.694591
  20.12357892  54.87215828  59.7841986   29.64982508  84.11569719
  55.84578732  85.9501193   33.93447228  52.7657217   59.70734422
  21.57103027  24.93245783  17.99761864  27.23909284  32.0317186
  43.03122457  41.14952946 124.49016503  17.93862176  77.01788229
 119.15937617  39.03780748  35.89842008 110.29689445  23.45815824
  95.40257508  96.9212642   12.11715281 110.31107243  85.60379434
  49.22054108  41.33236508  71.67603254  34.87954349  36.72842481
  33.49515814  57.41231729  23.1274229   35.51727058  47.33750584
 113.82813433 118.90089243  56.58870459  45.57975348  32.30508995
  85.68564654  29.2178743  132.59778675  23.1298139   26.64594433
  57.86424682  57.36771192  15.78126995  50.47360909  70.48506219
  23.0621792   36.91302985  30.92091899  31.75935052  27.35705038
 169.842951    26.17268685  22.22729367 100.79687836  64.59265072
  88.57953876  19.03049962  82.91067619  23.56613504  13.89633165
  44.34979489  23.92623244  55.70488236  55.90235746 194.68104133
  54.20795791  30.31292158  91.95595247 141.8216834   22.69735681
  22.40271267  27.98461289  36.55189603  70.93343706  45.65011939
  19.78714873  16.69341741  70.25966092  26.96242059  62.54166632
  22.25044193  59.70215315  20.01254794  56.45580959  74.13800022
  27.5560537   54.82245614  56.24641867  32.1408304   30.3539564
  53.77307604  93.26070505  49.51389033  95.63757909  45.47943737
  36.08190353  54.760044    51.49246663  63.5249476   15.95061515
  26.46438465  80.83944835  17.81052923  30.75448093  72.07504483
  32.66362955  57.27230709  51.29405444  27.66435498 138.52826514
  32.61306275 200.50738265  29.8435841   45.33925665 173.97550641
  51.90220136  51.34356341  29.06365622 113.63646013  70.44018179
  59.97645311  29.02927015  19.06103607  14.87188818]
Test abnormal scores: [ 36.89328299  30.75363478 120.54102739 ... 139.29954532 114.29163909
  48.74259831]
