Logging output to: /home/guest/Thesis/MotionCLIP_experiment/results/finetune/allSplits/fullContras/lowOverlap/NTU1-120/anomaly_results_wear_something.txt
Loaded embeddings:
Z_train_normal: (3021, 512)
Z_test_normal: (755, 512)
Z_test_abnormal: (10590, 512)
Normal classes in training: [14 15 20 21]
class 14: n=756
class 15: n=756
class 20: n=754
class 21: n=755

AUROC : 0.8130
PR-AUC: 0.9796
Threshold (95.0th percentile of train-normal scores): 26.5321

Confusion Matrix:
[[  124   631]
 [  104 10486]]

Classification Report:
              precision    recall  f1-score   support

      normal       0.54      0.16      0.25       755
    abnormal       0.94      0.99      0.97     10590

    accuracy                           0.94     11345
   macro avg       0.74      0.58      0.61     11345
weighted avg       0.92      0.94      0.92     11345

Train normal scores:  [23.4637735  18.82657266 22.80373237 ... 24.43932008 26.7663773
 21.68544465]
Test normal scores:   [ 44.71400437  65.72409036  29.50967309  63.42392993  25.56452921
  66.66263719  41.98398687  51.0984569   28.19945665  81.38798129
  27.58955043  39.30507442  37.36082892  50.9734361   29.27047663
  75.34653166  36.14567384  36.90082314  34.94934234  22.17748422
  30.05605714  83.02841245  24.69229958  44.84219214  42.24076903
  50.57858968  33.37564275  30.2571464   14.34284363  36.43596942
  36.25751154  25.42293982  39.08263119  33.37177128  30.63863444
  39.58415197  31.49126743  52.21463817  35.62963425  54.14882062
  29.33803208  27.93068698  50.7595516   58.11990592  58.28209102
  84.53160388  22.92941175  18.869894    15.68578185  39.58718581
  45.72840772  27.41858077  57.15774229  46.6117422   93.97159812
  47.66036603  32.00473743  21.177562    71.86876479  48.05752646
  31.91305355  63.41459396  23.69739986  31.62589097  35.10371106
  31.39644902  28.11580593  67.18487913  46.2185495   23.25598508
  40.60426155  93.48342825  90.77983114  82.15160517  53.31698116
  38.17602389  34.94016737  54.11141583  48.69844945 101.56884666
  35.03764279  56.47862292  31.41244473  65.06096498  56.85954521
  48.46675218  27.64972049 141.37329261  93.37749189  37.17571445
  32.28680775  68.4647127   28.07338533  21.11994462  30.10449183
  22.9958214   30.24954482  23.05998571  37.61702463  21.02175973
  67.07916202  32.17769589  44.11344017  41.98427419  34.03209958
  40.09451658  29.2187469   44.10710134  28.673862    33.68234369
  52.70575347  19.08570231  51.012749    34.96359051  25.33537273
  21.45085344  41.00307592  44.19273105  38.93124253  19.8691386
  35.10980907  18.81327317 101.66757341  36.47902749  24.32640573
  48.44540906  51.66464961  26.5585609   71.41399136  29.87736947
  40.88942782  31.47584017  32.82894183  85.27276432  27.3825847
  44.71737025  29.64101345  34.70051456  18.61500353  48.12326355
  51.88448257  63.03405566  70.37173675  51.29022142  27.07135793
  43.57805205  42.85159008 114.94728365  54.11698021  24.48469905
  56.0674246   20.24183719  24.86474643  28.85612592  25.04499448
  39.58030063  54.22984519  50.50521046  43.18767679  47.16240973
  47.76864346  26.21306746  39.97282618  43.59765397  27.46251044
  59.9035236   75.11468326  35.23521358  56.49272444  25.91453325
  42.99153287  24.50054064  41.80862285  31.12067002  63.26133195
  47.39552703  20.51937506  41.83741301  56.45183541  49.10297604
  50.38648871  40.76921757  65.49452712  39.67659831  18.67178047
  84.32402544  45.38144183  40.34367938  32.10936482  24.25378437
  69.07730888  79.67255646  62.30399842  23.71761071  23.21860057
  85.96930083  29.11645174  24.61370555  32.52427689  22.35428602
  69.96141103  27.44242347  43.93902873  30.39572265  47.46782407
  48.09256248  31.05954826  62.27259256  68.61505528  30.50139333
  61.33877094  29.32835543  32.23397016  22.80507561  20.36420148
  31.94292234  32.43755452  35.0230758   43.16697764  54.90062279
  21.46807894  37.34028784  32.07274734  33.87361894  77.26825784
  45.46602005  26.75418795  54.5651478   44.3312937   17.94340938
  68.92603796  64.25843641  51.99134366  27.35782964  23.68342237
  39.25941711  75.93150192  42.47710878  27.73581001 104.85617233
  30.40315443  30.27286935  30.48388425  43.28502684  23.01765119
  31.26919748  48.0536651   46.64734857  28.56435909  30.15171788
  43.54109394  19.09888002  27.35432782  30.32219191  19.19387423
  48.40772285  69.86965894  31.72919072  28.3125049   82.91827354
  42.47461882  58.8867783   48.57653207  36.04525369  24.42802112
  33.60032856  63.48796523  26.72545931  38.50003386  62.34000839
  27.83992476  31.7505898   48.4952466   44.5816817   22.60615337
  26.81621503  37.83153333  45.93602481  20.9625666   37.26080488
  30.99279539  82.23827706  66.66308561  35.56406596  24.25071103
  43.78527012  37.31971587  71.76247718  50.36223292  95.45157607
  89.89350334  30.04711941  44.06557976  50.99837246  32.28902069
  28.47618343  38.49529108  43.00182726  34.96318845  22.21796603
 101.93075379  32.92839655 102.77872954  57.69023489  24.59632055
  35.113884    39.24852695  27.42332778  88.41944977  45.22212963
  38.44432816  39.59629595  26.79066933  41.45676915  18.20007333
  39.1630761   41.8771228   67.45445042  49.91488559  95.0952461
  14.25480373  43.70076651  52.2489878   65.98920521  37.74357953
  92.42095634  46.50256017  23.04056628 101.78747401  28.49420928
  36.89600736  25.86778679  30.61359672  42.86820554  37.86013875
  62.16802606  87.14350423  83.09028235  38.00775021  25.17589987
  68.34408315  51.00077467  32.32307227  36.7944855   43.6734909
  28.99658578  21.83439681  38.31189768  35.82576257  30.34315666
 130.00922355  21.89239853 128.67700306  26.89683562  42.60607591
  48.09836133  34.58970406  25.18647421  30.12668235  36.59028327
  27.35047171  35.93973791  36.61587598  64.76440004  66.34456249
  19.86907648  44.69406921  48.06320156  77.43908092  40.30168891
  36.82133524  97.44656145  46.09671758  37.13416786  24.37663793
  55.39357269  60.72881854  20.23297436  71.74469357  36.23841223
  26.7781471   50.70750656  39.8948325  111.73440546  56.34312589
  32.06221811  88.77187111  58.22330354  78.07989218  40.95463942
  42.77462962  37.46093253  31.06050398  38.83102547  49.93692851
  48.16677436 116.34511708  29.48588702  17.4940822   29.03568582
 114.08351635  37.50247214  48.56835348  33.21324336  95.286776
  71.71263296  33.60761822  28.69441806  40.06441606  39.78378705
  33.42682192  59.4799339   47.13315669  27.25493517  35.48648488
  35.96979025  58.90739361  45.34164111  39.65814022  30.53771589
  42.09286734  37.48319179  37.71860356 107.54377358  39.60892881
  71.92036476  21.23792662  40.10001386  42.01651095  26.07494841
  23.37068536  59.87965233  36.36640342 134.69651407  20.64186292
  38.16579642  28.8665724   29.15565634  78.1168528   42.80888978
  42.37734659  41.82606942  56.00908681  23.52432126  33.10178758
  66.32759502  52.41299478  23.40437878  42.24476426  31.22223714
  57.08650971  28.76998013  41.83976138  27.83667022  26.64396307
  28.67634926  84.2855416   45.74654121  75.85522409  21.99472391
  26.07341887  55.81257401  20.32603127  24.07591191  25.57408182
  79.3862915   99.3943836   32.65496187  26.97680721  30.99918811
  52.97605984  28.92348803  30.02310018  36.37310549  24.76168504
  56.90989545  41.95486673  25.33611081  58.17845267  85.64377442
  17.19677678  47.79100588  31.5880029   52.83516559  35.10545636
  26.48938702  28.58664963  85.34332638  49.89196256  41.48554977
  40.76928379  27.07205212  55.84245936  29.18915236  57.8336434
  27.74052997  26.79506937  86.12717481  34.93779763  85.54828772
  19.58624236  25.67015726  32.18394076  51.40779592  33.9756829
  42.90290606  41.5985098   69.52637069  30.48713194  32.34792672
  21.89575011  29.76284758  69.37849982  43.4732219   39.68547519
  22.1290154   90.93768359  34.02293105  27.03060659  57.81853075
  19.81681511  38.87890406  48.57267018  43.1566828   56.50088743
  22.20801684  29.95612433  21.26482452 119.1499256   24.80319076
  53.7925525   45.88312798  28.0712183   83.79192221  51.83617219
  45.10732288  45.02255162  47.72952325  18.38843007  30.10074172
  37.50552127  37.92067419  21.10010879  60.61088455  26.68409648
  32.68662098  37.09304244  27.65951552  44.42086563  34.63584462
  39.12712746  34.32868185  39.57962069  38.85489448  39.86454348
  37.17159577  26.15222097  55.00400599  91.91736424  25.98755616
  32.47399127  18.05693273  60.02626183  33.92299596  56.3802454
  45.96815933  66.41297459  57.54225256  27.04644951  91.71111577
  44.01542365  91.92959552  35.27850158  39.9939103   68.82826185
  80.06452088  22.92253379  84.17239733  73.51034479  17.91931422
  86.41418198  44.77570572  26.95292368  41.7144481   28.091017
  35.0353749   47.81245704  49.20352243  32.69229975  38.40241218
  39.83411332  60.7887655   24.36952179  52.01217928  50.73240973
  41.19525893  35.08366172  28.36863894  37.29187568  34.70485467
  51.67960481  33.69199189  39.00255675  53.7433834   22.7061505
  28.48125983  30.54176106  42.92522161  26.32531607  80.54548382
  31.43349894  20.6009765   58.83608308  72.64712932  52.68929015
  47.16745914  28.71107406  42.33542267  28.06038428  35.11141259
  26.74898948  56.5752939   61.66461612  57.50445225  29.26154041
  38.61410737  24.71132175  33.25093942  25.74639389  35.49215422
  67.41619877  63.00084879  35.76000929 127.99367561  39.13628485
  27.62157485  40.38826587  92.95040814  31.57023242 102.55467823
  33.1576094   31.33053212  39.32039517  21.95720399  36.30325163
  38.16742234  26.666669    58.27222602  39.96448797  53.01525188
  57.90731937  38.14528154  33.69172026  31.96825517  38.92684776
  55.35570824  36.33849571  29.07082268  46.69210009  51.55162711
  21.92410585  54.25081053  29.9619284  145.84564624  27.88721185
 154.11103924  25.08560586  55.24828016  39.13480048  33.67733798
  24.61002115  88.33058646  32.27660335  27.99790858  22.37892653
  40.60373563  65.25762999  46.68656283  99.93312391  49.56584123
  60.24998206  22.09882683  47.30165305  22.54676492  23.46387262
  82.74335952  85.91934031  33.50672698  22.90255297  22.53617161
  40.83942294  80.25906902  41.32748986  39.76255552  19.379514
  25.85485304  48.38130756  25.3186361   76.30611626  30.78101607
  28.96155466  40.86663766  24.61272338  27.7088662   33.27195884
  80.64636095  50.27362689  54.11116032  39.58572427  36.23119134
  30.93588296  41.60501142  44.25928756  37.07823027  21.11526303
  21.67786014  29.71263477  30.08007713  46.55320642  52.92451669
  36.49606107  37.78031604  67.75787737  39.98322754  37.50537772
  49.27724982  48.29980313  67.55545418  49.14893568  40.53761531
  19.37424167  25.25640361 103.34722551  41.58767683  26.36376727
  39.01126086  37.01638834  65.55625695  53.70279423  93.81441299
  34.38320258  42.35354946  23.82176045  26.39939825  20.75932852
  39.05104236  47.49552275  21.24132426  25.11927447  25.72202563
  39.87357113  69.0426975   58.27897654  80.79999755  17.53194628]
Test abnormal scores: [123.56796255  95.97495235  86.74685007 ... 111.76212548 114.72013344
  62.89426312]
