Logging output to: /home/guest/Thesis/MotionCLIP_experiment/results/finetune/allSplits/fullContras/lowOverlap/NTU1-120/anomaly_results_arm_movement.txt
Loaded embeddings:
Z_train_normal: (2266, 512)
Z_test_normal: (566, 512)
Z_test_abnormal: (10779, 512)
Normal classes in training: [13 30 31]
class 13: n=752
class 30: n=756
class 31: n=758

AUROC : 0.7733
PR-AUC: 0.9789
Threshold (95.0th percentile of train-normal scores): 26.7684

Confusion Matrix:
[[  147   419]
 [  273 10506]]

Classification Report:
              precision    recall  f1-score   support

      normal       0.35      0.26      0.30       566
    abnormal       0.96      0.97      0.97     10779

    accuracy                           0.94     11345
   macro avg       0.66      0.62      0.63     11345
weighted avg       0.93      0.94      0.93     11345

Train normal scores:  [16.74681985 23.53276125 17.22118499 ... 23.04283887 26.28287311
 13.34014889]
Test normal scores:   [ 81.79860489  20.65209811  43.59070642  50.29958406  65.01380757
  85.49222063  34.62642082 111.47052073  21.59552058  33.17319984
  40.08624134  53.55735183 146.4705169   45.56244142  23.07271211
 104.56373746  57.80488548  51.5250294   98.47456679  80.1377487
  36.28302044  50.02580963  71.36420045  58.06332266  64.8186425
  28.96725371  18.35795257 176.86104533  25.4102458   29.9385438
  24.68299349  67.42920183  18.53359819  21.99834404  33.13047005
  39.02041763  29.55847874  26.22038373  65.59033411  22.07441394
  32.99528331  44.94626795  41.65524222  53.99330268  24.59672768
  42.54731339  66.82207715  49.81743     28.05836459  77.25182787
  60.66905899  82.63495274  17.75919794  24.66972344  21.27203689
  78.80626338 127.61435357  29.37408868  39.30783387  42.78560084
  86.08124606  64.01822405  30.14253973  34.53047774  38.14183617
  15.04496824  30.85269871  62.80357247  42.91585134  18.91555342
  24.00083862  96.50142934  28.87970215  53.605084    23.41625788
  84.29405717  52.73304951  56.79028462 118.23340209  37.76303395
  32.67913985 146.67622037  66.15178566  36.32550707  37.48826898
 122.60874398  19.12928873  33.97795627  83.51290445  34.92575415
  41.13601586  19.74437866  24.40273503  91.28548573 173.71538334
 106.02185216 151.17259756  39.44542709  40.45159065  36.48943369
  38.85636716  20.65611527  30.02932065  60.7966448   25.52563799
 105.74287408  82.09619517  79.46528604  49.00762898  70.589137
  53.78593171  20.36627576  18.54097586  73.27768428  22.41050152
  54.48946157  33.34008018  61.77340038  38.26621165  74.54403903
  58.56590241 103.00965446  20.48776582  34.58403477  77.0205944
  58.55034904  68.98842675  34.31032272  26.91721796  24.15317121
  14.38305932  69.91901016  54.38671006 115.88181779  58.10755878
  50.51385325  39.72875977  48.69704973  66.48844464  26.65549496
  25.74298219  32.36253456  19.62516624  25.65989727  55.94706914
  19.40121714  65.51611692  21.05723117  35.86392501  17.58362815
  73.23510318  32.64024225  43.40484375  34.98236723 147.28251259
  37.62613255  21.73485162  67.20557578  20.24969931  86.30134956
  19.57447764  27.73305124  13.63160099  23.27339996  41.04405238
  34.33787956  21.64353166  32.8460381   70.95123952  30.99542722
  87.1698148   26.72035938  45.03310541  47.94303257  33.18223009
  42.25231403  85.84691281  25.7390096   39.77985547  82.87068405
  20.09861361  46.42366802  65.75540586  39.140018    43.47560927
  23.39300927  16.94408901  34.97507055  61.09472105  78.5893038
  41.05143708  98.31713132  30.73742504  90.42233447  63.05768903
  11.36256069  36.13286563  83.27304797  44.89665375  86.08993036
 112.46174324  66.4643501   49.83153451  19.22117775  15.26811881
  30.48674411  26.21485132  37.89404964  59.43802109  90.58754887
  24.05373014  52.88148661  26.013355   107.16023668  33.4049805
  31.13360916  47.07285661  89.37060933  34.59042177  68.67981415
  20.41435132  26.60515165 100.24561082  56.01255557  24.08810943
  89.29402617  36.64212972  22.58460045  39.61916049  49.54374124
  62.11571207  80.34787284  25.77774462  24.71084161  20.79481101
  45.94264515  35.03165168  27.01796396  56.24828999  56.28507854
  54.68872456  41.50223825  49.19584073  48.29292901  24.59243668
  23.89409265  81.77935159  32.32142253  73.64270106  88.25994463
  73.12415961  22.52100087  33.08928338  57.2474234   67.6078546
  36.0731276   32.46653678  49.3435443   16.30739538  44.98866238
  22.2618341   35.01618208  34.63248059  35.43929972  23.83848154
  81.69985179 169.91976806  32.32779634  40.93720112  56.63050719
  60.68181078  52.99926063 114.07706052  76.99354476  50.28509175
  39.8596004   51.72520124  40.38147026  52.32232162  90.63461617
 119.65274932  38.61181099  29.31697872 137.99539094  16.61102834
  37.83347403  78.06090051  48.98968974  72.66163921  44.63524497
  20.30418335  29.98586767  41.10248733  35.46691383  30.33823389
  37.89018943  39.57835896  70.42893818  58.5790818   49.09717109
  18.63215777  51.98570028  16.49432139  14.67250374  49.69184151
  76.62550811  52.90683687  25.62183031  22.46913165  34.14668428
  41.32968339  50.41253273  14.6501926   39.39561027  58.41202271
  58.46059767  51.77811076  13.29484287  24.46260463  18.043078
 126.77652168  79.37980796  13.81855504  19.64962268 127.66222931
  26.81469512  14.7313782   54.42772235  62.16627295  54.18075134
  39.80743447  34.77624127  21.17638887  30.74190592  72.52848899
  14.59372994  45.13118067  15.29002945  25.22540946  98.63965393
  29.49558652  55.05056043  37.64087804  30.48188622 100.7796763
  23.04179515  67.84522735  48.89703218  28.17864638  32.13329633
  39.67182961  76.85486523  23.3123514   50.23976215  39.77679711
  20.3514749   22.66303468  48.85213154  64.79668662  19.79069317
  60.24760553  29.45273876  76.70803527  19.82430464  94.4563715
  24.64148678  44.74079314  44.16571363  84.49815253  37.73793178
 129.70462885  37.97596003  60.52225863  20.24811292  43.0062199
  28.88640101  68.73317732  49.45807928  26.37572924  27.06310181
  53.50714596  88.09356449  37.03431229  84.07000653  53.56419119
  74.23513936  28.94684583  54.65022382  25.52766156  88.72091792
  40.92498301  52.01669331  59.92694364  20.96231222  23.55898935
  49.62080007  40.77572795  18.06977925 115.60057401  68.59452224
  81.18383394  45.84198268  53.2899073   20.75615791  17.58599351
  20.58755193  27.81327264  42.50411864  55.47730346  69.93683905
  38.07885648  73.50394234  79.23759622  36.21476682  67.00893855
 101.16755931  24.98105827  44.81385338  48.87098242  22.07178681
  72.24570385  71.55494784  28.13918195  58.28669114  16.18257088
  19.41334524  86.41531905  24.57279079  71.67489328 121.01611254
  19.48162464  57.91663399  64.18782202 129.94046162  37.04554095
  51.01204154  15.50453213  42.8846117   24.99353527  18.53998571
  61.93599732  48.02565154  30.64993516  25.76073435  23.44170911
  48.87828035  92.77994677  76.10648527  74.81805743 126.07481344
 128.27134205  41.28881363  54.9181901   75.4540554   37.87749585
  25.01403844  24.04040095  26.18457958  83.19255567  33.82611623
  46.06672985  63.02452682  21.92716513  26.63806648  18.81836124
  24.84444448  34.31213144  44.02573384  73.16481767  31.91354704
  13.81640749  50.87577502  25.78882706 112.97383522  39.56046761
  19.77495727  21.05177958  65.28849818  24.99838678  41.9791812
  45.60881503 124.90795647  30.44583339 112.47625972  54.609178
  22.50980922  73.37306345  30.13659877  52.29400021  21.06851233
 143.27271713  17.82958155  49.89128164  16.49971944  63.35432875
  66.53384626  40.5243808   31.63019034  83.04838517  34.53337807
  22.52981402  84.8920757   25.17639014  59.17483264  21.42543879
  43.15907883  25.33472729  55.92660258  71.17412534  19.32504536
  21.04364207  24.58810636  72.41156343 121.80499451  51.10011004
  40.92933929  16.15252795  35.5735732   50.20343998  40.00093573
  61.99700407  24.55503083  82.32289763  39.58095681  93.361984
  42.07391676  46.42939434  50.5362636   65.5069442   25.88891157
  28.52506522  19.32625808  12.78270916  87.77697724  88.01904937
  28.78769917  27.14603729  59.11285832  43.95742813  24.79051905
  59.30018316  18.79456771  34.53255752  65.53157562  50.52306667
 136.04296485  60.95562512  38.63955952  26.75258821  35.87941661
  20.984014    64.24186505  41.86687952  37.18698047  20.17947796
  98.01319406  27.80315241  16.07425896  39.24239786  26.27016945
  37.74424242  47.86558911  59.05839836  73.53378993  56.48552709
  18.40190614]
Test abnormal scores: [ 26.21809451  57.0861978   99.57947961 ...  89.27019018 111.58347598
 105.45096888]
