Logging output to: /home/guest/Thesis/MotionCLIP_experiment/results/finetune/allSplits/fullContras/lowOverlap/NTU1-120/anomaly_results_body_discomfort.txt
Loaded embeddings:
Z_train_normal: (3032, 512)
Z_test_normal: (760, 512)
Z_test_abnormal: (10585, 512)
Normal classes in training: [34 38 42 46]
class 34: n=758
class 38: n=758
class 42: n=758
class 46: n=758

AUROC : 0.7197
PR-AUC: 0.9643
Threshold (95.0th percentile of train-normal scores): 26.8823

Confusion Matrix:
[[  200   560]
 [  394 10191]]

Classification Report:
              precision    recall  f1-score   support

      normal       0.34      0.26      0.30       760
    abnormal       0.95      0.96      0.96     10585

    accuracy                           0.92     11345
   macro avg       0.64      0.61      0.63     11345
weighted avg       0.91      0.92      0.91     11345

Train normal scores:  [18.94562514 27.08632803 22.72334722 ... 24.42601689 26.49071454
 26.51305275]
Test normal scores:   [ 62.29625464  28.16457681  40.51590433  44.34180186  21.36299909
  20.31898054  44.34742538  90.50259228  26.81611331  39.26227338
  19.08638124  16.51451315  66.32302998  24.4184605   51.5853353
  38.17598004  82.95668433  30.05167144  19.02331465  36.64060841
  37.43773074  81.28161966  74.38966881  90.13582299  62.95522571
  31.99978326  46.66221044  53.23080968  35.48590066  29.7459588
  67.58763968  54.96254176  44.64119113  67.11959489  61.31236764
  52.37893319  21.54743857  14.68758702  39.27059064  44.786883
  25.41188852  40.49291187  62.97088337  19.83541591  21.06169116
  28.33117163  32.11296714  17.72675533  36.6262256   53.14023749
 132.13351147  45.24686327  41.612812    25.07338668  46.56738728
  36.29271437  30.16568904  99.17782999  25.8631054   21.88572245
  95.96376574  41.04141112  67.22312851  22.57023295  29.2102831
  71.35782433  54.19103227  43.29027899  16.32251025  27.5992412
  24.54998045  18.30308724  23.094438    16.82582299  84.31849274
  89.00860648  54.70916717  40.98510187  73.44550518  37.05184197
  89.8259853   71.59730516  20.17652872  16.01273359  26.77439883
  37.80695992  16.76018587  21.4921031   79.49407387  30.75789989
  78.11803283  63.22041875  60.96997333 115.34532092  24.87950052
  69.70032972  84.92010632  28.2264252   23.17434268  37.622934
  35.6763144   15.67566885  16.69939635  36.94208744  51.57288883
  31.55787784  42.4736126   50.93556313  35.79403506  19.65183697
  13.11569566 101.60137008  36.75138118  20.10333428  67.50005059
  21.10715711  43.05161145  24.49296074  29.59968057  50.31943704
  39.05767059  41.31570722  40.56454915  41.09427161  40.01591259
  31.79203889  28.01831559  19.50043612  47.1102718   48.09120231
  25.2926443   37.87002039  34.53238031  29.67046599 143.45268544
  23.67519465  51.62178624  93.0086079   41.58595979  66.96461381
  78.11150258  32.06000916  27.65821888  23.97100155  15.60388496
  25.62720637  60.37414262  17.05100416  36.77527321  19.38127449
  67.8470739   21.49012038  23.47171876  54.53161857  21.00105957
  22.50419127  22.17189926  27.37321671  31.38104868  29.2863776
 110.77322992  20.54735334  19.39093473  33.76727278  35.93931732
  57.95869489  46.907417    29.98781918  31.98636569  46.57254686
  28.92526702  71.77693697  42.82726326  57.06088876  15.55432035
  36.70097037  41.03139986  35.29434095  32.7988696   46.10614432
  36.38437407 101.4878798   76.2250361   25.69967832  30.97699009
  41.6141474   24.83079436  88.8585143   27.76290418  60.18706167
 109.36100856  20.75061959  32.94732932  27.68975757  41.39317414
  36.33425701  31.30964476  49.76895103  18.4734533   28.64891805
  56.01479836  17.28166668  40.82905513  16.84474111  22.96146313
  32.12758609  58.56239802  63.46993012  24.29605113  50.72278222
  67.43496224  18.90603736  25.73272434  39.21850348  22.67882729
  18.72341804  69.91851054  42.27770634  25.02585024  38.40365013
  65.03172635  24.35962691 163.82202623  21.56039943  48.08151177
  34.39043321  21.0095571   67.62133411  14.44233832  12.79879759
  32.74157281  55.46829069  37.1063309   20.57230998 109.58636876
  27.33646118  29.65537971  83.71151643  37.67184774  27.21284965
  63.67299262  26.77665066 101.40854743  64.6894654   25.73502534
  46.9880802   44.90850923  42.24633262  32.23449543  31.47255137
  43.20329361  29.36909216  46.48752991  38.87772202  25.64246596
  52.41881557  19.16343392  29.74563643  22.06988514  59.18381347
  20.42275101  86.65023437  29.38414195  50.98322879  51.99198702
  36.58992349  15.28268376  59.97947771  28.05206539  37.11699534
  90.14360395  44.91247593  71.45053744  77.04546431  25.86661989
 107.35983651 100.40815667  32.19677993 124.12350929  78.99372409
  52.79436626  26.0758532   71.30087182  18.97782417  91.85707077
  59.40659037  36.54410505  52.70860352  19.85540402  23.8282484
  71.90999705  22.7706753   14.12167014  34.74062727  31.57244552
  42.16364623  45.08950027  44.34051794  28.50948177  33.53937056
  72.27458899  26.95728603  38.03890204  77.04308046  56.31857437
  32.81185699  56.45756852  21.40549673  14.55772551  53.56669803
  47.10204839  24.4636011   24.72891435  31.50971136  50.43247661
  72.35860418  41.44764546  68.73939923  84.39781633  10.64112665
  42.58711471  36.72493728  25.86019728  29.13365349  37.09017459
  20.90015369  25.50533443  26.68438819  25.64454604  53.40736894
 150.5754727   35.67403756  71.93151672  80.12848477  43.66627816
  26.39784876  56.33323674  41.87341028  35.90781915  91.55080148
  29.1813821   19.17903035  92.8391767   28.90966301  74.86608644
  45.06770621  27.39025607  16.38817197  34.54865744  27.98812005
 104.98336453  21.42697823  71.18017481  35.68219862  20.18363101
  95.06608458  32.23651     17.80445378  29.70419125  39.8376494
  55.66846671  29.24710082  24.59901719  22.9772363   78.88531215
  65.40121668  77.11057967  23.06412884  55.26365378  55.76649676
  69.95308867  78.18810202  27.4463549   58.49176197  22.51472135
  49.80757874  35.12167115  54.02297471  43.25563176  45.55337934
  62.19334689  38.52676882  39.04375787  80.50109337  62.89536477
  66.04347094  44.49674598  49.11234178  25.53805417  22.62523266
 124.66206298  80.03074444  26.20853246  35.29800809  23.95721224
  58.38192752  67.39414728  34.36634081  44.46722418  14.15407537
  58.8875292   55.80518841  41.03080534  31.67161279  26.58879094
  56.5050445   25.38637845  23.43623575  30.59875775  64.26062454
  27.19877498  20.43185496  30.97382168  22.57250027  43.9280341
  56.45790121 128.71111984  37.63407649  55.70043144  34.77644239
  64.69523092  69.75448897  27.86478961  15.60921392  28.53715172
  30.67010807 106.81781119  52.80970904  42.93588893  20.58957607
  33.88674325  66.21135717  35.26104915  65.94598084  54.95604524
  40.20368629  20.85408717  93.22919529  44.52482459  13.20030821
  84.45965359  80.01414572  45.7116227   85.10308499  37.12410032
  53.97441437  53.30036846  68.01700377  47.09876509  19.6943847
  51.8824533   15.82890348  36.29014976  27.75523138  77.251843
  38.90241535  66.13565519  53.90624969  68.64274344  24.44464686
  40.86056206  18.12171176  36.06797551  45.71083628  54.13789454
  72.27926284  56.683397   117.36057522  42.90756134  82.13165612
 100.36736052  24.51258357  24.00538341  37.48292786  39.45426224
  72.88112634  24.88018885  47.12914537  32.17446098  32.80149057
  51.13672284 103.87665388  76.86876494  43.32692267  36.77573029
  33.24609859  40.11867773  35.36845674  22.19351287  50.86828057
  51.37236597  68.83133486  24.25413404  16.26354542  30.54996697
  19.98890003  41.7501174   42.25668147  34.62414427  19.53883604
  47.93431265  48.5201893   30.27115427  48.91755223  13.82696172
  21.39120753  56.32159864  31.85053277  27.58774539  26.08195273
  45.4228148   23.5102432   22.09042612  43.58553389  32.26953825
  66.16540184  27.50664016  27.15399195  32.99695415  23.84940336
  38.34616131  47.69110105  48.29889236  84.36966662  20.60529232
  23.16641903  29.89425407  20.74026568  40.44493267  21.67034452
  23.03392893  60.18989561  39.40619308  50.82006494  45.61748797
 102.1504047   49.44383674  26.45970613  65.97589219  62.01933846
  28.80289995  35.30524859  19.40414607  34.53102223  49.58120031
  21.98083986  23.96733791  77.71869756  60.37271392  21.10266255
  21.61975578  17.63420927  49.72549536 121.6992773   58.81510545
  19.03210705  58.81516584  67.77247949  34.46004525  28.65603915
 118.99639057  20.05867085  31.41765969  16.4643337   22.61955431
  16.1133927   71.94487526  92.66362852  42.11891792  32.54171649
  45.90545311  63.89913531  32.8408371   73.44607268  62.02850161
  44.82424686  32.98908807  23.68705937  20.65318231  23.6917964
  20.61245796  68.16420945  54.60129026  74.87095593  35.13657575
  17.35939705  45.06788427  49.68890407  50.65901943  30.38050115
  38.28933447  41.88103152  16.5331469   30.4625031   58.25047048
  29.99176037  15.20935456  42.85394102  63.40045829  22.16841595
  24.47688547  64.08932612  27.45591209  75.47813535  49.34355132
  14.32945937  20.70974024  43.20445407  21.31742961  39.54901938
  65.74446259  33.86917778  33.76299933  19.61789835  38.25323105
  62.79996017  16.4387793   25.72367762  95.39248244  31.05998115
  27.82400075  52.51294431  36.52341432  17.10864501  84.16545986
  22.31985868  37.09244035  36.55678812  38.17541115 111.59452043
  25.01060244  57.19049317  28.88827401  13.78162111  74.07480618
  33.3593792   65.65942342  17.70333553  52.72166659  15.56267592
  49.49840697  26.97769132 103.87957839  38.12141292  58.04510081
  23.61971025  23.68837541  74.55869576  48.25774873  37.30109615
  22.04274912  30.24835126  39.74297285  28.26032148  24.39302546
  39.76888327  28.8409496   97.0139771   61.65709301 130.89957033
  40.38294523  42.21165252  34.02593194  69.81669473  49.11231822
  69.14475127  27.74910229  40.636572    47.25386193  19.95696161
  37.41383636  44.97760064  58.26052184  72.52955834  21.72682648
  24.38641555  72.68500683  67.40278655  21.74385019  48.8440817
  29.91656137  15.94839218  39.32604212  97.25473299  41.89000919
  46.87605458  45.51412717  84.95272687  57.43522515  66.39430165
  64.99993314  48.69363466  30.66212489  15.16264314  14.22633982
 116.62924213  32.5712811   95.71407753  44.98408213  85.92458594
  89.57459997 102.46175244  42.44405282  65.35280881  38.36584448
  20.03025853  58.80900073  32.50474752 122.52284534  78.85971399
 111.42430176  50.92073801  51.79962605  79.40060847  30.63503289
  28.02175776  57.8695136   75.66510954  45.16305463  45.57557398
  23.66925202  37.77454642  88.40178738  39.74105038  22.08430488
  73.77472926  22.91454474  34.31660971  31.51960969  24.72270034
  77.31165291  27.24681169  66.49328644  25.681888    25.56323149
  26.30695614  37.23389775  92.11176088  37.99705732  20.09526559
  26.89687428  80.11778615  28.93301187  24.69538794  45.97073192
  56.75984081  57.28191157  23.36778528  24.4567741   52.26387619
  21.63214284  31.68853552  45.21058582 152.79636043  30.67434194
  25.3979381   54.31556456  33.54190603  50.30874472  65.03661027]
Test abnormal scores: [30.00273186 61.90405117 92.07483139 ... 28.85219395 99.88442053
 49.68915949]
