Logging output to: /scratch/mgirishnair/MotionCLIP_experiment/results/multimodal/classwiseGaussian/contrastiveSplit/final/anomaly_results_office.txt
Loaded embeddings:
Z_train_normal: (2723, 512)
Z_test_normal: (757, 512)
Z_test_abnormal: (52931, 512)
Normal classes in training: [29 30 31 34]
class 29: n=679
class 30: n=680
class 31: n=682
class 34: n=682

AUROC : 0.7911
PR-AUC: 0.9952
Threshold (95.0th percentile of train-normal scores): 24.8020

Confusion Matrix:
[[  261   496]
 [ 2495 50436]]

Classification Report:
              precision    recall  f1-score   support

      normal       0.09      0.34      0.15       757
    abnormal       0.99      0.95      0.97     52931

    accuracy                           0.94     53688
   macro avg       0.54      0.65      0.56     53688
weighted avg       0.98      0.94      0.96     53688

Train normal scores:  [24.24469647 15.24996    21.85890044 ... 19.86431135 16.6038851
 22.35839638]
Test normal scores:   [ 71.96776391  22.06466547  22.47088077  28.76475432  25.71293681
  78.4732609   19.93679722  12.78710112  17.75735997  54.54315889
  10.14035119  40.67872304  37.86528236  45.86422695  37.23969931
  18.45896115  42.04000593  14.83324315  14.22237595  89.31066442
  18.89764121  36.14279189  99.79312022  85.98821405  22.52810026
  68.32458457  24.3727103   17.34984619  12.38664951  19.74069259
  12.85156301  33.49265981  28.46964639  22.97729069  16.53169526
  25.2594365   22.88562475  23.35921434  74.34666741  14.41558032
  16.49553614  21.65081235  16.21367102  17.2848625   36.32252342
  15.50082301  42.16461188  18.93141806  20.25713491 100.30062267
  22.20612106  48.67155699  22.83101632  26.0120966   54.10976247
  19.58848871  20.85444613  27.08267831  42.01606647  25.453955
  59.51748822  36.5518788   58.92609565  59.19168398  39.00703055
  20.61158968  37.21916901  29.7619576   27.03098451  10.2541855
  46.40280768  18.49174966  11.64983602  21.25354751  35.74811593
  22.71977165  42.63127951  20.76085307  14.42192793  28.74052161
  32.09743012  37.80351965  30.76368293  39.44799356  25.42838154
  38.76283173  34.36381012  46.51768296  32.52988714  23.00001359
  41.40177487  37.92856677  39.93793674  43.89532896  17.14193704
  61.32501462  41.47054839  20.41561214  21.85994901  18.23999477
  25.57486215  17.58740962  24.24557894  21.32818169  35.80455603
  23.75231649  20.19862498  83.50291761  35.96494254  28.70141437
  42.53678941  27.04843885  39.50449508  82.13144186  39.43432028
  27.2286192   17.63022446  16.47672844  21.55442464  41.89443195
  46.71087224  43.46588333  17.4254166   32.76904117  47.02403169
  57.81494287  33.86381365  11.14484627  46.06206601  28.08531608
  40.04140933  27.15945481  16.55339845  21.50786336  65.37528205
  50.08775719  53.84520878  14.97350558  26.52340806  13.6097911
  19.52167056  26.90088597  52.26630222  21.95648119  40.07126435
  34.42830108  19.55686308  68.82750875  25.8690953   52.89488064
  16.03710877  15.84985542  65.18015952  17.33231201  52.37856767
  23.9212084   20.54566525  41.41675203  42.13863762  17.3388438
  26.65168914  30.34363453  89.59113836  40.45633666  33.42501183
  31.96553417  34.4014779   23.86022736  61.402455    41.39124295
  46.55713784  23.13676907  60.40694563  17.22014977  29.80453723
  34.48323827  42.41189515  23.81757663  40.51971992  26.09364367
  21.77614486  16.20773999  38.58358306  10.00585332  30.63019581
  37.45876108  46.45474875  47.91042812  66.41444832  30.09322046
  29.86791711  23.08227027  29.06768423  56.78108877  52.29558131
  25.4406862   33.359518    19.8584902   25.49549291  46.11443851
  19.10644709  48.35165164  34.209472    20.88938122  55.75901369
  40.98873848  22.52020176  11.62670904  33.32522793  13.5816505
  68.06423095  29.33989154  33.84086106  24.3416235   46.1030967
  35.94090692  33.52891346  19.82303285  43.51639821  21.29340346
  31.39028986  34.91982637  48.25486436  12.77195886  31.46847051
  66.64277752  32.86134918  23.58778992  34.24386639  35.41906519
  25.25102244  32.08175179  17.79337929  27.56480104  29.3413534
  26.06822749  10.11386052  29.30713195  16.50342633  18.93453027
  25.65485811  36.86344444  55.23064594  62.60937166  38.27257268
  22.90468316  27.76724951  60.62730942  13.26638558  49.71701181
  33.56798637  83.64764659  33.93830282  21.91335533  49.43095377
  19.15785407  28.04388239  53.28072025  38.58551156  25.0772613
  67.54165054  33.61428492  26.80663081  18.25765605  18.59808424
  27.94735212  28.71204061  40.26459098  32.27367888  24.44037714
  27.33161854  25.37340673  27.44933603  38.57025622  19.76855426
  61.36594051  33.94178236  40.26752899  16.61979164  14.95757062
  30.55303783  69.80194777  22.71770364  16.74004633  37.40607337
  73.40255348  34.23639076  41.20460001  29.15766795  52.71887397
  36.74112741  85.54845846  40.758517    57.11201727   9.65971026
  25.89734446  38.60142704  40.2576815   36.69604847  29.38422538
  28.92556092  39.34680186  17.76394693  15.81716292  31.20608314
  32.63308029  12.85072903  39.8380463   36.50678557  40.36009051
  33.09095351  52.02028496  24.85838847  47.93126801  41.04249007
  51.22879011  50.49824428  21.82901622  15.97367293  27.80536126
  18.44048067  22.93200281  17.73871766  59.54231864  54.49496636
  35.85457156  10.82634724  58.88591238  39.83758615  55.59561498
  47.31591041  21.56083931  40.06522884  22.10685872  50.6325565
  23.79264073  40.49826944  17.02823501  60.20862683  39.37896967
  98.73996674  64.38405061  19.88006624  18.22780893  53.53016642
  56.21848607  52.7668402   32.54509393  17.33574063  19.47309366
  60.97494168  29.87447161  23.70530733  36.94645141  20.24259951
  19.62153611  41.73030104  15.2833922   19.33152644  10.65626717
  35.86486559  17.67452853  50.15175797  27.98356999  21.75734058
  32.49182164  23.36223109  39.79816526  54.5674434   52.87940917
  48.39655101  66.40425425  55.74435636  54.75395681  36.92309097
  29.51588705  29.24991149  25.69328732  27.64261098  28.89167323
  20.76327065  73.1066986   37.4779884   49.13966478  22.00484383
  22.31357079  15.29292104  66.28479542  16.1347557   77.12453564
  68.74407684  67.95317177  67.06397441  27.0558882   69.1253729
  60.86855284  47.95819253  47.6854241   33.42674005  62.27390958
  20.36632586  18.31264416  26.91554918  20.96828024  40.99351519
  48.1283724   47.37615418  41.70443829  54.30442996  17.78113282
  30.13116964  24.00103421  11.04905673  10.74177399  20.10652915
  56.14842826  15.80543743  36.27121592  30.5353109   65.74868843
  47.10014999  18.99063967  47.28280959  27.43752018  28.26931122
  32.8880359   28.37247802  38.22801574  21.93716935  27.90824904
  40.45102778  22.63158648  73.21334008  16.98444367  44.95311792
  25.43017355  27.98116088  32.99516206  26.80688026  24.29055374
  25.29854883  17.97517926  15.65134763  34.80920224  20.73757309
  14.74380535  26.89164261  44.0685449   22.03000103  23.50533674
  41.25795128  11.36918991  35.24111272  13.4829379   29.21580414
  36.58018947  25.19875466  24.92101728  33.56782967  28.62945927
  29.35660733  95.25716649  29.58444125  57.00063155  16.1860856
  19.48811963  18.16975736  16.259314    17.01630925  25.6238179
  29.74792287  64.04385028  36.68809706  40.46854669  26.74029161
  13.14603188  19.93489782  22.90164771  69.93669654  31.70940152
  10.77589096  39.60418681  32.44317362  43.92866293  36.86192483
  21.47963906  17.0246783   25.3063629   96.18943116  12.20286724
  49.13610975  19.59673679  18.04592164  25.83991106  21.86009308
  16.42057982  25.7830532   26.34190539  39.9289999   17.35755099
  27.81790284  44.08063539  17.49694801  42.28576753  33.49881218
  42.04715618  46.94529131  28.99877961  36.05538775  26.50549479
  55.27969124  71.01230976  60.67087572  52.06516727  21.96231378
  31.97687046  37.77972801  28.66876562  43.75059097  24.14714401
  37.52963296  50.04400242  29.02122225  16.96385583   8.68984159
  25.41840387  27.32027652  44.51643378  79.94040546  18.35229184
  22.39122202  39.62069928  17.36537088  56.1004047   63.72115366
  15.8253418   41.29077812  38.45016083  23.85678932  28.98868057
  22.52563295  17.36892793  52.5162148   71.51757479  25.36528953
  30.80892406  60.97945722  85.55120083  28.86460551  30.76343502
  36.17876033  15.44605965  21.80382467  42.75809355  25.15810479
  25.25419972  47.55618712  71.40003764  18.94007821  22.09817187
  48.46270132  16.11310592  34.6947093   31.86333619  17.74643131
  18.42702655  78.40727272  34.24964101  31.18549931  56.09437283
  33.55911218  19.85023073  25.03290948  22.15400319  22.8409667
  40.79534263  30.82909986  60.76070409  48.30070831  30.95653967
  27.52240119  34.86945944  18.81001175  46.76527397  48.85371684
  45.57816037  20.92812036  24.35875225  55.95086137  80.53635288
  76.81367379  44.29919179  43.31028311  19.47869421  18.50608051
  30.84138759  64.03327216  73.77532803  26.25400512  15.51488005
  20.07292387  29.85279658  46.55958908  74.03584558  56.04626165
  56.79423502  10.82132021  46.12979453  14.29161276  77.84603925
  67.75763144   8.483169    32.31671766  18.41764177  26.05990943
  15.52949645  14.87143927  46.07853375  27.86171911  27.07191108
  46.88225953  23.78958394  17.39063868  64.07187951  53.11312182
  31.64358305  15.68524389  13.8716799   43.11405013  27.20298457
  35.01152259  49.53651705  26.19702413  22.3469918   18.09389783
  38.78582427  26.27558651  24.34492916  31.66643044  16.45660788
  54.05387476  42.53486471  20.17890182  45.36077035  59.89790193
  30.66553581  18.53283448  47.83570613  28.36325637  54.76622661
  32.27437819  47.92867629 126.46863391  24.51818639  43.047358
  13.59850768  31.02394407  51.85950935  56.92803718  26.70358382
  33.3468007   14.16050931  23.42406006  20.89629961  61.57698176
  32.00830668  20.01264929  37.65467601  36.33237394  42.63808989
  52.25360737  24.42877686  47.77024942  34.69247147  24.27016374
  54.65060466  50.76312679  79.19550724  62.64479818  26.47711643
  26.74279485  30.76267919  16.3960675   19.1100736   58.32467177
  32.66098309  63.69461176  68.0922121   75.74127562  18.3348144
  28.66195554  30.33795384  24.73162424  14.90320133  46.19517959
  45.27139775  27.89847627  41.10421669  13.75229969  75.68180696
  23.35774894  11.82754481  16.36018936  36.69165498  28.81364881
  35.36673851  19.37298116  87.8243877   18.33377641  17.31513911
  37.29537283  24.41364351  17.19323201  24.96786516  10.03823961
  23.6719622   17.18479217  72.60212773  40.29118647  23.42669597
  18.82071118  53.18628042  11.81064174  63.45387     29.31183571
  47.60978724  23.13044273  17.59239158  12.73593326  36.82664511
  29.8392941   34.56679961  20.40799009  34.19171916  21.92606439
  21.92635832  56.60038887  51.33962701  39.70467871  16.86056438
  29.95274103  51.66065359  51.33583332  41.20724133  17.92600117
  36.21136683  23.16664539  24.24573653  23.97914576  51.7775341
  18.08268042  68.71049098  66.4775802   31.9890286   14.58745923
  18.76828776  49.32285734]
Test abnormal scores: [60.6197988  34.66519367 42.19204226 ... 83.1181327  60.66359535
 46.66034989]
