Logging output to: /scratch/mgirishnair/MotionCLIP_experiment/results/multimodal/classwiseGaussian/contrastiveSplit/final/anomaly_results_random6.txt
Loaded embeddings:
Z_train_normal: (2716, 512)
Z_test_normal: (754, 512)
Z_test_abnormal: (52944, 512)
Normal classes in training: [ 3 20 22 25]
class 3: n=677
class 20: n=679
class 22: n=679
class 25: n=681

AUROC : 0.7483
PR-AUC: 0.9935
Threshold (95.0th percentile of train-normal scores): 25.1105

Confusion Matrix:
[[  274   480]
 [ 3239 49705]]

Classification Report:
              precision    recall  f1-score   support

      normal       0.08      0.36      0.13       754
    abnormal       0.99      0.94      0.96     52944

    accuracy                           0.93     53698
   macro avg       0.53      0.65      0.55     53698
weighted avg       0.98      0.93      0.95     53698

Train normal scores:  [13.38062521 18.30156644 20.51356597 ... 13.426387   12.57909991
 24.03701774]
Test normal scores:   [ 70.7224367   29.14220702  47.71742158  31.59778582  19.76049719
  53.74477431  47.26444616  27.2201934  100.73650186  14.61017215
  30.00031248  14.59731528  22.91850205  40.34870608  19.70877143
  30.80934026  25.54289174  34.94328522  82.89470811  75.70978892
  51.72707087  23.32044943  23.89622007  48.17006906  61.03544035
  11.79928543  60.54980003  36.39500853  14.3429468   75.33747138
  28.38889628  61.08717139  26.64044325  31.74076376  17.61581598
  44.37790075  24.19592072  40.26919662  46.72778439  17.83624809
  36.16834151  27.20239198  28.84781923  24.04527956  18.76460886
  52.4715105   19.63758168  42.98939656  18.84877265  55.57974376
  38.01852751  17.86113616  23.04597022  39.26148937  32.85034567
  32.74503416  15.13617999  18.62489034  58.63931237  29.10260026
  32.47867567  39.13092706  23.08125554  23.9864571   14.10304954
  26.68906167  16.13426299  66.80648767  52.71521666  18.09343575
 167.69446327  31.27753463  46.5641832   20.36325672  36.08590242
  50.98030998  64.44463941   9.98275791  19.69961021  34.14201195
  45.94195088  33.88761275  25.26354318  38.46546858  23.90457347
  20.90055706  24.52559637  12.13821558  19.61950086  42.56380191
  86.92371638  27.78384166  23.07498924  42.02572491  50.25593031
  55.29726464  79.36810929  31.95940418  60.78418104  18.29756558
  37.81049034  25.04765845  25.86094711  36.0810697   18.4313311
  35.53328983  15.5921763   22.54292353  28.36162539  20.43880875
  19.8617183   31.79359509  35.7086195   50.22617435  37.31134468
  28.55048402  85.92632652  18.03085854  64.13867943  44.41858867
  21.43214446  32.75984425  15.27216813  19.25917903  49.64009043
  46.59023052  23.19862049  21.6984707   12.66984688  27.99572593
  27.07848375  49.92150172  32.09054989  24.15598729  22.03748613
  72.13840188  33.27440011  49.6875235   39.06267942  19.70851706
  24.00287152  19.17708757  13.79575345  79.69850912  81.30784451
  65.17676596  46.97946003  57.26865223  27.27693842  21.0366968
  38.59753065  19.54054719  32.49569813  41.23730946  35.55826255
  32.67058594  35.27613551  12.88901121  29.28237848  23.69578154
  23.07973417  29.1907447   20.04449301  63.98491945  13.72419815
  32.06213089  17.30439807  52.84978412  22.1465741   79.67610313
  63.79315333  32.63325455  27.11549992  44.40205073  16.09788936
  17.33223948  24.95463038  15.19910585  41.68202214  37.81135339
  23.26410341  18.43116463  16.65976553  26.71209097  17.35388993
  18.5987031   21.1862675   11.82018137  29.98630683  26.17486185
  13.865142    72.22027171  33.93564704  35.91289889  24.0135158
  21.63146468  24.85492719  44.1795692   15.03245932  46.05422872
  81.99096122  32.24292466  72.97287282  44.27371127  39.59588592
  21.05437012  41.91635578  57.81175326  24.25843161  35.32194837
  19.71584058  57.32409904  56.47458654  54.70618686  34.5484604
  50.66093698  23.4751754   26.11344491  23.63504961  58.54066273
  67.1659403   20.88366441  19.9692267   95.86323309  29.60186851
  18.85711067  19.42237944  34.07252225  17.29668776  32.03690597
  53.42270073  61.85268944  29.16976058  42.60096843  59.44238973
  24.07742349  45.90621968  61.07086951  38.39216063  38.24818405
  68.29418349  21.96276075  84.00186125  22.56906631  62.17367032
 115.87159047  18.28229462  58.15090794  69.24963547  16.40785142
  14.51081014  35.51370486  18.3686745   28.84606564  45.09252154
  28.75444552  15.97684697  29.36679815  28.4814725   53.35245219
  42.77291094  29.75219081  14.48567316  15.70845584  28.57997154
  35.32742865  30.9164361   44.4174071   29.04657901  33.41439424
  60.17319748  53.17188923  34.8961556   66.94071069  20.05652961
  30.87263436  20.13990455  16.84516444  15.12774916  50.41973857
  15.35628574  19.87837819  23.55261553  20.46419595  16.68951603
  52.38511092  44.64179383  49.62161998  38.89569161  94.02974986
  47.36907681  34.56249423  62.6119627   85.51012963  24.53622607
  60.92651915  33.26011907  32.97236838 101.17539758  26.68753512
  62.48956769  50.2112232   66.84851383  73.07608157  33.49540999
  51.81410228  10.77206652  17.00680353  75.14467995  57.85445922
  21.69236048  24.0257576   22.80894337  30.06660604  27.39262723
  69.61189218  49.76238931  24.63696342  24.34907868  20.59368635
  31.69230559  35.64457545  60.05465222  19.54041344  18.15821738
  18.93527974  31.0670275   16.13243561  27.31939117  20.26815451
  15.33893164  23.36329335  26.93833221  13.09306891  43.50061862
  16.36886565  39.62307473  32.84575333  46.36574643  56.80215493
  37.44537434  38.42379613  24.73039091  16.23839808  19.68140499
  81.09642684  11.54314029  52.83719127  15.91303799  55.93256452
  26.81339788  17.20112166  29.03943848  33.15792131  16.02169002
  21.22675165  19.40683929  17.49930857  74.76177864  12.14442857
  20.76682893  21.82169907  40.28388153  41.4221958   98.14271355
  68.29656318  30.37456793  15.9413022   75.58538028  24.72857428
  18.38232502  74.6216503   31.9075474   20.22292164  18.90131288
  55.2318919   38.11160892  24.82595643  17.57902313  18.40869384
  65.48314144  17.34774631  41.69083018  48.1119094   44.41061675
  26.50638846  58.85576918  26.84926081  20.40014348  34.47841719
  14.42781228  15.01725638  20.07375047  26.71670608  40.50778645
  24.38630213  40.13788213  23.09423109  51.68713777  30.45658831
  58.9466342   27.26245735  20.44517331 125.23607151  35.83079026
  18.68685004  15.60572866  16.17492235  51.47955867  17.80117807
  14.27191062  23.99931934  25.17887007  16.76292178  54.07176982
  15.150089    56.29235459  23.4832603   14.59858517  23.32692171
  69.28248024  24.87309723  43.79434837  68.07002961  39.5964319
  32.8528357   52.22550807  45.17537167  16.80099999  28.59290529
  25.45647612  30.79340972  57.41387643  46.94171114  22.17802856
  23.12352784  28.41553532  34.88795427  23.94195796  71.32467994
  42.48232122  54.48799265  17.06469168  45.98387775  14.57749976
  25.72636497  58.63569804  65.42972765  12.8890817   28.54175876
  20.19259996  73.48617535  20.2926984   16.04208716  39.10155722
  32.22587414  11.18068948  33.95807689  30.91342535  56.97945704
 106.55295573 106.28547416 129.95893733  37.96213686  51.79416373
  21.7284895   50.96887234  33.15873935  35.92244842  73.33456534
  41.23007727  17.42194205  16.37209783 106.04320337  75.1276399
  30.8855346   31.05394778  64.81641938  37.11369221  99.53001994
  20.98462143 105.54531176  40.53044868  14.01444115  27.33863087
  26.85844436  11.93612108  46.5929163   28.47847785  34.65669753
  68.0348364   45.04059859  51.81255231  43.06101795  28.11095747
  37.66109769 118.06733206  57.60712031  29.54883057  54.10608274
  52.15221235  15.01962062  20.13964021  11.87537949  67.58085595
  31.53305953  24.33125919  52.34406765  53.67962101  59.80226944
  30.40195344  22.49267583  57.73997691  25.4645404   35.19828859
  56.26642254  18.5190167   51.25464134  26.91119023  54.16155438
  24.30701167  24.15630163  36.52335292  34.14653392  43.53589136
  53.57543556  23.60013705  47.90134973  33.79484521  23.65006259
  38.97226339  29.67933776  25.33314816  30.38143391  48.66400004
  23.06888765  61.20859263  65.69696533  21.3965133   63.84939364
  25.86736515  35.52960973  21.42271389  24.87880728  39.51511074
  43.11200465  62.31722948  42.91388967  45.57771327  54.77402657
  23.62358668  53.2628064   16.99300558  17.67289613  42.75216532
  16.93976618  18.85390009  29.4160518   16.96191655  16.64632042
  16.7280581   42.78531658  21.35733323  24.64143998  72.18271314
  28.99159382  12.1360052   19.21226377  22.99500271  23.71548146
  52.04284394  33.33968227  54.15612841  79.10085035  36.51862012
  17.79536991  13.31111256  51.06709533  14.61220172  32.00323475
  13.7432913   52.38954678  37.54214169 118.78361195  35.30448487
  50.79751472  26.66113169  22.78355086  82.25687632  16.24998054
  25.00246394  49.80904938  39.90653388  54.4903609   35.79193588
  26.59832928  20.0968124   18.52415387  25.42320724  59.13236012
  29.95239839  19.30595423  29.52511354  22.09727617  42.66488744
  30.52683157  46.86045004  19.23224841  79.58991899  11.46233545
  80.91570511  22.8518631   19.15304866  28.19401158  37.04018779
  65.58526962  11.37873255  49.76572377  53.84671465  52.01068841
  19.21764989  29.29534995  42.73530843  26.69081214  54.21507868
  34.5471387   78.806512    34.85672915  50.19662341  40.18223321
  18.00593087  20.0865358   19.24841959  21.99645788  28.68175147
  22.8623795   36.53135087  49.69831651  16.52193934  27.84534288
  80.31525332  32.64512249  50.17232547  59.03890887  17.06048917
  84.6981      89.49187054  12.12865181  60.18447854  44.55832567
  43.47610674  38.85906154  40.50676269  26.9240712   30.81405441
  21.86252223  30.93644644  17.66686497  31.28141827  30.10230325
  78.44827107  50.57246922  39.85889991  52.76307989  23.20187727
  59.02645204  14.01990414  74.01342612  16.5482746   21.18340918
  27.68485113  37.02509197  16.22418268  48.11392093  43.63012039
  17.91920368  39.56354145  25.43266242  26.57432622  23.78695377
 156.13571729  17.56745661  24.23022853  89.60180796  48.02210513
  66.25006042  16.3428876   56.24940023  21.27134868  12.27122928
  23.19904965  20.46920036  39.66177797  36.65635813  74.44000278
  38.24668688  22.70275682  65.77554191  79.08998582  20.36770726
  23.64419939  22.79579073  23.63258271  56.07335121  27.88745807
  15.9167023   18.80381485  64.93463551  19.67765485  37.96066954
  17.75434586  46.44670675  19.6614567   66.20398115  51.97218053
  22.29134306  46.20855111  41.09352553  20.11317105  22.16500155
  31.60977249  60.62602481  48.88928781  51.03352586  29.63176552
  44.06716342  36.86978584  36.22250723  52.16679674  17.73015434
  19.41853298  67.34595816  19.56560321  32.71193334  69.9772796
  30.52100131  31.5198429   46.92638775  20.27171191  73.82533086
  29.74826127 104.80573174  22.10706431  45.27068349 106.28910762
  26.32270261  39.69148477  31.51936241  73.40765373  51.01946123
  29.33785738  20.04727445  16.37562906  14.4610734 ]
Test abnormal scores: [34.55413099 16.97769828 53.39941582 ... 89.34542713 49.14706355
 34.7117549 ]
