Logging output to: /scratch/mgirishnair/MotionCLIP_experiment/results/multimodal/classwiseGaussian/contrastiveSplit/final/anomaly_results_random9.txt
Loaded embeddings:
Z_train_normal: (2724, 512)
Z_test_normal: (756, 512)
Z_test_abnormal: (52932, 512)
Normal classes in training: [19 35 44 51]
class 19: n=679
class 35: n=682
class 44: n=682
class 51: n=681

AUROC : 0.7070
PR-AUC: 0.9931
Threshold (95.0th percentile of train-normal scores): 24.9596

Confusion Matrix:
[[  211   545]
 [ 5497 47435]]

Classification Report:
              precision    recall  f1-score   support

      normal       0.04      0.28      0.07       756
    abnormal       0.99      0.90      0.94     52932

    accuracy                           0.89     53688
   macro avg       0.51      0.59      0.50     53688
weighted avg       0.98      0.89      0.93     53688

Train normal scores:  [17.41627055 23.64549379 20.48941776 ... 20.87126633 24.85338865
 24.2110315 ]
Test normal scores:   [ 13.42676142  50.63207864  28.5503912   38.67434121  47.21512816
  59.50318732  26.59235326  33.55921085  33.07558574  38.7208916
  80.33443414  21.01776373  65.81801217  54.61568127  23.84020903
  33.23745483  25.30220605 108.86104701  28.91283024  37.09126153
  20.33958581  35.4648711   36.65131123  29.26578142  53.14178053
  36.90427091  60.85514182  15.48410703  32.71001791  39.06810151
  37.5583256   39.22797985  49.02622714  42.19962564  20.53229842
  66.89951792  32.32559663  13.54207879  36.76310935  36.83612965
  52.16578601  35.79384877  29.7409932   15.91709131  14.26601602
  34.67144022  33.39264097  73.50228086  33.55755827  26.25390647
  37.15898306  98.60504155  19.17948737  49.86760399  47.98705639
  35.06915326  73.81537937  65.17751277  55.53439035  35.43881431
  31.84749307  56.84611834  25.71427518  48.91238274  87.60892719
  24.76889064  18.49975029  20.55577998  38.49984521  23.36039392
  32.60755148  47.24085622  40.3096015   77.1328317   38.31955025
  25.22767014  35.66310109  27.7477278   66.87220363  37.37424383
  26.74143487  64.81526271  15.42055708  28.24151173  16.01343175
  47.69163317  34.09338936  23.81957616  21.22616539  21.0500735
  34.26375496  26.24523833  31.99217147  66.46421679  22.68650233
  44.82426408  27.4958214   37.94162812  33.11371713  42.43414866
  72.6557523  112.63103884  16.72812704  21.30051077  25.92021073
  24.63147219  11.99585029  63.47051514  41.66023473  32.73512854
  36.30973155  33.25044423  38.53717763  28.4001286   31.73404772
  52.65453449  17.24129367  45.70220509  40.84747195  22.65477441
  45.49271639  60.08624124  44.3443068   29.29787742  60.71658564
  50.48763743  21.79106839  40.28851581  26.8693683   34.94239575
  47.14819315  26.46749235  37.81561549 126.42397428  33.36944538
  48.37209901  29.77696711  61.55421881  16.26651996  25.55433393
  24.23641854  20.77637449  16.3606269   18.91640465  33.05051555
  42.13250025  12.11039009  26.00546826  55.67325741  52.27766836
  39.13414751  79.82741994  81.73839973  24.12749409  35.47225575
  29.21313805  30.0273569   32.82267794  37.87274934  21.53014213
  48.75372974  59.49451999 133.57316562  17.8432168   53.24226582
  27.67112152  39.31492295  35.23210112  46.98372542  57.00239514
  25.05862385  29.46838675  26.53213086  24.76334442  13.37551744
  29.7960855   29.91394264  68.26304022  57.18325603  52.68838494
  35.65091494  31.22131613  26.97821154  28.22386735  19.1361148
  14.47909572  18.42266304  15.18445785  31.75082745  38.37639351
  39.19097726  24.45083245  33.57345042  33.83586368  11.19858413
  21.04825019  63.00118446  34.29378936  19.62314137  23.95852067
  13.57903381  20.94966734  29.59844102  22.83586856  15.05373376
  26.62572335  78.35860722  25.55634865  92.58765171  31.88386395
  54.77117948  33.52233633  33.40525247  55.32258586  31.82476954
  37.2704617   30.48928483  39.94287905  16.86749104  27.25365908
  17.44368651  23.80905017  32.25935531 110.16551301  50.40437378
  72.77530199  26.11819012  44.64089871  26.75679905  33.94426407
  23.94682968  12.78589339  29.61246367  15.96680001  97.88659673
  32.7475297   97.46915985  29.14941989  59.590319    14.54584399
  23.92361042  29.56642504  95.43834316  30.72096687  68.63620961
  25.77756442  23.66695598  22.74444762  32.27026458  52.68275634
  32.50052778  19.36081005  21.88334841  28.20900625  46.86234393
  28.51377863  38.67678413  40.7861398   43.33724805  21.79663892
  67.31316187  32.82497592  46.92239943  31.06867915  85.0044703
  49.97048354  34.97804491  26.05735226  38.57866921  23.83726868
  29.59836934  34.2949955   37.90730046  19.83100299  61.68423233
  32.61451665  17.93646249  27.09542156  31.02479724  34.40466175
  82.44543492  47.10669244  23.76977649  80.23225145  50.66366377
 126.63095109  26.92198468  36.08199387  26.16292939  20.84408716
  44.31276139  52.80021878  30.69649231  21.87657179  18.51152497
  30.45115561  84.262041    32.9960381    8.83891361  37.34294982
  19.0875581   22.64785314  31.53344251  24.65085831  26.01389192
  31.70030079  59.43045791  50.83847888  67.62002538  28.26014659
  15.76843727  15.74668057  39.30140616  60.00687026  20.62189666
  50.7198598   37.70174551  18.58280176  16.83375498  41.31336557
  71.58335737  18.25548022  20.49579329  57.60009725  19.49543336
  81.53473682  30.93217057   9.79702663  31.49401656  38.41331442
  22.23102753  29.77937936  29.27707799  48.74678284  92.34591522
  46.48461406  33.04029731  18.74757843  56.00811944  44.69973924
  56.17333092  27.98461868  76.54440221  24.60523636  27.89272687
  28.96510994  49.47469885  95.04735864  29.47988258  84.94010131
  37.76241879  22.99426549  26.35937576  21.70994972  29.48755353
  35.37712415  34.86712211  41.92642212  30.44044874  22.71751882
  19.97035179  32.95938362  49.71248214  37.60496185  15.851926
  32.25230787  14.50713847  36.42550158  16.5439579   41.36335151
  21.67217584  48.69216165  15.11640292  62.0105026   40.09315246
  30.09914568  48.09739363  28.64704497  32.49044765  41.82025707
  25.25480601  55.74865303  29.57030001  16.51321689  36.71751199
  21.74602124  13.76775373  74.10065058  40.33208059  20.41226842
  20.04709409  17.94417466  28.39242256  56.42605569  39.88311507
  26.13801154  52.35887324  54.44622111  86.54003156  18.09462848
  27.06270141  45.30130541  29.64363774  26.31359091  25.66530879
  35.102219    45.27154879  13.88755484  22.42472194  38.2220876
  71.04312169  18.95300956  38.64545986  32.91485472  17.37237832
  24.15758091  32.73000355  38.6037336   11.55330728  35.81319582
  44.3252163   53.13610471  38.29003363  46.27227241  26.62841367
  15.72389808  97.70422853  33.27236853  63.38744684  18.43215695
  24.79640379  29.33521386  17.02753423  30.33649872  40.75730903
  14.48492845  47.9300681   28.15335319  52.55678798  36.86025423
  20.0842962   39.50465803  31.17989566  65.76540685  17.80525268
  14.53853398  25.36183163  52.05931039  40.74581714  89.26600415
  28.95902254  23.63565761  39.1384346   68.09469114  41.47163691
  41.40911442  76.24324005  37.91934478  39.38018021  38.28880137
 124.11956151  28.09696308  70.74763731  31.23628534  51.95573807
  26.80244957   9.44888576  90.64203617  47.72391787  51.8813402
  25.46894798  29.77712393  34.47669869  80.21945959  71.57467951
  47.31313725  21.72049434  34.1316712   28.27054947  21.66734871
  31.88708201  57.80953105  56.72938202  15.50427717  25.60333054
  94.91583817  35.59392556  34.66298789  44.36197045  25.09959952
  37.84269184  30.3314537   35.6851356  146.43946446  41.53214726
  27.93247884  30.87850577  61.24156542  32.76464971  21.66189115
 109.37608687  14.78959857  23.01330964  47.84239502  25.87083385
  84.01563284  34.3747945   21.70592416  31.27034461  14.00230815
  31.67966007  20.53945174  17.89948785  32.32079573  24.07197886
  39.12632774  48.05725527  31.06349374 157.20794338  19.52509333
  34.45522207  22.32826993  59.70380991  19.72019916  46.68173432
  14.70280497  40.18135636  17.56847235  62.74965363  21.13947907
  27.40627908  42.01911463  43.69444438  53.13050266  38.23187087
  47.17464891  30.13446244  51.31648458  15.26400528  53.95718657
  21.95190117  22.54704946  17.74470287  62.04200839  48.70765285
  21.21711606  30.61701384  36.40524728  14.09768592  52.42342545
  29.35959996  32.40305972  26.74723414  25.05723211  42.71622808
  35.24270682  23.38128033  19.11897494  30.07437947  27.49816409
  16.74180988  21.88971453  28.0540431   41.60841398  40.59392993
  51.58122691  30.05334488  21.72014943 111.69088333  20.27481366
  28.05441007  37.9114008   27.16648247  28.38548144  33.17610391
  41.60512887  29.27002244  14.53996631  41.40171837  19.69199793
  21.17259542  22.46909536  41.68000386  41.30241373  30.71625715
  26.67267963  28.1033474   26.87236696  49.08693972  42.25031599
  22.59846162  52.70358158  40.01318428  45.52324164  16.83978498
  55.35882458  22.9399393   26.98247607  47.41412304  97.86106991
  22.25212096  65.04878974  17.90487552  40.37257735  25.52701271
  20.50244722  36.87882218  24.57512171  31.53820113  34.37047985
  41.16008282  22.65617845  61.04122184  12.97508207  23.30714465
  27.27272567  30.44176004  54.96658747  37.33734202  27.13072017
  62.80786055  14.0889712   35.61770303  38.89559276  53.96156347
  23.88882178  21.98126574  40.39121621  43.08187763  48.97463208
  33.98105449  16.95785196  26.06531683  26.17161948  19.54729641
  27.32151699  21.05508415  24.26358465  26.90816542  20.69256458
  19.67966332  28.73003133  20.13430663  33.91804792  17.25048133
  52.40132164  15.68592025  13.11324285  36.65436926  26.80097393
  63.41855857  26.79342058  32.56252311  24.40923309  11.8837811
  98.4156711   23.7812341   27.37625558  16.43843316  19.73970624
  30.11497726  30.07917157  14.77979392  14.61191623  53.73777649
  42.65831298  29.94786692  47.46517266  65.60604953  24.55306299
  87.9970685   68.26763296  40.06767318  24.75793943  21.71101936
  43.31041361  15.09559502  60.28140184  27.36938324  88.9602781
  20.93932851  22.08903388  17.43387028  21.50306218  63.19508127
  33.76163233  19.51293781  19.24774903  28.5821473   20.32133304
  71.6280686   22.05592004  42.29541107  35.52131151  19.86580833
  34.46616805  15.04335095  26.31863707  68.85337532  23.1209252
  24.92919325  27.91970478  26.19853242  30.96323958  34.21884126
  25.75040472  28.71243855  50.16512958  27.80843161  45.2293837
  31.13452069  66.84757327  46.39168888  33.73028136  38.3542822
  28.87420915  37.78149677  31.07837131  17.00675439  55.5066927
  49.61857271  46.33136902  52.67838601  30.67238504  16.41447872
  28.53049986  22.78090404  28.0214016   46.8577435   21.17139661
  28.79770143  50.29217698  22.76116297  28.68246909  40.7206798
 100.62192257  40.20279147  26.54645034  47.81957335  21.77968159
  46.57847528  46.99133783  20.96443766  29.52800474  19.15455824
  14.9685071  117.28510254  21.50609068  43.620469    30.6930036
  21.00165984  18.09828564  26.13001533  24.38354383  65.38188253
  33.07538245]
Test abnormal scores: [ 47.53763317  20.22775739  29.62532399 ... 139.92246985  51.78977592
  29.17769831]
