Logging output to: /scratch/mgirishnair/MotionCLIP_experiment/results/multimodal/classwiseGaussian/contrastiveSplit/final/anomaly_results_dropping.txt
Loaded embeddings:
Z_train_normal: (2715, 512)
Z_test_normal: (754, 512)
Z_test_abnormal: (52944, 512)
Normal classes in training: [ 6  7  9 10]
class 6: n=679
class 7: n=682
class 9: n=675
class 10: n=679

AUROC : 0.7213
PR-AUC: 0.9934
Threshold (95.0th percentile of train-normal scores): 25.0059

Confusion Matrix:
[[  231   523]
 [ 4795 48149]]

Classification Report:
              precision    recall  f1-score   support

      normal       0.05      0.31      0.08       754
    abnormal       0.99      0.91      0.95     52944

    accuracy                           0.90     53698
   macro avg       0.52      0.61      0.51     53698
weighted avg       0.98      0.90      0.94     53698

Train normal scores:  [24.70347292 23.45658027 14.24266274 ... 11.98799602 20.87747286
 18.76960765]
Test normal scores:   [ 28.09147921  17.36048759  54.94918732  50.77793216  18.38936874
  24.75753368  65.4666848   17.52250734  28.99752031  19.17499571
  86.29660475  25.57745667  39.02636933  33.88857541  24.42258163
  37.05181947 150.87759622  17.52849584  25.43127038  27.07264575
  35.06336556  47.71914678 110.19059924  58.62684851  21.34612991
  22.54573831  28.03314459  23.72551613  24.06304695  14.77756755
  27.87343711  48.20679773  44.748954    87.881509    13.90291487
  56.82210193  23.15813062  49.10109084  25.26363075  62.95713992
  57.61588022  30.09392448  21.26948476  31.32426471 102.33495288
  12.10766019  16.23656265  39.90238448  57.08854999  32.06596548
  41.10879061 107.38122303  60.79246996  27.0817859   42.67801613
  14.95189581  10.06526554  18.48554008  34.20134121  21.14577415
  23.96926014  28.42507845   9.95342434 113.86677588  36.67425
  46.58488524  21.11455006  33.71573826  41.36907082  14.89381654
  66.216317    60.84763967  27.95713462  22.93201039  30.56344954
  41.87452874  19.67620497 105.70148568  30.86716051  31.16382738
  23.54570664  24.05197026  17.0099385   10.19591738  32.59588645
  49.30917945  11.06174079  32.88820679  52.21378608  43.4788552
  25.30692209  24.74959161  60.31772793  97.29607763  33.70414105
  41.65005462  21.49632136  57.05951463 114.92195335  15.89737365
  30.28480607  21.28199898  30.39165719  29.02483208  21.3658015
  45.73629464  90.92727654  94.10861249  11.97238789  24.08134806
  96.29427368  53.61244278  15.79153818  39.66343325 116.37161463
  29.26826021  23.12932452  26.97968233  62.20416455  50.73692063
  33.97058643  38.30193232  18.38095815  12.57434482  22.36458342
  20.00935954  18.03586692  88.17174712  24.76897235  48.93113129
  40.26978735  24.83260123  58.00807275  31.94433939  38.18962436
  31.77969411  25.96583958  25.59060928  39.35474287  35.78331329
  28.78023416  15.04652268  33.8464221   50.94772498 123.57920175
  27.28379858  31.39099553  18.78021216  19.3582608   58.32415178
  17.33212936  30.35636266  55.09741042  46.7418538   33.75556536
  19.14431763  11.17187978  18.35589676  65.00400147  33.79635921
  27.89191178  18.33412677  20.8529076   22.80910463  13.05626713
  42.11391256  99.02480871  55.25511806  17.76061368  64.33595449
 122.68565266  29.48385654  96.61369801  60.25697323  13.2842628
  10.69006039  13.00269402  37.88570722  35.60853452  14.2530628
  58.58974678   9.1254163   35.8519121   16.38916617  49.08678962
  13.75939682  24.33040067  44.01249732  23.95359459  29.9936338
  31.15999994  33.0927231   33.24801166  71.98733339  17.92306241
  41.70126759 134.38287746  31.60735291  22.47035774  19.22578005
  33.90520659  49.78129631  32.23153773  67.19784037   8.96985288
  59.65540446  17.96109055  48.00514331  47.35582306  66.12845122
  20.14437115  79.0601675   28.51686056  29.35828935  93.32254702
  70.71278226  24.24523233  16.64093925  48.48439992  53.80619932
  13.8451944   14.94703108  59.05900788  20.65637443  24.3561014
  33.28309109  12.14677622  35.70445485  34.27754326  16.29401534
  31.21669041  51.32938187  21.80605034  18.55762439  19.52810672
  56.28891132  15.12940595  22.30653947  24.58627035  38.17210109
  15.3209015   23.76191098  32.19072009  31.8224243   24.64408222
  16.87210681  52.85706318  43.23619819  19.12305383  17.9978783
  44.23950001  28.65563027  42.6617805   46.16057288 120.57877469
  26.93798586  19.1987013   64.28978657  25.42706637  44.7341182
  37.99616769  31.91817299  20.48948808  29.21779662  49.97862856
  21.82293648  15.84170449  13.02557745  12.59348153  26.57058945
  47.3850979   33.22363706  28.02954884  17.39409829  17.8332916
  18.72050906  36.4696563   72.02617096  29.36801831  52.62249048
  43.62805081  40.65079288  28.29617714 101.99026174  54.63350008
  99.37259759  39.72326018  31.14886954  53.96960583  21.08717576
 115.32725514  18.96008792  13.11906961  36.45747734  38.91781986
  31.22759898 111.32048907  17.89339867  30.74321205  22.00318885
  34.12241572  29.99105693  27.43897534  32.89659078  22.81426698
 152.39770584  24.18093153  43.2780954   74.66003689  65.97134074
  43.53474932  32.4129636   21.28348724  24.46162484  32.65529564
  78.22001299  17.53317802  26.64546513  17.95341564  26.64798868
  64.81907584  12.30729882  35.21130219  60.50680911  51.7365884
  38.76110261  50.20664799  41.74084495  72.1263193   41.89301848
  16.52482782  28.11288764  22.86670866  34.64241871  56.2248141
  41.49986944  40.51245324  26.63394346  17.8283333   16.32714476
  24.41546341  37.07807209  50.73085471  27.36053644  28.57609275
  35.56503185  32.7210141  102.96368343  17.14049873  88.24991398
  48.61884271  73.45343773  91.95307581  14.72804614  19.53616748
  32.14214433  38.8893309   21.10735189  26.48904446  18.9757178
  37.65152019  20.76920965  39.60652002  34.26642315  14.47694953
  20.39711495  20.28737993  22.6427246   16.55615991  41.96746951
  13.88378925  25.81107703 103.35995505  83.84203189  90.51682452
  81.76451304  28.85922728  27.66869397  80.43678393  37.90910677
  63.33814014  31.23574572  27.48659681  30.60599898  24.0073572
  93.22088284  44.73188214  45.81890564 100.35908787  38.66869794
  67.21659574  63.73731648  18.23686443  89.13689842  50.36698658
  17.52830687 126.79906395  69.6204718   33.03071657 129.2908382
  28.95218308  84.92754294  26.87021482  53.77676122  16.92537668
  25.93648905  28.59826756  33.50760088 147.3965436   25.98751221
  64.9355593   46.68703461  15.17779142  82.4974528   23.41552688
  38.01818547  29.9344227   50.62387616  18.56700911  23.05803497
  25.17842086  27.12561025  44.48698987  26.33760921  20.89327304
  20.11821698  45.48862507  38.25258232  13.20958047  82.40680313
  19.67349765  14.01464466  25.41893559 104.58280597  42.91913998
  25.7610671   26.15844125  19.26635727  70.01671759  40.57876461
  23.1789832   25.95160637  34.0815576   45.39091378  14.79551433
  13.26036126  22.16859676   9.40778055  39.58984182  17.72337381
  47.68238652  57.65086647  40.28119104  39.58452007  38.1661856
  25.85139341  29.04518565  31.74888393  33.04358842  33.39085531
  26.01478114  14.90806335  16.57758215  12.58670167  15.9418352
  21.23772181  42.96673667  74.48828014  21.71266604  33.48929158
  18.46670732  50.65289906  48.89848847  22.74507983  23.95796593
  34.28695869  17.10552908  27.27331732  93.84707321  38.54383187
  25.67841709  31.34918921  30.41979719  49.20467849  45.41321357
  50.58874213  40.81665921  27.53982846  19.79825311  19.77346596
  28.43223295  59.72988095  46.34957806  18.92456634  47.47757056
  13.73342631  20.62052937  58.37430136  29.21843087   9.05155702
  73.33749433  31.63528665  46.75076082  39.23539124  82.98924102
  26.18417409  31.1133483   45.30645445  45.17357104 130.52173262
  33.88119604  24.57338922  42.78850895  40.81793734  12.20130819
  42.0730599   26.82413884  55.49249158  32.05591408  16.93389189
  49.54072906  62.95196195   9.41815373  37.39371811  65.01267692
  34.93532946  34.28743137  35.85681503  18.69344282  71.38561489
  55.44597517  21.67511537  21.0182492   13.02043747  35.80187454
  36.87025639  18.04082151  81.42784931  53.04094412  18.50849884
  45.30329358  39.62905941  41.20944341  38.75905365  19.79665125
  50.8339282   40.22301872  76.77766093  89.9529706   50.16206496
  83.90882345  84.46322363  31.30918862  46.50288895  17.67461895
  27.90933694  74.55387311  26.67908534 100.30931716  45.95172049
   9.89803102  36.50575811 104.4369108   75.66742941  33.94248724
  26.8372387   32.98693024  30.91656059  23.12728721   7.99754083
  17.66852962  34.9232799   13.27117485  35.72797091  22.0787406
  19.54457414  17.1262775   28.5407342   26.43100235  29.67411296
  99.99390025  32.87969271  29.5939968   37.87390671  47.30331793
  53.70739995  62.74048867  34.75832989  27.67983282  20.65561492
 131.05767225  39.04893248  27.57822972  27.15962029  34.55542674
  25.12951889  87.06402765 109.26513992  51.36709894  41.11607938
  30.65017586  20.82133638 102.10871654  34.81831635  84.34528151
  27.4274514   26.51329921  26.4846148   12.9291577   28.17600572
  25.37893079  27.53472833  27.461363    23.8648957   26.3972487
  61.28017207  55.90325044  17.07717548  14.96402178  65.60107405
  20.10666904  56.20630551  31.50640197  71.11832037  34.47295178
  17.23725631  51.51189183  31.04072177  82.32185929 117.6147768
  32.03561302  41.49862965  28.20303453  28.02097072  24.6333099
  12.85515529  14.96021741  21.25659263  21.821434    18.29412573
  21.46696908  37.93080901  29.52184831  45.13521291  34.19677873
  60.17017937  18.77707651  17.77243506  26.4989476   27.05061399
  25.96648188  27.38749392  19.15469853  63.55311407  52.55980231
  38.56778077  27.04492584  27.96878127  82.3445891   24.19313519
  32.61179316  50.67373728  50.68276094  30.77046663  78.92999975
  44.52507537  12.20317207  13.53150862  30.85127667  45.59408236
  48.54783713  40.18256639  89.0995397   10.78520862  33.9772556
  31.99774971  14.9694053    9.25877736  17.82610021  67.08141459
  35.16313249  60.28842124  15.45099186  10.06077264  29.76051652
  64.61248505  30.75149885  36.65076468  35.46414259  25.96430557
  36.06429211  29.91699706  24.41930048  48.88781636  58.04931817
  23.49092571 126.57404737  34.34947719  66.56487484  60.16183501
  43.50726702  37.24006844  48.44560706  24.4980311   35.87728319
  48.77055194  96.14218322  19.02527135  78.4279975   48.36720757
  66.80024164  12.56395806  22.76263063  13.68404175 156.77329678
  45.31604537  10.23752489  41.47038863  21.2764875   95.76345638
  16.17383069  15.44654562  25.52880095  46.0122044   35.57720914
  11.45823511  42.93570565  41.66766638  17.90687242  66.34674835
  59.65401592  34.77980397  30.97249866  20.57762201  28.76614912
  27.83980723  48.82748282  38.25047149  36.81280436  26.73777278
  36.8218641   15.29770223  45.7237352   39.42244634  96.5614186
  25.10770447  25.20089696  85.03793124  30.89693575  30.76084839
  38.04473856  41.25428559  68.09743616  31.70269996]
Test abnormal scores: [ 60.75414622  35.29279017  40.38574385 ... 163.04792847  42.50967185
 108.8578882 ]
