Logging output to: /scratch/mgirishnair/MotionCLIP_experiment/results/multimodal/classwiseGaussian/contrastiveSplit/final/anomaly_results_random5.txt
Loaded embeddings:
Z_train_normal: (2726, 512)
Z_test_normal: (759, 512)
Z_test_abnormal: (52926, 512)
Normal classes in training: [30 34 35 53]
class 30: n=680
class 34: n=682
class 35: n=682
class 53: n=682

AUROC : 0.7329
PR-AUC: 0.9934
Threshold (95.0th percentile of train-normal scores): 25.0894

Confusion Matrix:
[[  265   494]
 [ 3198 49728]]

Classification Report:
              precision    recall  f1-score   support

      normal       0.08      0.35      0.13       759
    abnormal       0.99      0.94      0.96     52926

    accuracy                           0.93     53685
   macro avg       0.53      0.64      0.54     53685
weighted avg       0.98      0.93      0.95     53685

Train normal scores:  [14.14857597 25.37758365 23.93614619 ... 16.00551441 23.06910151
 23.72268209]
Test normal scores:   [ 31.48360811  83.96469498  35.44683429  26.14175674  15.72529375
  42.61048565  64.83377015  30.99867821  59.74369539  57.08029918
  20.85796708  26.86367963  34.13923954  76.19358699  70.8512282
  28.80698196  21.97505545  26.34224232  58.59187259  46.16172856
  81.39113112  21.88514004 110.03129176  20.38696591  47.7642366
  67.82685342  21.55074748  34.00799214  21.89201639  65.63068215
  37.73912713  25.12348416  17.9355324   49.90583101  63.49722261
  40.66898005  24.83994379  23.87408723  17.74906347  66.10192987
  82.76914749  33.24059163  26.35489512  13.98754803  92.15539126
  34.25175494  23.86886839  54.40726799  47.75747885  80.822965
  19.92676306  73.32746692  40.64216667  37.97625593  22.85108381
  19.49868199  24.32492749 117.73302555  15.11493346  37.35572469
  41.24412     90.93173436  17.5390315   12.94256924  19.68795318
  25.30266881  39.09991123  19.93656284  16.38160838  29.76068299
  58.8990972   46.33670613  27.26793189  19.92375691  13.40576331
  26.35338954  22.66451088  20.36218658  49.15404296  59.92392338
  80.43666171  57.88446898  23.154308    57.2881578   61.94935886
  52.35808461  55.92927134  42.45603664  20.10252159  21.88807017
  44.86435327  53.5114825  104.14363248  63.52175904  24.43875834
  61.95499423  15.80392443  92.23517819  80.74245932  34.96114972
  21.98634501  25.14477277  37.28618081  18.91553321  53.31699499
  60.34031489  31.08918535  37.22121361  17.54914551  75.76327465
  15.38174524  32.68001898 103.18770244  18.07193561  73.63833717
  64.59302009  13.53959342  52.59050724  63.88435784  35.77382856
  27.09434221  83.27479455  38.83424511  25.6956327   78.68893539
  55.37711328  19.62941885  78.13149415  30.8609718   16.70319613
  37.22095558  26.58454944  39.71057138  56.57424953  42.57482942
  20.65191497  29.05355682  26.19610342  16.15374882  78.63781407
  48.88645717  16.51790624  42.30578086  43.60315671  43.70074577
  23.79288421  25.99910522  19.34418907  18.95341092  39.54512773
  46.56371451  22.00252362  43.24703056  68.55975362  28.13755969
  20.33614286  11.1905294   22.55479383  66.60513457  21.05776199
  36.18020338  30.10027902  29.24239418  55.02011183  40.04113804
  83.06018578  24.14460893  18.99611292  11.23325519  27.25896115
  41.66781223  16.00342155  31.55452926  54.55979907  70.4449406
  35.64171959  96.4567636   53.47751501  73.81752421  21.64448247
  38.00782252  18.56373872  42.49440188  61.87633618  40.99248858
  12.39728782  18.85128536  20.44608543  29.32157562  16.29346284
  31.92966051  20.71107368  47.17131582  41.86271333  61.14225818
  84.57218018  39.79435408  81.56027464  54.8394492   38.15171784
  23.53255104  26.77181409  31.94302968  24.71218884  44.67204039
  21.91756987  30.75170814  70.95961528  14.89643151  47.02719476
  24.47193956  18.21054574  51.83275436  31.91210667  27.2574362
  48.04529355  26.88412947  19.63017059  35.25713304  18.39600107
  51.88152669  42.20744695  83.42804183  40.73584935  21.47211528
  26.40813435  36.28759758  25.93034692  36.68226849  37.52442151
  48.21513681  52.0562074   26.36086606  77.77412434  25.11809691
  51.68961111  91.87207689  46.59679948  13.03119393  34.9499275
  19.42311037  12.15459036  28.94079776  31.34464025  27.44943309
  48.76073077  15.40119688  59.34504684  22.56681637  61.6950365
  16.34592165  47.59699566  50.65316401  27.02152649  13.89474242
  11.76295606  15.5559944   46.41693129  44.391252    69.38354723
 127.36273708  24.96452577  14.9077047   52.92321082  36.04528942
  53.84107755  31.40866374  76.71755772  62.20099277  26.32761959
  39.04133824  52.82426573  61.7084922   23.60671168  36.40429114
  17.3937422   21.16327189  13.60838507  28.17986789  29.62804792
  22.68785188  24.84195953  24.80862057  30.95970894  34.76159769
  17.80132405  40.44640303  19.00840295  28.16729013  15.29001767
  76.45296319  19.88617436  48.81693541  39.44493308  32.39184988
  40.29421164  24.58828902  22.89002936  62.98219061  76.4952262
  40.95224718  21.62135601  22.08715199  30.44826482  74.52484322
  33.25212668  14.61206005  16.95667599  22.06892405  29.27143665
  35.83775629  89.17280305  93.64718714  68.86277791  12.62852441
  37.86782012  31.6044084   58.72361359  46.23688825  17.42504183
  32.60167776  13.9202762   14.93405698  21.77677046  24.32824343
  94.69226119  27.77633633  60.11948539  57.98086153  64.85329803
  96.07399631  11.99003762  16.61684437  27.92174496  31.37304406
  58.05603706  16.37831276  17.04298612  70.40507558  17.22921692
  29.99389715  94.21975577  60.68437671 100.69064019  17.01050039
  85.48237025  22.642295    20.30739549  30.51148679  85.07330175
  32.65330097  23.66657664  40.92066069  18.83015694  70.81827105
  50.33330204  21.95737186  22.31241255  31.7779033   18.80308906
  18.60192286  25.70904371  43.55109864  21.34469373  41.73035483
  19.45774779  66.98515673  24.04435414  25.83874909  36.42730463
  49.13375913  27.03474369  56.22832079  36.6647398   22.94864982
  21.04850616  50.20402179  17.56435288  70.73717553  36.98048241
  38.81754814  20.39631961  29.08228418  58.04170778  51.73607451
  57.84910279  56.60616566  83.31152761  19.21514024  11.73637879
  48.07614243  21.63701001  67.34352833  41.25628343  25.44554883
  34.9037765   36.28792128  21.33135478  61.03826596  35.18039243
  26.67344132  53.14614525  35.19763181  32.25623867  69.97094433
  23.54022464  19.13340205  18.08298355  49.46726236  25.85700323
  19.31337367  17.61365174  83.70544069  21.50482286  23.80623233
  36.81316858  26.84914261  24.78756014  49.38446749  68.4590255
  10.33169241  22.38096259  33.1990766   36.33843564  16.39271504
  34.9306569   24.85798589  34.97981185  68.86256186  66.31315739
  21.54126706  31.86574567  59.96009324  44.66287016  59.42330009
  15.59680436  35.53931069  43.83915487  41.40096961  23.3113608
  59.23476062  18.4124455   33.85936538  38.88874662  24.97559088
  19.38089991  22.09269198  51.2744717   29.83275679  25.86150625
  10.61021363  83.05948944  90.66344113  59.29886741  12.12302703
  33.79780476  74.42244904  12.44277404  25.31786782  41.81276254
  16.15143423  70.2322504   21.13348302  31.18968804  54.56265271
  30.0114564   20.29622957  75.82750248  16.57377296  25.43054147
  21.72672144  20.70283089  49.23881165  66.55444237 105.43272358
  48.65995566  59.40332564  42.6175417   22.54176598  71.49896803
  41.86855055  28.81009379  37.92197171  68.28229891  57.7791351
  20.55836914  37.61636871  20.7259795   36.69645409  17.84753266
  17.33675026  26.5562169   34.12250194  32.03609473  13.83933466
  37.79136295  16.29516176  35.24235803  20.78140692  24.10091286
  27.15364799  19.25922732  15.71584011  39.66108644  95.10947013
  24.28881601  17.1266718   55.13850331 103.79412343  21.56197058
  16.89697939  26.35481637  28.197312    28.94198986  24.89400645
  51.66547417  21.61278092  31.59217155  16.40446584  76.58905778
  22.60501971  43.9715088   35.46011284  56.37718309  27.38937929
  24.41594761  14.99841438  55.70047707  53.81324402  44.06929173
  26.01242589  24.0438172   16.98082426  26.22043774  17.25319625
  37.9232229   19.75143204  24.05533662  12.43186624  15.95764989
  20.34438721 108.587228    67.78278532  31.76736783  12.1097924
  94.09818696  13.44946842  21.82591406  40.6338383   48.00412974
  13.78797783  59.90009064  83.75113598  13.41595251  13.64071413
  73.22596952  21.95384212  21.3330122   29.7219529   82.99772961
  17.7383373   19.93045954  44.92741219  71.45831169  38.80306724
  30.9709372   17.26170616 122.58214971  27.55882913  33.98865865
  11.26513319  30.58023649  55.49744756  32.78005025  55.24979054
  33.01246173  21.41310203  40.58130629  19.07025705  53.91284282
  35.14392247  41.90582671  19.39437567  25.70086666  22.514878
  61.15645664  35.62461829  27.81145911  28.38751711  31.74213841
  37.17439804  17.36575169  23.62082157  78.80345656  23.57835428
  33.49786726  21.30682441  14.77448212  28.04049751 110.31476122
  40.27567349  23.79371934  59.6318057   59.00192382  54.63243608
  33.84022214  33.17123744  45.37659291  20.27645453  30.0369707
  22.06627836  13.95208901  30.97533678  51.3991301   30.6399712
  17.50920337  17.66275031  82.09920264  38.33099381  14.07629122
  17.35727391  19.42769384  19.80003316  33.03718673  39.87046496
  13.44903487  33.21831988  10.99617013  58.14199086  23.58342551
  32.1762014   55.51315992  17.35358623  25.03523701  30.28495015
  25.19363353  51.9816858   22.74346883  54.17900143  36.3724045
  21.13592695 102.33913463  71.67362321  27.32887721  68.134582
  83.86813543  20.80511707  27.98162933  56.49383427  58.07478806
  34.01904585  30.51641717  47.32532021  92.800368    17.94143517
  27.9411162   41.50184769  16.91552024  20.84110204  81.22579429
  52.18188636  41.87685609  22.61271898  54.96910872  21.01915372
  59.80395199  12.79387369  49.37991887  56.8109405   20.35729342
  43.89043524  28.35136872  21.85414737  19.96713392  27.80557637
  15.47114535  40.39989928  21.4946826   30.4207685   53.32149969
  15.85845554  11.40099767  15.86544872  43.96689644  44.14940625
  12.63856411  31.39283743  66.41062709  18.79628124  19.4456305
  43.68066265  86.50674952  29.09765167  31.29564755  64.97965945
  26.46966401  39.77217604  88.32880272  20.93550885  37.37371985
  23.44454233  57.18444703 107.96080885  85.11593652  54.98191937
  37.67671507  41.38710343  41.61238826  19.98990329  32.27585917
  27.02729731  53.00208366  40.25775317  17.76794813  22.29507995
  73.45013873  65.46843247  17.79580814  39.93867224  19.17241977
  70.68925262  39.88747346  41.00442277  74.36624601  30.40006967
  29.174762    58.27352457  21.59689958  14.34718282  56.22495507
  23.00172578  20.94395916  61.33071512  16.87738148  16.93129681
  20.8945962   24.17429779  23.87771468  28.86337711  70.22146065
  47.18137035  71.74044803  26.03104242  86.58326214  12.74467442
  29.76665261  23.73101302  41.21387824  18.4571271   19.98047918
  26.00229025  99.78905619  38.8767484   33.37965789  90.50203104
  28.85892401  35.93865214  22.2170985   46.59144131]
Test abnormal scores: [ 71.80555224  12.57324675  39.22623059 ... 106.14412463  62.14768587
  37.74154547]
