Logging output to: /home/guest/Thesis/MotionCLIP_experiment/results/finetune/lessNeg/anomaly_results_random6.txt
Loaded embeddings:
Z_train_normal: (3016, 512)
Z_test_normal: (755, 512)
Z_test_abnormal: (52944, 512)
Normal classes in training: [ 3 20 22 25]
class 3: n=746
class 20: n=756
class 22: n=764
class 25: n=750

AUROC : 0.7916
PR-AUC: 0.9958
Threshold (95.0th percentile of train-normal scores): 25.6010

Confusion Matrix:
[[  224   531]
 [ 2589 50355]]

Classification Report:
              precision    recall  f1-score   support

      normal       0.08      0.30      0.13       755
    abnormal       0.99      0.95      0.97     52944

    accuracy                           0.94     53699
   macro avg       0.53      0.62      0.55     53699
weighted avg       0.98      0.94      0.96     53699

Train normal scores:  [20.03618732 18.78337241 19.35235462 ... 18.75936428 19.24487838
 22.76032452]
Test normal scores:   [27.02208821 32.22794293 31.45631402 72.46184044 10.04889472 43.03238288
 22.42170117 36.29458606 35.50360384 18.09498438 16.30303726 44.44215494
 25.52946277 46.86374276 32.0176135  33.41250743 32.72831789 47.04880689
 64.94582228 25.10087029 22.11278836 29.92662434 47.62634214 35.3883412
 38.25505959 28.47433521 29.8755054  48.69618715 50.08102946 23.6666553
 33.31104937 50.03153441 15.51777204 17.45006982 37.1223681  45.06692037
 30.84633186 50.67424559 36.40073135 29.03691323 34.56691293 66.50607998
 41.27934954 44.8349721  22.16991061 51.17664512 20.56191246 54.3973749
 25.98923191 45.7594036  28.42700327 49.70414132 55.6062833  47.39061027
 32.48781374 43.73285227 21.69798785 37.08724247 39.95487889 42.67717923
 51.38888831 39.67738278 23.83399505 24.7624962  43.26332869 44.33608618
 40.2279822  36.37859454 30.04058828 55.82471442 25.38401404 41.33635348
 24.42077484 28.0163196  16.73772502 28.98234235 31.6549886  24.78348974
 49.02287863 20.19032432 25.95671165 26.88769777 24.8947614  51.55420985
 44.44223809 45.79748541 25.64330983 26.22228195 41.49427468 22.92398429
 24.5939243  84.73057713 68.56263138 23.63953138 34.49001264 57.0413379
 22.74563277 38.22314272 18.59141934 37.88120884 39.43754641 33.68671584
 15.30955047 43.90403885 68.03143561 27.68846501 37.98803568 26.75257596
 48.7704688  52.35683086 51.34866452 80.64558    52.12810536 64.63427198
 29.30535062 26.69760705 27.074511   60.6298952  22.35588485 33.46228356
 40.75804336 29.76605769 21.6658732  50.72651677 46.87863074 23.15859939
 40.64491443 24.43412775 21.55706745 24.52913249 40.74383915 56.85427813
 38.6283985  38.03484712 25.52241065 62.61868803 22.39050923 36.23817046
 44.14653884 14.69832403 15.64317633 38.73138947 21.98417291 31.16574711
 55.90531969 34.0379425  41.35714005 33.34633998 27.49960273 24.76472856
 34.70042148 35.99094038 15.73705117 30.53562987 29.38710789 35.30055863
 35.96392766 26.91443025 20.08736562 35.03190777 23.25253865 34.45184153
 47.62274436 33.48285508 32.36137263 19.59056806 23.66857963 73.06419818
 28.31347652 36.32068493 28.63969836 18.67505033 39.74927519 31.59192573
 30.35484369 23.32822869 15.45458852 27.23539963 31.75222353 33.72111904
 26.87873077 28.20983801 68.22433164 30.46151292 22.16354618 30.45923142
 17.64900427 52.71505552 19.7400363  47.67596931 29.52264731 45.02974403
 23.60714945 35.21413601 20.12933649 22.29641538 48.82695148 28.18810492
 25.64094799 37.00470018 53.07914818 31.82232626 23.08898249 27.55134424
 30.02317225 54.30494109 25.41599633 25.05439324 29.95855164 38.38250065
 21.5086317  22.48703228 24.38301155 45.23398832 31.9977033  31.55703126
 21.72851724 27.75135257 50.65666123 19.85701416 25.99103798 45.94727365
 55.74621641 21.15233388 34.2288408  41.98974479 31.74830492 24.38969791
 49.42617305 22.06928625 47.94270434 24.08551266 36.40347526 14.08617366
 25.57074802 29.63742014 23.38954552 15.77076565 22.18532219 30.47519681
 24.95492099 47.56531779 50.04243973 43.66160858 21.12638788 34.7813335
 26.81847315 48.56029784 23.88596801 23.29260219 60.02621315 24.04065771
 19.37421412 38.56356573 23.4468285  13.19002131 20.28477774 32.83975416
 38.95714002 24.08822559 37.57577649 36.9560701  19.69554991 56.0006662
 38.77056596 10.18719092 37.01749525 40.97111245 19.6313438  47.06304133
 45.84737265 67.01707357 22.7623576  31.72891809 56.08201224 50.10477394
 33.1144607  33.2876992  27.80158557 27.52816697 48.73090225 56.75154424
 15.40287044 26.68346345 35.64065966 26.93362987 21.67877989 22.57919245
 26.05009998 21.58558168 57.02071604 42.08853029 50.11152623 37.25354059
 45.99842573 32.79159211 27.640618   15.35410728 29.20716629 33.40011111
 31.02907247 26.2690098  22.16940497 54.39094676 71.11478263 41.93099885
 43.93014516 38.89766872 25.49785973 23.70379413 41.47804378 43.06726087
 43.37877276 46.08183692 24.91958193 45.7445307  27.62735934 22.80326231
 33.7895045  58.67906189 24.13666551 20.76408457 32.09517105 26.83340016
 28.5382915  59.4924589  31.1253242  39.82100442 31.08136162 32.92751186
 26.03201559 56.3393339  32.64728472 21.103891   22.99544545 52.58143028
 24.21304029 20.46626849 37.17734021 51.63197221 65.6378632  30.80728352
 42.59896004 40.91594265 30.9635525  28.74085286 21.84102597 29.02147243
 24.56964195 30.33813158 27.09267966 41.85684527 44.31223625 55.03079447
 32.05765895 17.12655122 45.95692592 36.72330847 17.26936356 14.52171617
 19.2832733  12.20904751 17.64820075 22.32278616 19.51847454 28.87679121
 53.87762816 43.40181885 57.45037651 27.76513308 35.75241205 18.02432922
 40.03564738 29.33082543 43.43669066 26.43617364 38.62373361 33.95856751
 27.80551103 26.04532027 51.94804108 39.10098805 38.34496773 51.1101349
 56.60696534 19.78936329 34.19856954 17.11237647 26.72100049 42.95196208
 27.65388005 30.54370727 49.80421315 33.65111851 46.28300852 42.34997946
 25.17492276 36.35316655 14.5996901  24.83680729 26.0522267  23.59144304
 23.12969695 37.31525449 22.96912888 51.30473022 64.17649303 29.06173452
 39.07716853 33.10795168 36.09104226 16.92325397 18.63612949 43.6837294
 19.58167239 48.63375102 48.30744231 30.10221108 40.90468065 17.56790873
 37.49173165 62.13026168 36.18812132 54.95301214 17.65750857 48.93816233
 17.75704411 25.88710481 23.72518807 22.02308647 47.71996769 24.030892
 33.33992372 28.54179031 35.79509865 26.36543502 30.94259557 50.0911672
 21.88061208 33.58284915 32.64846102 70.76666584 61.60431479 53.88726336
 18.24220031 19.40502299 29.17105622 28.35260965 18.61643617 59.8666394
 32.88623644 30.92835987 29.11847407 33.05086358 43.82141856 64.00751034
 27.76904846 29.07218471 20.45314571 24.4847592  34.78980984 37.80642036
 37.57756454 59.55932576 17.62373275 36.59189092 24.38403429 28.02295014
 18.75190473 31.87437396 26.86569724 22.89759287 88.10842648 63.04553651
 30.5892425  32.55829966 32.72031406 53.13361568 15.13971263 33.14440166
 45.71304901 61.98631992 23.49950699 34.58347226 25.30310991 20.18088013
 20.38640747 30.24010879 47.73825684 17.9423693  44.79482527 17.68474572
 59.7553414  32.17201756 29.77492847 31.09635465 28.56051552 29.06489696
 99.46872416 21.11082519 21.98897613 13.05322879 22.59426768 32.01927656
 63.80903287 24.56861884 29.38232298 27.54806697 27.90511899 24.98546881
 18.84577226 17.96084654 40.15259364 43.22540808 33.33714203 27.7138734
 32.45619431 35.7881219  25.24971804 38.22040682 22.27305835 20.49949405
 29.8344798  19.67650218 29.2451415  86.05689918 44.81082015 26.9386915
 39.0076549  42.27289294 11.45414636 97.97645672 38.10577535 27.99581365
 61.0631755  37.58245592 55.5463552  24.91854873 25.94805584 23.64088183
 23.24357907 54.03521118 31.76539231 57.04491735 29.41095349 28.81844537
 37.29558527 21.81249514 34.44866788 34.83825368 41.57099583 19.83991472
 58.94442018 51.49366767 20.00560229 23.11313374 27.63279873 67.63848699
 54.34359878 15.4336979  28.07200415 42.79397719 55.04661748 35.31286357
 42.12058822 35.39862057 19.59358362 27.28444387 74.07961942 39.74748274
 28.48055961 30.01060852 46.96274178 31.31574341 32.69365294 22.47061929
 52.78765334 25.3170429  24.824789   25.81578666 35.67216805 36.01095736
 61.64586085 23.55815602 39.58288105 20.79644537 43.94501672 20.92878774
 43.87119151 23.24756338 16.49412086 47.9817744  37.37813461 57.75800721
 52.32968148 33.74693146 40.92423601 33.67846249 28.23131945 32.12586885
 23.56721642 49.83343237 50.55261078 42.31273848 16.67551343 60.76007514
 32.85590121 21.39473377 17.90984293 19.66592882 51.60057716 34.99373659
 27.74412381 42.00136719 18.71366948 17.23395464 26.95086837 71.18581741
 51.6393542  44.85145458 22.81523321 23.77877099 54.91280551 33.90829814
 50.74241214 56.38482745 25.31117519 29.74466394 51.46396516 58.3022121
 30.28918267 16.95714067 21.06713318 44.01825922 46.551709   48.33467074
 25.05610897 22.20515216 43.96760995 16.40142458 33.08449985 31.06497685
 34.41204601 24.31625189 20.99021839 88.35165725 39.50760734 27.10000146
 23.83235114 48.54973563 78.25370405 42.7245446  30.59802529 21.47672153
 22.8906572  34.55488309 46.68240328 33.59724213 34.94567773 30.34984686
 24.63243726 52.26366115 34.94969432 36.34754489 48.82300008 40.00723294
 31.94599945 26.837976   29.7863645  28.34428382 35.65276212 35.86612367
 82.60979181 49.5248893  26.3937763  15.32730055 56.06752576 37.27717597
 83.59363518 25.37539978 77.3218887  26.8335336  33.22846296 55.75041929
 33.53962766 25.80652208 18.77309562 24.8184446  43.09341997 13.90711027
 22.83641714 24.91077476 62.50243453 29.42905972 21.52774494 23.69625113
 19.73807808 34.40985474 42.46596855 39.22554667 31.84451122 46.29206461
 25.43884984 19.22881917 22.14214979 24.51540384 24.43997762 19.49753119
 40.25609544 15.84623306 17.26333574 17.41871075 28.65368718 23.90098384
 43.41399473 52.18795294 51.88123904 16.03743497 40.06337165 46.04884532
 20.14706285 23.50415272 30.50124648 46.0330791  34.24070682 52.56663006
 61.0682841  19.68798431 32.7494614  66.45756692 56.92834445 51.85120911
 19.51614546 74.23410959 40.93434208 55.31934805 21.81483377 62.10610193
 56.16308985 48.71384006 41.10547254 36.19007614 42.06279946 66.3216761
 38.0508621  30.84955674 50.15215741 20.45730243 15.33177632 27.73582595
 26.21074472 42.28124846 37.77710467 53.83921605 30.6612925 ]
Test abnormal scores: [42.83837826 22.78543037 53.65704249 ... 74.14263191 49.45422345
 37.73046209]
