Logging output to: /home/guest/Thesis/MotionCLIP_experiment/results/finetune/lessNeg/anomaly_results_random9.txt
Loaded embeddings:
Z_train_normal: (3026, 512)
Z_test_normal: (757, 512)
Z_test_abnormal: (52932, 512)
Normal classes in training: [19 35 44 51]
class 19: n=743
class 35: n=763
class 44: n=765
class 51: n=755

AUROC : 0.7327
PR-AUC: 0.9943
Threshold (95.0th percentile of train-normal scores): 25.5289

Confusion Matrix:
[[  218   539]
 [ 4016 48916]]

Classification Report:
              precision    recall  f1-score   support

      normal       0.05      0.29      0.09       757
    abnormal       0.99      0.92      0.96     52932

    accuracy                           0.92     53689
   macro avg       0.52      0.61      0.52     53689
weighted avg       0.98      0.92      0.94     53689

Train normal scores:  [18.7781975  23.49983911 15.25760397 ... 15.24601653 19.42224494
 22.59805686]
Test normal scores:   [ 52.25957959  61.47492952  67.44159439  65.8724467   28.29135343
  17.04949305  38.0448438   17.43517156  29.14528127  29.67523138
  57.95037859  24.18953712  48.53282569  29.58966847  32.16570295
  27.99687401  47.21618815  46.64370681  32.83004605  22.26293069
  37.9500765   21.06786981  44.75501017  20.87038228  22.70443474
  32.55079914  21.08140073  60.84689371  36.72923839  27.72116367
  16.11352136  35.43761087  32.19361501  22.97408682  23.13752753
  34.53969668  25.24016566  58.38941095  47.23052343  48.82275673
  44.78465872  34.55027068  22.33506576  26.49529616  55.97153724
  28.23945683  22.08918601  51.88003465  14.63034477  29.05943665
  27.03104111  16.47982261  46.84547048  27.60135192  51.03084849
  50.49396891  32.68405651  30.54249665  47.74724463  54.22268091
  20.91232886  25.56800421  32.57702977  29.16992319  34.11838438
  32.93066102  22.748703    43.21803281  63.84348861  15.43298534
  27.4852553   52.73381913  28.64501627  41.74195422  23.70172721
  26.67102638  68.66163176  20.49480328  17.90736705  46.76612106
  24.29554189  41.63797182  15.70705043  24.6782617   23.41310881
  29.02208478  44.01715899  42.71059354  45.53060788  19.323841
  74.28045853  19.26178782  32.44387196  24.73550889  26.84259274
  42.2438718   28.57878164  22.13157714  20.37250434  20.04505607
  25.91233303  23.16551577  39.76799317  18.44286684  37.73264056
  22.05897986  32.10051831  25.87461072  25.74374418  18.92972713
  33.89137222  36.31731749  16.37848787  26.73475493  38.72459094
  16.64814721  46.94468654  25.049877    46.22528344  69.83543535
  55.36966796  22.33323357  31.3543706   34.17459953  23.5319392
  51.09224666  71.89623584  32.59837421  25.51616155  72.77396565
  21.16751931  21.01321632  31.66157863  41.46322985  36.42651203
  35.1776939   30.28315767  29.46499486  39.6581023   27.60946583
  54.42897447  22.10531283  29.72562876  20.98948     31.71434465
  61.99427153  37.29090245  29.31881489  27.44702639  34.04261995
  51.41769363  62.78269893  79.16176164  34.64892148  53.45031508
  68.80705793  29.51626257  35.76438481  49.77441057  20.81815228
  30.47654476  22.93674737  22.0874027   34.87037955  36.70981685
  55.16911287  40.26365486  50.52926862  19.46946639  29.04208346
  31.45381687  35.23389102  39.93915674  37.24977146  30.50320517
  57.22973782  39.91739928  14.68705608  41.74413686  61.98467131
  25.85545128  48.94064419  26.55067146  16.33288936  46.06334554
  44.75559797  36.37803169  42.11854385  19.09850785  63.40661952
  19.14993141  36.6190183   25.99068585  34.42017098  34.9638065
  22.68908972  37.80889042  21.82097205  14.21705425  38.28091457
  64.06218706  32.26854928  30.89029119  43.98622002  28.37086368
  34.36243706  15.4533794   41.04161306  41.12116996  37.34920596
  28.2769069   72.88047061  32.87362321  17.0492584   44.25403217
  24.05005025  42.13394902  31.97916411  24.62389188  41.0289459
  27.75992735  51.25466042  56.01091347  26.18897259  39.22235507
  31.08127585  53.91427521  49.32485357  27.36988634  38.81186477
  43.64210516  19.28813848  46.98596473  39.89616783  22.96161396
  23.98249249  61.34990631  25.87911849  15.51826645  30.87344251
  32.92138226  30.50575662  19.36646292  20.75451509  24.94805988
  52.66776834  29.96428674  36.25057649  18.64151481  33.63138536
  33.42088652  24.50706746  59.62047398  18.389993    65.57136704
  30.00414637  32.86579553  24.83035679  32.92760082  48.55008962
  17.15798614  22.76212013  58.33928387  25.71275591  23.77028975
  24.67416581  31.39928587  23.37487186  22.10551102  41.52998038
  40.56879953  25.28020054  45.57855634  36.59706546  64.14385457
  65.31077261  19.52932616  43.80314926  48.83257805  22.86811973
  56.00879331  48.74009597  35.00989714  22.50969354  34.66818388
  23.91053465  37.1082268   21.2920244   50.12574711  20.80951349
  34.29025386  53.33225586  32.861853    27.22877344  75.84316339
  32.58273213  17.48611929  43.98887494  14.3950145   21.12534194
  28.90317647  27.20975954  37.64127192  23.30172375  23.95038938
  41.47644335  35.46028726  24.62426717  57.51188107  36.57870784
  42.95852922  16.23277273  30.34491814  34.15697305  30.92112782
  43.30287081  26.94669807  53.4466693   40.11695295  37.90005423
  36.64130528  58.10480244  25.02830819  43.31333088  19.40017189
  48.71007143  34.76633872  51.12319177  48.12540527  35.23117755
  49.62685128  52.03946456  24.42443962  17.24335185  21.23601901
  27.96657047  18.37318455  24.65054748  24.39025071  31.75676736
  29.40589662  32.27999205  37.41815791  20.26722682  24.08483217
  63.90326694  48.07377743  30.48291929  20.00505703  14.00350287
  32.27729297  34.71065318  70.17097474  26.44796122  13.51206397
  49.74922977  39.72921585  29.5768565   29.88872279  40.88615623
  19.67694146  25.54753365  45.67124978  34.6700589   40.81315986
  11.49906381  49.93464283  37.20747766  34.73938164  24.18697523
  27.74840138  26.92780271  28.48273577  30.2813486   18.82505572
  31.27873037  26.26522102  29.16165346  19.02064775  35.41919941
  23.43649113  19.28205058  26.49536694  41.99431126  27.12039471
  47.8289932   30.64688696  30.17272134  36.01096601  31.93887862
  41.92074503  36.32283175  25.97134366  39.91271542  19.29732933
  40.62929953  25.11673504  23.82032235  39.30572524  23.12835495
  29.43742629  25.96966185  43.36302086  51.16917263  38.30588886
  51.76889937  25.37891632  24.82629978  20.53485383  43.95428409
  27.50003332  27.3446641   56.45836904  25.81403065  38.29582062
  48.44284126  24.2718169   18.29789532  43.13214426  19.82351688
  63.21245432  20.27687213  49.38417394  25.69915051  22.61258064
  31.44614899  46.92787353  23.27649228  17.43876106  14.41018697
  27.27852432  19.60723604  15.81560126  32.82687858  65.15402828
  49.12075643  52.61803758  32.39666938  23.52020448  40.29520186
  52.31624744  25.48878505  44.85435714  27.85907157  14.0952978
  20.58597383  20.24847928  19.27734999  39.94325075  48.28671399
  34.61390578  29.49064736  37.65603988  14.47563838  39.73593985
  17.31495676  26.11848624  23.35267641  51.12129391  19.58692415
  27.57907372  36.48013991  35.18525315  20.79683573  22.34288857
  19.87765871  44.48794655  25.80912647  40.9779132   21.86697048
  39.10132655  25.19347405  44.25061978  50.54622574  19.54988608
  31.48369827  45.39252006  55.5869267   38.75658714  22.6605637
  50.11556364  32.59722772  25.95115346  59.73193943  29.34253674
  39.18336611  28.46140713  25.949804    43.73340385  21.98572347
  18.88906632  39.60377066  53.01270969  16.34668951  24.3526544
  37.86322413  42.03594778  27.56855968  26.28961058  24.30355836
  19.06670485  20.47604184  38.45471392  27.46560031  33.98080315
  37.08435281  51.55302042  26.59795969  56.52279124  45.29867445
  21.67838862  29.22294713  17.24284957  19.79572776  39.49635065
  49.51667985  33.76884186  63.93533465  21.89875799  24.88948695
  23.43540677  36.47449898  32.06065087  26.63319089  55.66717013
  32.96951785  40.27044351  47.66927339  67.79526347  55.86830245
  19.3291733   39.17822387  74.70839417  41.15965689  44.8301099
  37.983997    27.97164542  26.53011161  16.44826809  39.42480622
  20.95848866  37.42784095  31.11919368  25.02546708  18.99954537
  43.73809696  66.04178175  25.76951031  35.55598786  34.79946597
  29.87126272  18.13068964  22.28986073  27.69073094  53.6828603
  24.7434972   17.64336776  44.40995209  20.47742772  26.07022492
  21.24730729  36.90837005  41.73320017  36.85999279  34.15580295
  64.25113458  60.13029902  59.63474289  31.34120965  28.53585805
  38.09988517  40.8563611   27.95136784  28.67725292  31.24029991
  79.17215624  52.54857654  32.90091958  60.40046742  30.44518295
  71.81923235  50.37340515  14.19903358  43.20108905  21.36993931
  46.16235049  30.48256153  30.45399164  58.50888595  29.65019711
  22.6266239   17.88750793  25.60334525  22.40615988  29.2519307
  19.13559876  48.41770102 119.74991815  18.06615736  44.41932632
  52.73150485  16.08959712  67.99219281  52.09426208  54.90740744
  28.56405623  41.37303489  26.56873478  48.24551471  16.52355353
  35.27519422  36.25849894  35.43813139  83.33333065  64.15305782
  49.03799321  29.74838581  24.81873822  21.1770092   78.63300088
  18.01831913  45.35455522  49.57057096  49.30850819  36.48563138
  25.960474    30.31537966  36.55996694  52.52940044  15.12875189
  25.67314564  23.14080053  19.78758789  54.47157145  41.42821124
  32.44493857  20.49769797  38.9628557   39.70657251  22.06264548
  48.16811584  60.75333848  53.88548317  45.38945221  27.47900221
  22.68877282  30.0844089   31.92432975  49.77402835  97.99248224
  29.57699798  38.39768536  42.74236611  24.06486854  36.34100274
  28.38037793  48.55154459  41.42074955  40.4046155   18.64465651
  39.35705767  30.77507478  52.16760201  17.7701202   18.29504457
  72.02343489  32.02093257  40.62934538  44.5085448   26.26492187
  28.26585984  23.01040891  49.90924725  14.38768368  28.35992338
  33.31015809  75.53349372  49.90788007  27.48241254  28.60421739
  29.85402928  33.05840091  56.02647623  17.5544885   47.27491921
  26.14501595  33.63873069  44.45417223  57.69088251  24.90547188
  57.63049321  25.01671208  17.18803189  42.60859051  48.52284763
  57.50268016  41.73396224  21.03330929  18.17673237  29.83086303
  35.95185055  24.18971114  62.98570548  31.32079772  19.95264708
  32.31759454  33.41148412  40.63039725  31.50181748  42.21157745
  35.27420798  24.77615999  23.58668509  36.28661599  31.2359799
  46.38187682  26.99364458  27.66657418  24.02810866  36.28518955
  51.95141551  45.9495404   21.30188207  22.79265502  22.70417203
  19.97906426  43.55255544  18.59789338  20.28621335  38.48223478
  45.795124    25.50358537  53.09793812  47.36593872  53.61442827
  53.7024493   19.95283529  16.93546265  43.41071967  17.35448128
  38.91159357  42.98647743  26.45090029  18.30412112  30.13416944
  24.39193266  50.15050435  36.14790422  26.94932751  68.77551589
  26.02514467  22.22191508  32.3634511   34.46620483  28.55743326
  51.08709737  35.41491858]
Test abnormal scores: [49.568357   29.03545028 30.00143721 ... 78.87923286 42.02778845
 29.47008147]
