Logging output to: /home/guest/Thesis/MotionCLIP_experiment/results/finetune/fullContras/anomaly_results_random6.txt
Loaded embeddings:
Z_train_normal: (3016, 512)
Z_test_normal: (755, 512)
Z_test_abnormal: (52944, 512)
Normal classes in training: [ 3 20 22 25]
class 3: n=746
class 20: n=756
class 22: n=764
class 25: n=750

AUROC : 0.7681
PR-AUC: 0.9947
Threshold (95.0th percentile of train-normal scores): 26.5525

Confusion Matrix:
[[  161   594]
 [ 1321 51623]]

Classification Report:
              precision    recall  f1-score   support

      normal       0.11      0.21      0.14       755
    abnormal       0.99      0.98      0.98     52944

    accuracy                           0.96     53699
   macro avg       0.55      0.59      0.56     53699
weighted avg       0.98      0.96      0.97     53699

Train normal scores:  [21.81969498 17.9143056  19.40155862 ... 22.20707259 19.82911344
 23.77490401]
Test normal scores:   [ 42.43300344  35.23878565  39.69185646 120.71107827  12.47652557
  54.84960267  27.00630939  45.07797972  79.66538389  19.94998012
  17.54991104  42.80775837  42.5229994   88.66557524  33.02711028
  31.29060847  50.54324261  56.9332375   97.13509149  34.12990158
  28.82246631  38.87990532  46.29155737  39.27411237  39.46981776
  25.48655869  41.14421249  68.53555873  65.55875793  27.40336449
  42.45614017  81.70683606  15.74736995  18.57718619  51.00214174
  61.11085299  34.26944303  86.89753775  40.10286437  34.57736039
  47.72805712  73.72090417  66.61774331  70.30657216  31.53864942
  66.83871296  22.75636189  77.87033035  33.27898734  60.11322345
  30.31185994  52.9015987   89.36080946  40.71273958  46.44903978
  76.75660081  28.51158818  34.06584453  71.2869696   75.79783059
  55.90972779  80.60159066  20.90734471  29.17526243  45.12800809
  49.62865308  51.25177435  50.41927818  27.77222204  89.5448394
  30.22536392  61.04481339  23.99408907  28.46235185  18.10492592
  46.9321058   48.97556296  33.00149609  52.28523396  19.57653713
  26.51173666  32.59180262  27.44876976  87.95528954  51.05710619
  37.05632808  30.08739473  30.06755571  45.55290164  21.90805378
  32.4544718   93.83437755  90.9087994   21.43941195  39.36414991
  85.59601786  26.45069511  48.22869445  26.53527714  54.06633609
  46.85113273  64.3752514   16.21118638  45.35750574 109.37268025
  27.81819063  54.84446435  36.12784447  66.07299968  83.7868608
  76.12398261  51.84320455  77.65744288  89.88326392  33.06342677
  39.42628932  26.27546482  70.14651975  30.84463337  39.32104906
  48.68998075  31.50906755  24.84815592  50.12503663  66.46285058
  33.09166673  44.11205227  30.37350801  26.33613784  31.31887122
  67.80106674  61.15808458  52.31923166  34.90042197  28.4284913
  74.80088826  28.58629812  53.51987875  73.41956148  20.82017521
  18.80155937  44.51167764  26.60317748  22.91853528 100.40754382
  44.71077096  48.48816858  53.0432294   36.53616159  25.84964428
  63.86707067  52.90753039  20.81183567  34.89193612  37.53024885
  52.13670411  54.74182841  29.24659211  20.09229906  33.27474008
  28.88169979  61.67239878  61.8525851   37.61439042  40.25572228
  18.9284053   28.88226619  76.20002084  29.77963328  55.01484471
  36.34626688  14.84795974  50.90420169  32.70096374  28.0741116
  29.92496419  20.09096421  38.6363344   38.43775108  49.90367511
  18.56487423  22.81378767 103.23760375  33.78640001  28.19650139
  57.6122426   23.21339556  56.19932818  18.61550573  59.35581656
  32.56913201 112.91932508  27.75476045  44.20037583  21.94069282
  19.5739878   36.77677628  41.21701065  29.65335703  79.37970026
  77.85744216  36.85157225  20.87641253  29.38968558  30.56820515
  92.88122479  34.40397901  25.29481604  39.68278266  54.34962084
  28.35976278  24.11450597  32.49330211  43.59048488  38.38220726
  44.02790245  31.47573798  31.16008648  69.46898983  22.55968032
  32.89930923  45.5145765   70.34790688  33.0416089   33.69090914
  53.87104027  33.87366099  34.26560601  57.76885857  26.01596338
  88.0248569   22.75265608  37.67917431  18.33420071  33.07781803
  35.21419738  22.47857363  19.20897136  23.86360052  34.59571827
  35.16634548  76.03867921  58.57675421  55.29782254  27.79767608
  41.39511024  42.17556767  61.21194182  30.70485517  20.83453203
  73.05309929  29.54945182  23.85844093  48.51591921  26.62265461
  15.30643243  24.47958915  39.61321891  39.01827658  18.78859987
  57.6299616   47.54531896  32.60325855  54.56274481  41.54133024
  12.78120214  41.95757443  53.94888939  32.88640766  72.10237235
  54.93633326  87.27070858  30.80005836  43.19898958  82.98304828
  87.35946498  49.8054673   35.02495905  34.7726135   32.69885407
  52.40705295  59.11880834  16.81021532  26.09380634  55.99778023
  25.04369565  25.92819436  20.96095889  29.32401067  23.17632309
  65.90605574  47.22958674  63.74080263  46.08753694  85.43152114
  32.4108106   22.18900806  16.21757037  30.67979063  38.31352465
  39.94087648  51.06863067  23.06630881  72.34360125  63.97674713
  39.39842526  72.73656723  48.82141176  26.65585471  28.89376805
  51.30154769  64.51814205  38.59269318  62.66155606  27.02327807
  65.67831268  35.00733748  35.48841563  38.78965376  81.96665101
  28.85770378  26.21367028  42.78287204  33.44434988  41.34179986
  66.03934383  40.49080927  50.05662119  36.59184264  40.75562243
  22.78810288  97.401161    46.10080619  18.2868527   26.02510949
  57.76244174  22.72673199  26.02405515  49.87908803  63.41545149
  71.77099825  44.40693585  42.67945158  61.64188693  40.39776458
  26.14045168  22.96443788  34.52247284  25.20370745  27.6147427
  29.09856043  49.22057856  57.79714793  70.35952961  48.46180841
  17.49367914  58.43092789  58.23528594  13.32925015  16.49300578
  23.96020246  15.1338992   17.82654357  26.71452376  18.69558934
  39.76630714  69.31610121  62.86380414  73.34181595  26.07980216
  38.66299871  17.16572117  42.32940667  49.80488209  62.38773458
  28.60545971  55.59942994  30.82903549  31.20775912  25.27088066
 100.1637103   64.91159707  47.49109954  62.59530196  77.17755924
  28.76062979  53.25980844  19.69159727  26.47086032  44.8148595
  23.42075505  36.0426248   73.80054298  42.24341558  69.56834212
  59.18624812  28.24323117  47.5083483   24.22899215  20.67283457
  40.03464337  27.86844498  24.93440247  39.55645266  19.22704092
  70.16422592  90.40333679  33.4170871   48.23299032  39.26258978
  46.23404291  21.6638141   18.20872121  54.38431562  23.30442047
  65.40590766  54.1244951   43.90074742  69.89445107  20.53549831
  68.92262448  71.48142979  75.44440128  58.71611535  21.82154977
  60.42387462  18.27726148  27.80103229  34.85776929  19.32758271
  56.36447045  20.38730306  35.88270151  22.73559027  47.18107366
  32.6059314   38.69221258  64.1415122   31.86746826  42.23000704
  67.46602007  64.64145879  80.63730757  82.29259285  16.91078823
  22.55392159  25.7323274   32.72609496  20.9035183   59.1630337
  64.9636005   31.26243163  37.87416278  44.24301238  51.49004877
  74.73835903  31.53946756  33.62284817  20.39514336  26.90381574
  35.60122343  52.07666048  37.76474981  70.33823086  19.53893031
  51.23947819  25.92128981  34.43738291  23.78940445  27.8091978
  28.23899817  21.12220784  92.90544398  81.30386763  38.46779434
  49.3267427   40.1370266   65.97149073  20.13872759  30.94167563
  43.0810219   76.03893529  23.96175219  46.05380634  36.90876726
  19.41954871  19.88068861  33.10641856  60.1953059   17.06104951
  63.64747529  18.17269174  62.14577357  54.66908283  27.72519689
  31.75167852  35.28472687  26.85937531  86.09987114  25.7410125
  28.24350096  14.77503248  34.23122987  36.56873183 123.33645687
  33.08059496  28.68605351  24.33895177  38.86712048  23.7271415
  17.57580394  22.42643407  45.34284463  51.56119871  35.11608296
  35.99325608  37.67573166  44.88429701  33.2348762   38.62939508
  25.79805116  18.02837418  30.2008553   29.45372699  29.17427057
 120.51165087  47.97176465  30.11348775  57.35818712  74.73873944
  14.96001982  85.74325997  48.14920122  35.60763637  65.82963209
  35.93812728  61.48984358  33.51347342  28.01126236  22.55058096
  35.22084114  76.33151582  40.50681501  52.95464906  33.36741081
  45.90702583  54.37098935  26.67959921  64.36329507  37.83383498
  62.1568394   27.49011405  98.87302488  51.31844633  22.98745135
  30.28747495  29.4529723  104.52121627  55.36838855  15.80869352
  27.91909059  71.18442078  75.97656423  45.82409588  70.94626827
  43.855775    23.07250564  28.32568726  65.20865995  44.5833264
  31.97989449  36.13200258  37.44921458  41.81547689  33.45948077
  28.34856946  77.13730333  30.47545756  30.16314169  29.37022306
  49.28779406  43.02533636  78.00193654  20.92571236  52.03325623
  22.48165937  53.45084315  27.33930845  54.56333546  31.45706302
  16.05551763  58.78459864  44.69408911  91.22298287  76.52526798
  43.72557147  47.59542754  38.03219428  32.0470939   34.34980024
  22.99407017  54.442305    68.32541788  43.93379014  14.88760019
  96.74734953  29.76434587  20.75021541  25.17764616  21.40359615
  69.48119172  42.94982627  33.95867759  71.77598533  20.78095396
  17.80925108  62.42998793 109.93550518  64.41423818  62.50105531
  21.09051344  23.23480768  79.72496469  39.81287421 101.95901164
  73.46566699  36.74727745  38.0950211  104.46295669  68.62015465
  34.94091574  28.0013737   32.67559471  46.51205267  53.74000348
  58.23146298  27.61866323  25.19519059  75.77431364  19.22362384
  55.77252424  37.25428569  32.18154196  23.86788298  18.61772256
  58.77581155  45.74190161  25.76469465  28.87174381  73.73078643
 112.2129454   70.49504497  44.69168955  27.40158872  24.58675626
  31.77957779  49.79776657  55.58178351  38.56037161  30.35385746
  31.10683088  70.61953595  36.71480389  35.79096857  63.49560595
  53.85348652  40.26669463  41.55219339  43.08504131  30.39777036
  41.72619254  25.48646988  71.83402695  70.89779994  29.96504805
  20.10913671  81.67538414  44.20671032 117.91499273  19.42514923
  74.06108197  29.82916203  43.02241364  93.30193777  27.36098919
  27.84907197  15.01001123  33.23430364  53.98535944  16.24107388
  23.93964649  25.39375764  89.99623759  28.9572835   20.91924952
  30.46584636  23.71387079  39.29251089  49.31150314  65.08523029
  35.5296075   59.01193105  30.50754684  28.92501411  21.51115069
  29.14363233  30.50399036  22.35542508  51.22918738  15.56270519
  22.92934405  23.59636237  27.28496263  31.88020441  68.12491407
  90.59262506  62.83563821  20.19875364  41.54643178  44.61046141
  18.8965025   28.77035276  35.3231473   45.15161945  37.9725294
  65.69360986 110.11082205  22.54202834  43.10313241  76.94450306
  59.43486356  52.40306803  21.247518    91.87742837  67.48622959
  50.39670357  23.28529278  87.3605097   78.70770876  47.82726697
  38.80559805  50.57349926  44.91868962 122.42743232  55.65703516
  34.59758737  58.95226883  32.82163579  16.19781544  34.25719749
  29.18299341  50.40387366  49.96677635  70.30377255  50.94927464]
Test abnormal scores: [59.10074466 24.96067377 70.18495444 ... 83.15601746 75.02024695
 40.91728465]
