Logging output to: /home/guest/Thesis/MotionCLIP_experiment/results/finetune/fullContras/anomaly_results_random9.txt
Loaded embeddings:
Z_train_normal: (3026, 512)
Z_test_normal: (757, 512)
Z_test_abnormal: (52932, 512)
Normal classes in training: [19 35 44 51]
class 19: n=743
class 35: n=763
class 44: n=765
class 51: n=755

AUROC : 0.7318
PR-AUC: 0.9939
Threshold (95.0th percentile of train-normal scores): 26.4833

Confusion Matrix:
[[  177   580]
 [ 2921 50011]]

Classification Report:
              precision    recall  f1-score   support

      normal       0.06      0.23      0.09       757
    abnormal       0.99      0.94      0.97     52932

    accuracy                           0.93     53689
   macro avg       0.52      0.59      0.53     53689
weighted avg       0.98      0.93      0.95     53689

Train normal scores:  [21.89786037 23.97110574 16.66012311 ... 15.12464915 19.06544686
 23.84863301]
Test normal scores:   [ 96.62657076  82.34199658  85.94035066 117.77084022  33.87897803
  21.63530257  42.82206624  14.38070188  34.43891557  33.06627354
  84.24994185  30.50608311  49.46505202  30.54184486  31.31250978
  33.51629174  42.91411226  55.11483743  44.43292034  18.49584547
  46.32191814  19.26889928  53.92896571  21.52773902  29.3459187
  38.02311725  27.32856733 117.74770837  28.3879037   43.85126755
  18.29332449  26.65790574  28.31885153  24.342685    24.96460425
  61.2075085   36.86070524  78.9803613   72.09174106  62.53227065
  40.36732036  44.81554305  34.4258102   37.41251508  71.04105024
  39.61812166  25.84535232  72.28665331  17.43946284  52.44224493
  32.28356747  14.39229962  51.37460563  29.76275468  64.2997953
  58.64049038  35.52757212  38.68247329  64.01704346  65.33418069
  25.34998766  19.53423084  44.86998132  26.40953605  50.9847362
  50.08728947  24.92510281  37.67286161  55.81493912  15.96320239
  52.39516031  60.75395856  26.077175    68.23994751  34.47820307
  38.00198442 109.89189093  22.60164251  21.13624016  36.14504892
  28.24861008  31.3378565   19.18673586  22.13791271  26.24366872
  41.74668718  65.3415591   56.00120709  52.03950287  21.24819927
 107.59580322  17.34087315  47.50106677  26.32900817  26.9806964
  43.79681075  36.74296776  28.97907016  21.38489512  22.79121325
  35.91246456  34.38118938  55.80061728  21.49616876  45.2417269
  20.63490261  39.92794865  37.83898363  31.57930968  14.03866277
  29.93664079  30.36960872  17.9770981   32.69939717  46.71301006
  19.91408814  33.03548519  28.49511414  39.41928802  92.09992198
  80.50358732  21.54409333  30.55255801  25.2795738   32.67767335
  60.01297982  85.00033997  37.44599213  42.84300184 111.2064765
  27.62728649  20.25862155  31.22891795  48.06596704  41.7698973
  63.46795482  43.35774317  27.84302944  53.07264921  30.19721406
  71.78682346  20.79017031  30.025585    24.76578792  41.5140099
 104.40217937  44.49126579  48.89728574  55.11700943  33.35757159
  68.06123753  84.61157305  73.08867494  67.09169763  96.13647407
  87.22406126  27.44640013  45.30728035  53.43976005  20.79651964
  34.42498538  24.79705443  25.0283503   35.549071    51.52812873
  54.43086436  48.9533294   64.86867125  24.82828402  33.86766585
  40.33475725  28.98986988  46.1055801   25.73302581  39.53362514
  76.19674924  41.82249292  15.12000008  49.01148919 106.75751678
  23.48946318  55.11708185  32.90964599  14.86530598  76.60674726
  50.15854738  40.0202667   49.72869491  24.38654728  63.18103771
  19.66654941  48.96553061  18.64380244  38.48302524  42.08871313
  27.32637595  47.71066176  20.64851444  17.85095731  69.24777935
  79.91124476  35.73192047  34.57689174  75.6267605   36.21861992
  44.21800543  20.79277873  38.07124197  51.66380024  44.64595553
  30.02555226  98.65646515  27.78880414  15.61934361  44.00294062
  31.88612649  98.8322845   39.64841261  23.55015366  57.55756457
  32.56618864  64.02466368  86.66669687  32.71450348  45.18297148
  19.84995911  60.07381682  71.55966426  29.03805641  30.4299795
  62.72945881  19.24786179  74.00796085  65.43233303  20.93880093
  24.91930469  51.90938588  23.71667438  16.51286115  52.01445026
  38.928708    45.71626889  25.91691945  18.0875807   31.07614984
  84.77848563  29.05018757  63.21566521  27.68482181  30.03273748
  27.11544724  25.49788362  64.52290134  23.4572689   66.56650161
  34.23194526  30.50064084  32.73266544  52.8746719   76.33159658
  17.32250098  30.98445454 117.51728747  32.62881302  23.3085006
  38.84758866  39.20086258  25.22912522  29.67867184  62.52624173
  35.17266447  31.86441543  47.61463165  37.88605871  84.43448677
  80.99433878  17.97335624  56.64317111  96.95523242  30.78801207
  87.34703756  70.90604512  36.93713792  26.74966432  35.09478879
  30.6866535   26.4855946   18.76823446  59.05451457  20.49201339
  26.42616117  44.50348724  33.08298684  37.96460308 121.65231749
  36.85455133  18.25060821  44.91226576  14.79311007  24.82161083
  30.52036019  31.03360958  56.8509472   30.8685691   26.29212087
  51.25559372  43.53250426  24.62331799  78.129627    48.96607035
  47.9528787   16.69063898  37.21646522  37.90302356  36.49879453
  39.1545076   40.29452438  56.46018548  56.98198704  39.15155244
  49.2810194   40.89196525  26.63955405  68.00024516  25.32213258
  64.38545636  39.74212575  45.76967704  74.39962541  49.96467479
  68.8791621   78.00522591  44.13426912  21.93904502  28.56299742
  41.49669389  26.55402888  29.4978022   35.25773283  52.14486827
  35.5821491   42.02726765  58.76510278  24.33791894  26.35389869
  79.05357072  49.06146631  38.45787339  27.533573    18.55284336
  31.6911917   43.10516793  79.05609052  34.10061787  15.31728549
  75.09141892  59.46442288  31.99049512  33.47676939  43.7847645
  24.9110236   33.64000866  55.25842463  45.12483471  64.57671317
  14.84080987  60.27821086  39.56749489  46.4197735   28.39345828
  38.7835048   28.70909295  29.9638672   49.00094265  26.76626526
  49.2497095   32.3518927   32.55958881  22.58771682  48.1629721
  31.66983064  21.08274334  26.30227255  66.11796449  35.49376389
  80.9791502   43.06187872  31.82440064  56.64799454  31.49174807
  43.81064805  41.56192725  38.33184438  52.60572865  14.55488184
  47.72628507  31.58350654  24.22428303  42.20546171  21.58929437
  23.39522356  34.21008955  49.66451244  72.09204634  38.50467255
  39.28044161  26.3388403   26.49986847  22.05020154  62.99637469
  29.04086395  38.0124634   57.99094696  20.95196662  64.96180723
  51.15261493  21.97134511  20.9447896   92.14949971  21.32534616
  75.94860958  23.5820603   54.09984855  26.53749433  26.12198442
  37.85647875  67.64937798  22.93483603  23.9868468   18.99000553
  29.25041199  29.58809051  17.22351471  30.84824149  73.75523866
  40.50618847 103.6855667   34.2218427   35.38432074  46.9811263
  39.7303341   30.12110985  51.579169    36.17769635  16.37706016
  22.91966844  16.97570501  15.07884341  43.77615885  51.44347606
  43.30403022  25.1755749   62.07005603  15.56198845  46.52664272
  16.62560428  26.86903595  26.14724403  66.54485803  22.45714309
  29.18754168  39.58798122  32.28092114  21.30501349  22.7062863
  21.24375226  57.17584325  35.29055325  44.85220665  23.69874446
  46.84095473  26.76734888  36.86809763  61.35690118  25.98682683
  29.81566313  47.96323424  71.37005387  51.28361298  24.4983309
  51.61937791  36.483571    26.25363743  74.16327957  41.33115213
  48.13748642  33.64245107  23.52056858  61.62200928  23.23855402
  20.52413617  44.35080225  67.16165512  19.56352365  24.02888533
  56.20392068  37.44686633  24.21829885  28.7448071   32.06375148
  16.75594512  23.92536985  48.95159681  27.61036899  47.88774776
  38.6912538   67.19794555  39.07378681  70.67346668  40.15134276
  30.55362045  51.89070696  15.69658609  34.05640092  75.58099425
  54.69040369  35.84065799  55.31804664  29.19590631  27.52048354
  36.27646007  49.42656296  38.16754607  33.38033693  60.87608857
  32.21374013  48.81388111  43.55139852  83.26632849  88.70752266
  20.98189892  49.11427242  85.67967264  46.35271798  78.27161427
  47.69724635  39.20424945  31.66644251  22.68731365  41.82390474
  22.88219809  51.7618626   33.71567955  21.96612999  21.98608363
  38.50018041  88.69685692  30.77203789  35.14549195  46.74371089
  47.05496682  21.97474678  23.69601366  30.56461208  48.49628823
  30.3147395   23.48864004  55.10768118  22.83378117  29.62963522
  25.44950938  50.10755244  40.97638     34.27940194  34.99213765
  60.1440856   87.98112129  83.56959253  26.65304529  28.80491041
  51.44205095  61.65127576  30.87245514  28.58476703  35.30201631
 129.04649996  72.98086248  24.61452758  68.53968381  41.10017044
  93.52306132  61.83496162  15.21442943  49.50329072  27.58498799
  52.9784257   45.07914696  38.85504985  76.85813458  35.40383966
  23.59137029  17.13540058  33.94401996  28.63732962  35.89798948
  19.33709839  48.59938201  99.20398644  24.23308399  59.2712633
  71.73876611  21.14747524  84.64455928  72.0727994  128.47873495
  34.45380189  56.35864965  26.68705422  39.25668018  19.03893595
  45.79826777  59.70726344  36.50559256 117.62704687  59.86727832
  50.09281851  37.62576288  28.31300828  22.31553045 115.18020622
  20.15152601  46.51814521  64.81551066  53.66878836  38.91262944
  29.34697351  37.62686537  63.75696087  70.89238814  17.13816809
  28.43094388  22.76128253  20.26506361  46.01483556  52.04331613
  37.71421923  22.17854645  35.2895917   58.10598683  22.08077096
  38.52258927  96.43389601  62.42944636  40.95481245  30.36778083
  29.63735864  37.75091621  36.87502766  72.35506393 136.67829933
  29.39103314  59.16811091  51.19887702  29.33285086  33.53364672
  33.35789238  81.63373528  63.68820479  63.05021823  23.95655674
  31.88579385  37.71734616  54.85236748  19.94674421  15.90375235
 102.76222909  43.6154327   59.05874318  66.10825867  42.9061748
  34.20659728  28.17776489  84.45401095  14.99639639  30.17344272
  64.06312879  68.44396019  87.45235643  33.75326843  22.43245241
  23.87057665  37.5303273   50.40754061  24.88085025  82.30376614
  38.65999149  34.90947306  48.746917    57.02389295  24.75965913
  72.49672063  36.49556566  20.40272719  50.5957082   55.93800719
  53.31151859  53.18133451  21.3056062   18.36519372  34.54873286
  50.16347598  30.65416139 108.66087876  32.1223392   23.93135243
  42.85472322  42.75855958  39.42250867  32.0345319   40.3504476
  31.50120311  23.14517371  27.4423449   50.51188376  41.64498224
  68.07155743  36.05062426  42.72985734  28.80557632  48.6125769
  66.40133661  45.61646737  23.38864664  21.44975254  21.26764162
  24.85972858  74.89375354  17.34548732  28.10896394  47.86579179
  66.41445105  28.59587928  65.25446388  53.88672022  66.98300992
  96.89966074  24.18821985  23.2760482   82.25913776  21.184309
  42.15346887  37.0025675   26.64730361  22.50431656  42.60355281
  27.43544224  65.36381488  41.44349121  56.03680308  45.19826407
  23.92211255  26.51010112  47.28432983  47.88842506  21.5283482
  72.24396775  35.03421654]
Test abnormal scores: [53.15495712 29.27853797 40.60733108 ... 83.29354384 54.84718962
 33.73010883]
