Logging output to: /home/guest/Thesis/MotionCLIP_experiment/results/finetune/fullContras/anomaly_results_brushing.txt
Loaded embeddings:
Z_train_normal: (2261, 512)
Z_test_normal: (566, 512)
Z_test_abnormal: (53888, 512)
Normal classes in training: [2 4 5]
class 2: n=749
class 4: n=772
class 5: n=740

AUROC : 0.7420
PR-AUC: 0.9958
Threshold (95.0th percentile of train-normal scores): 26.2661

Confusion Matrix:
[[  107   459]
 [ 1665 52223]]

Classification Report:
              precision    recall  f1-score   support

      normal       0.06      0.19      0.09       566
    abnormal       0.99      0.97      0.98     53888

    accuracy                           0.96     54454
   macro avg       0.53      0.58      0.54     54454
weighted avg       0.98      0.96      0.97     54454

Train normal scores:  [24.82840577 24.60577689 21.61757884 ... 19.43063975 25.84638488
 14.05895972]
Test normal scores:   [ 32.95610922  56.8755933   37.52880473  22.095383    57.13043329
  61.52136772  57.37941022  23.82516151  52.71505283  18.73727256
  68.70944724  81.80011409  31.4772849   85.42013303  43.18962454
  32.96938005  24.10037278  40.14644689  40.53010644  46.74346534
  21.49831756  86.75269937  57.79875097  39.56440846  29.56279689
  47.70564054  39.04197186  29.30668977  27.83512976  17.79899543
  31.84536477  36.33311494  62.58663386  61.52513346  62.76743032
  43.1823344   31.25069935  18.84095392  57.35384606  38.60651043
  30.11231612  25.3168777   67.11108556  22.75819083  34.50830465
  21.13979389  19.8683686   87.45149929  33.73820931  66.62029489
  32.41014114  31.72426907  61.79746507  27.72057791  26.00357517
  42.90242473  27.3613823   47.6184116   75.73029592  39.03574993
  41.50010564  45.47276464  49.52537714  18.36409773  42.54386918
  32.03670542  38.37993941  21.17988179  34.38443143  19.96665945
  62.06271714  50.54791546  33.43052556  43.59104617  75.00696729
  22.34908394  45.44209421  25.49597011  17.15710686  34.76420754
  31.04172215  37.73803254  30.89125907  22.674953    41.62410108
  43.36979498  35.82247191  53.78977162  34.54055768  34.86795053
  37.7048491   28.81246411  34.45693971  44.42531079  33.10072306
  55.00519003  29.45294471  55.18519749  69.22617168  22.70235064
  36.58090918  24.78521631  22.11817493  65.47069535  36.44548153
  35.16944295  25.76427585  64.18747516  62.92722551 100.20531743
  29.4903383   53.00739758  51.12201295  47.46414655  18.44168217
  15.26535401  15.68039712  39.90132146  49.53883757  31.56742975
  95.08621719  26.643872    47.11806578  24.42448435  54.01891033
  23.24154275  36.1444186   86.30539289  46.21247971  73.63975831
  25.67472511  55.67839399  88.10746619  41.55827518  80.15867826
  41.09372015  34.14746238  53.19292772  37.24487153  24.59522476
  27.30188759  59.17303521  46.47365958  25.7128813   37.14714286
  47.05410236  61.14985935  54.12166295  59.74381867  45.06500645
  40.05065616  17.27364036  90.46920826  24.23278148  31.08299086
  31.65299552  51.28039297  26.87200305  50.89182285  23.33593142
  48.66862375  27.68231743  62.17032493  20.32165577  44.24417965
  52.15991124  41.12931578  60.97478234  20.30519603  49.39372252
  41.83203595  28.79160644  46.65054603  38.20926676  89.62276595
  46.7802948   42.3514569   21.66697128  30.95316382  28.8470442
  30.92085038  54.78799965  78.59794854  62.52605922  73.41065567
  37.48815471  30.59103149  47.90770131  53.09610772  31.97203221
  62.87186894  95.72226054  53.9049866   56.21125648 115.44727229
  46.85850478  32.93262007  38.50430506  19.3117654   23.64555875
  40.30631136  41.42979017  30.23397116  35.62699447  29.47200426
  68.13039843  53.20381869  29.34557552  27.26111083  27.7357628
  83.63475288  30.36245651  21.52054176  32.04614901  24.06305342
  47.27522629  58.04652785  66.84235714  23.55004014  20.52522202
  31.050609    36.46406594  44.3195719   52.96230264  85.50467632
  71.04917449  46.12673965  23.12007988 106.20657284  34.6827549
  90.83647157  29.783153    23.50128955  71.08626827  56.5148598
  37.07379827  65.27995373  26.69765127  44.42523537  95.04213851
  36.09941505  38.80148387  34.6958476   23.76627808  70.67872157
  41.07413321  46.09661592  33.42931064  59.30636981  32.63575736
  20.4767731   52.86871336  61.51990683  44.22235142  40.03376272
  53.95868468  63.23582361  27.29776701  48.87754567  70.71261139
  48.16041278  25.5762578   21.73671742  37.92316283  61.8086501
  60.66823448  21.79288386  53.6234204   47.18484198  23.02254212
  95.89432294  30.46092648  56.50024321  29.12216015  22.62979057
  46.2795815   22.42511006  70.10818252  25.80825436  61.5495228
  57.99720399  30.94983138  40.90365251  33.46591601  50.92186677
  27.07651037  39.11880981  32.88669952  29.31721425  31.74843063
  38.13447013  37.99035143  31.45321944  68.4691893   64.76385181
  19.88349209  30.8798711   24.02994179  24.09546618  27.00869192
  57.33096306  41.00141543  60.48206584  41.39057496  69.13712596
  47.72448802  41.16062533  32.55433386  52.13052621  46.9800617
  46.238297    20.06286298 133.95790322  26.74891407  59.21258789
  41.15377538  24.21509535  36.23112644  72.38574637  32.05932134
  67.34947894  26.68867364  59.64660552  25.9935888   41.8464333
  34.29906636  94.68818305  39.84163107  66.82897321  35.09973711
  99.57156353  43.5676212   32.59480125  30.23001013  22.31807686
  39.32289247  32.75521753  59.68752347  23.73643133  22.55476622
  36.99226     31.32557914  42.81439301  23.17689943  34.96119059
  53.9849186   44.47664872  22.62252009  75.35873265  47.4336332
  22.04470735  60.04927921  52.32998132  42.9819805   52.25758868
  67.99105256  31.23252385  23.8138624   35.06403224  61.16580421
  27.51801149  22.40061783  28.06656372  24.59596921  50.99535718
  33.96583316  37.51397179  39.6329704   83.30526069  43.06255485
  29.82538788  51.23305523  34.79015689  25.93270214  40.98019712
  15.7946776   39.32320738  38.96853281  42.46681629  33.05390531
  34.75836749  52.49809052  39.58590107  40.46093121  30.13772095
  21.65998856  34.17263677  26.10290393  41.89718741  41.11080276
  69.91237171  21.19136954  34.0221838   63.30747104  21.01605377
  24.42824272  35.83318623  51.57299222  32.28838782  49.16981585
  54.40587734  33.38111377  41.23759287  80.02136898  22.5693771
  28.24804628  72.6969422   29.74707992 100.60247574  51.62360765
  42.22598135  56.81152849  83.88485714 110.65675607  53.96472095
  27.05182693  29.13004039  29.27975731  18.81897337  31.31201268
  34.30883013  27.66540808  44.01174495  31.10933081  35.4512641
  64.39661222  46.92349589  42.19046788  17.99535052  28.6677911
  52.79539509  36.19577048  20.64190518  96.46207742  47.95822679
  17.83274831  61.12172338  61.71542077  23.54110687  47.06350246
  49.0485496   50.63242461  19.16672392  38.31468516  26.78279477
  18.43158945  30.26653367  40.33776091  50.11541422  22.89186018
  49.43177836  26.55767048  56.37018076  77.11973495  23.77687322
  98.52869067  30.94091285  40.93178854  50.89731617  32.74979299
  37.29033506  38.56979837  65.85654441  62.57147638  61.72380391
  70.25151561  35.42015869  59.15758101  32.93558465  24.98970243
  24.63505375  66.49383404  57.7219869   59.04690151  65.91236492
  42.68170122  71.57750686  28.67750638  31.21372342  30.87839713
  20.40529414  56.06127424  95.05920603  52.44559568  68.84411813
  38.54487565  21.14708131  43.67818522  66.48073881  29.22152421
  58.77825272  25.58259776  43.95930105  67.66856101  49.97660513
  18.22457226  34.65386076  52.90801343  34.20816607  23.40171021
  78.46053928  19.72483426  33.9904137   39.08763281  66.17233219
  24.35940056  34.65838115  33.25215309  86.10183067  59.41788873
  23.08738965  82.13204496  67.93714324  70.27951869  27.1896845
  25.6864101   30.65755206  47.70189475  37.88088638  53.65768956
  39.89445333  67.34246233  34.97593706  31.27138516  67.09639828
  43.88421446  73.33650233  25.82136745  23.06715574  48.27122205
  16.42124812  36.95671813  31.91712337  21.966881    30.97770723
  27.83737989  48.78516175  43.4286155   18.05767667  18.95073174
  33.28159221  20.64614458  36.26124543  27.759782    20.68169131
  86.1654245   40.1876673   56.05141102  30.4335016   41.78608059
  35.67837342  38.00277589  47.13948232  25.52334271  35.32143341
  33.65863796  81.92346585  45.5268999   35.23551096  34.31746454
  71.01262532  29.80165536  23.68057093  38.12091884  92.40889141
  51.11770344]
Test abnormal scores: [61.14677343 16.09756097 39.75552185 ... 99.35916355 47.70892422
 36.01548589]
