Logging output to: /home/guest/Thesis/MotionCLIP_experiment/results/finetune/fullContras/anomaly_results_office.txt
Loaded embeddings:
Z_train_normal: (3027, 512)
Z_test_normal: (757, 512)
Z_test_abnormal: (52931, 512)
Normal classes in training: [29 30 31 34]
class 29: n=757
class 30: n=781
class 31: n=747
class 34: n=742

AUROC : 0.8553
PR-AUC: 0.9972
Threshold (95.0th percentile of train-normal scores): 26.5419

Confusion Matrix:
[[  202   555]
 [  979 51952]]

Classification Report:
              precision    recall  f1-score   support

      normal       0.17      0.27      0.21       757
    abnormal       0.99      0.98      0.99     52931

    accuracy                           0.97     53688
   macro avg       0.58      0.62      0.60     53688
weighted avg       0.98      0.97      0.97     53688

Train normal scores:  [23.29626209 13.97965031 25.34640598 ... 15.59293356 24.16076797
 15.37539336]
Test normal scores:   [ 20.64650693  34.79361073  75.67983806  31.65774042  51.75995033
  67.49842017  28.0389852   25.50788349  91.26513694  63.42566993
  45.83169873  23.28621377  26.31087017  33.81817181  95.83340281
  48.66526272  62.41613085  78.43682507  26.57902944  30.94953794
  43.17894196  36.9343439   59.10568228  34.62951238  50.99277688
  73.53144861  28.70073362  29.43290363  86.06571159  42.95969585
  49.46279031  39.79507633  28.69233613  17.38129061  45.33062315
  35.30408207  15.31578058  37.30949741  18.16692838  55.14280204
  36.94297234  87.47410383  40.16514387  44.56011445  61.08573609
  23.9451895   42.12972448  33.21578864 100.95294856  24.95855787
  37.13585566  86.45687317  32.56494956  25.74314803  48.76621256
  21.59390157  60.18806341  21.87508261  51.89963647  50.31595912
  39.63055066  58.80183967  25.57930565  22.85705238  43.55888153
  51.79216593  31.39506533  21.5595914   27.66158397  87.42979724
  73.12320418  88.13237617 126.20254996  62.99895834  38.59973517
  30.41829719  52.29721579  54.88301683  74.60699884  63.95326207
  16.85087685  80.04203224  27.0964142   48.15475802 102.65580344
  16.65054648  63.0231637   82.38875698  20.53799565  30.84619294
  18.02683118  34.34748323  22.58959095  39.6764371   39.29742232
  97.71145834  53.56757284  73.82140586  51.63285364  26.85528219
  96.55114644  58.65762633  20.98000076  29.89208174  56.26453768
  41.13056762  35.51427877  36.11491991  52.18304787  17.39816998
  53.22431868  56.78445192  21.96743723  58.46356781  56.41776295
  23.80561195  41.64859402  66.53095808  32.61810718  81.59908522
  47.21997048  78.15298164  19.43817897  43.02475336  49.39579241
  20.31596982  88.09921797  27.99959519  20.21538273  56.46500355
  23.84524964  76.3351195   36.12256989  18.46783982  26.16192966
  83.90922962  50.925233    67.63479109  26.62490131  37.95001311
  24.16371216  22.69893528  31.82774436  38.30388127 111.00245399
  19.64937713  36.60521076  32.65227004  43.37184793  53.85961174
  18.78847742  22.89149107  20.80519167  23.25373632  18.23631589
  95.31321139  39.41844185  38.23425443  66.02603811  27.96888554
  34.50659984  44.18489538  34.73254319  16.95254325  27.93714523
  35.74110088  28.0711909   26.46762389  41.56566901  40.30000386
  30.43510175  20.78856328  79.35583577  34.63012661  29.16204228
  31.98490368  49.80798636  32.8615161   73.11304012  52.80075022
  65.57560142  35.85741919  72.37732936  15.57543345  38.82265892
  86.31385661  48.01071879  43.37686118  40.35799435 135.85754995
  38.57160241  90.25460477  26.40380715  23.45257347  33.91833957
  49.0665565   37.61711645  78.71326545  28.5671534   39.04306394
  29.20741568  79.13764874  17.16017288  19.25623236  22.96910531
  64.02486034  77.10319119  25.24430157 107.34305741  31.9736751
  29.58164566  28.83441724  48.45106402  66.34924177  39.33261398
  24.84459435  41.98877799  43.26554461  36.22956886  27.26214094
  73.17309983  39.43956809  43.56078172  28.21538919  23.23820299
  35.7535184   90.40832954  44.38878139  20.82165747  35.73418555
  31.18913816  27.11584448  24.89336249  28.20247351  33.19502864
  24.63972934  34.07658161  35.16533781  17.92687276  16.00874174
  16.75661965  17.33436867  48.34605252  79.19969883  17.36062995
  41.9910168   31.18377051  25.96901639  29.56803638  26.87595206
  29.99788129  21.63715161  42.07794995  80.12628695  58.11217414
  79.6562221   51.21701735  47.22606405  54.59269547  18.98362402
  34.87537112  20.13905551  94.7115092   28.58014284  18.15493395
  89.45667879  52.40377067  24.54064974  86.34130648  32.30298992
  39.12033368  24.65962528  26.84313691  31.2059861   22.73860395
  21.25624314  30.9755594   75.97400391  14.05047621  62.34222488
  18.0834706   37.62284764  32.66689483  63.4826097   20.50167169
  83.87737315  60.1545704   36.17110935  16.5088015   21.71672648
  51.55539787  27.62889184  67.58634143  31.33637057  67.81329801
  22.48365338  22.7034518   15.32481078  25.58167755  63.74631828
  23.30011922  28.40899288  55.14094705  40.93493698  81.84693109
  23.9816304   27.78694435  54.91115898  20.55783242  88.11356277
  40.20131024  37.29739981  41.06574917  73.48888614  33.57409968
  17.02891978  43.34509293  39.11897436  47.36367154  52.94309622
  25.45756585  21.75266479  33.61107288  35.89217799  38.50571775
  63.22862992  30.57206502  81.9224108   26.27532724  62.93399054
  66.36773519  32.21140898  40.01187306  37.1444696   31.69115568
  57.78017045  37.87859516  25.55827991  19.03784791  55.02157137
  21.28628485  41.42227658  87.67316341  51.86401341  72.33491593
  48.59060873  74.81778709  33.44418573  74.3062856   37.94377457
  37.67023076  20.7406309   83.48745466  24.09977432  68.89057569
  28.42414029  40.67757026  84.61864643  21.97462974  45.35981869
  41.81643871  55.35079579  29.74423936  31.34219861  18.96461332
  36.80176637  40.69178516  23.64105115  23.99123591  31.91426782
  23.63550283  89.53222105  56.11746111  71.06790028  69.84693053
  34.05300993 108.9472864   40.96356871  21.44610398  27.70317534
  35.44626579  20.24563185  26.98870857  69.42556519  26.73632326
  22.36055329  21.36195623  48.03423622  98.26003173  42.80594945
  75.61769233  40.96640624  58.54764241  30.42958385  18.28077049
  66.98948171 112.40410292  80.87238333  28.27654499  34.62163857
  19.46520955  53.14600092  32.67229762  35.92153804  57.1268649
  47.56095939  87.8858484   51.55596276  34.26758962  39.25101873
  35.76811407 117.97021826  21.60258702  20.88721187  91.69606458
  36.51057214  43.46296107  17.76721186  23.98342893  57.67965522
  51.39929331  73.29928688  49.98350758  31.76311853  25.57594981
  61.60375733  71.5144823   29.77906245  13.40092594  95.40761698
  40.57048503  46.16145491  18.98867088  16.57159018  81.70916776
  16.7759545   48.549229    36.73994103  40.00913972  50.1853878
  24.78457789  60.14661229  44.36599742  22.81120575  60.49167018
  29.72554579  84.31562719  22.64914531  70.85397099  59.69892459
  49.80536546  42.25205504  47.33165483  24.37367718  72.49430135
  35.88794167  26.34161783  16.8115862   29.87428048  46.21063395
  24.85999701  17.39651353  16.95119068  24.1424302   32.90957776
  22.14432997  46.87198234  23.26370372  62.87219491  21.55281772
  73.00196838  24.86929918  78.22611947  24.45243627  31.01951637
  56.68569412  32.51017426  47.06617843  16.26210556  43.63676728
  54.21555964  68.37928519  27.56897338  24.84445318  24.2840187
  33.7179833   51.51221306  69.14488669  50.37670765  23.11062846
  31.98997027 107.4592739   28.61686343  80.27543126  22.91850278
  28.20276185  56.204259    15.0246417   20.07157824  21.27010897
  60.00049047 102.04678602  15.05404958  51.72768391  49.86476615
  54.13032858  47.25111906  85.29899086  44.91148382  50.04915048
  34.05750284  59.63011301  26.48474434  42.36492233  24.71892751
  49.10979091  26.33481574  17.70862536 120.46494662  16.33799303
  22.61351806  32.51443445  22.91803721  21.04573857  60.07543712
  36.14204104  63.34685455  89.72281803  15.69955225  19.74446796
  12.35268694  32.33507958  40.78832058  67.52116104  28.80736222
  49.71398881  54.77911141  19.60243238  29.66088394  21.67988922
  38.43319329  19.25806042  55.4250306   21.21866752  25.69179881
  25.63771885  43.73231296  40.17900723  34.28607872  57.78807433
  20.77897626  60.62940113  43.95527692  23.50359714  35.02778714
  40.54398731  51.62103468  33.98639951 101.52012526  78.09476766
  26.14615808  27.96012316  28.58783785  17.6477448   46.92672922
  28.48971871  35.1775661   20.25766333  41.72305768  80.52527673
  35.70353477  35.80769751  67.01638064  22.92660931  55.72567501
  44.87754394  67.68846579  62.89154352  46.64762665  24.55514094
  52.78432225  21.09183966  16.96160784  37.7860879   62.18925902
  62.20178112  84.60483137  43.61690595  35.14323608 105.06571646
  36.16494006  18.77214773 107.87499983  93.16192136  49.54734208
  20.3654052   75.26376842  20.23779893  90.79882346  19.20175684
  46.35296744  32.21826204  18.74605585  59.64320517  22.62682487
  81.92235983  70.20807158  21.70122346  22.34850679  55.364271
  27.73606402  37.54695885  28.57150352  21.15890661 102.29035323
  46.88050748  49.16970972  59.35207253  56.43159962  26.27334299
  32.61318056  33.91273206  55.33508871  59.5850986   37.08542005
  68.91656533  28.63342964  78.37711295  29.64755927  37.18093794
  35.8329687   25.97253687  36.05781117  47.82180748  77.26286766
  24.22578774  73.35238759  91.78795683  62.94717061  18.90911945
  27.98042558 109.76131614  33.70657356  36.12760792  45.32882193
  50.34487067  15.61020639  64.07648336  32.01688504  39.01218185
  23.33557381  72.62348193  38.94101629  35.338046    24.66900346
  47.39405922  24.42416111  30.89941141  21.08288602  22.75534954
  37.66245094  58.67589839  38.05430492  51.64426252  44.67763139
  15.53576143  57.97495033  19.82749674  38.3287469   66.80893378
  34.56532363  24.99296938  28.25805218  38.90187756  41.537731
  36.25501529  68.17390318 125.71204395  38.80223872  57.05131321
  17.58189414  36.29898446  36.59104217  68.51725525  21.2642997
  24.3939028   51.5112615   25.68499074  16.77529372  62.35188836
  21.22874708  16.4690479   21.89216758  51.61420787  60.78123395
  41.77974926  34.35406425  28.99118307  27.6857211   47.18841555
  71.39299879  89.39754173  35.17902159  24.01233583  42.13575097
  97.77090051  46.42679971  18.8321369   27.30562983  32.51880532
  63.98697909  41.46391915  43.51509277  37.62837224  19.47489395
  62.48902781  61.41507295  70.48683339  52.50007056  34.47240924
  27.02589939  23.83210782  32.18740793  51.91979721  21.54033028
  55.08024311  39.12299338  69.31548099  23.37309113  28.9760548
  48.51670736  66.19448283  63.09749867  19.13795174  19.61292742
  15.47767683  40.61008407  71.6819433   38.05278876  47.11027997
  19.21209388  53.83440337  62.15024349  26.08246191  32.24053238
 109.01020014  71.40956207  18.48209752  19.27173662  62.15902531
  79.58780264  38.59766194  29.0734988   15.59543395  41.49362501
  38.31712146  48.61209121]
Test abnormal scores: [80.60288026 75.03547795 88.17603097 ... 96.86981791 73.80308778
 86.86194735]
