Logging output to: /home/guest/Thesis/MotionCLIP_experiment/results/finetune/fullContras/anomaly_results_random5.txt
Loaded embeddings:
Z_train_normal: (3031, 512)
Z_test_normal: (758, 512)
Z_test_abnormal: (52926, 512)
Normal classes in training: [30 34 35 53]
class 30: n=740
class 34: n=770
class 35: n=751
class 53: n=770

AUROC : 0.7267
PR-AUC: 0.9932
Threshold (95.0th percentile of train-normal scores): 26.4628

Confusion Matrix:
[[  165   593]
 [ 2523 50403]]

Classification Report:
              precision    recall  f1-score   support

      normal       0.06      0.22      0.10       758
    abnormal       0.99      0.95      0.97     52926

    accuracy                           0.94     53684
   macro avg       0.52      0.59      0.53     53684
weighted avg       0.98      0.94      0.96     53684

Train normal scores:  [23.29911331 18.71128058 19.38883403 ... 24.47725239 26.66393488
 26.59615638]
Test normal scores:   [ 30.97415913  20.38235701  40.0537117   92.79316475  25.99927612
  52.41126505  34.93171227  67.53533136  37.24131567  51.5121291
  76.89908818  47.75604701  77.27765524  57.18824252  32.74062398
  24.29630507  76.37695447  24.34189604  27.87779346  71.04290858
  22.70402582  21.26579508  46.69070171  48.86457199  39.68991909
  74.24896221  41.73159305  19.11483725  48.6643028   30.04153173
  21.02159569  30.84834896  23.20632312  51.48451386  52.69933044
  78.85218411  37.08314236  56.19255651  84.88135489  15.64678773
  37.97586205  26.08355392  24.9388623   18.51222446  68.25035874
  71.53510823  47.49324025  23.32691022  85.97344574  68.55027819
  30.42521603  50.72796148  31.97044941  38.53298829  56.94265985
  25.52758523  29.52266446  33.72578615  18.23575569  41.9156706
  70.42195016  20.89158321  26.69447732  51.59092307  26.34136938
  42.59956053  67.0733192   37.38331144  90.83385999  69.83683758
 144.39443742  38.13813679  23.10590833  29.56799577  38.17729382
  88.26657572  14.63650508  44.42061713  63.96141062  66.28495052
  50.33969193  66.43232402  47.12804964  23.64394478  38.39998596
  19.47444334  45.10131189  30.10684854  37.61633937  44.25802582
 142.15942909  62.70588736  33.37508601  45.19976349  52.2926789
  74.60009037  69.21078911  38.71498968  19.30311029  77.86538156
  32.88385246  54.41625664  34.06697958  32.07919914  62.13184883
  39.41194426  48.88452984  33.98121643  25.77280154  33.82588565
  27.32627346  18.97393335  33.62429164  63.21613009  19.92350056
  23.62112015  41.722158    36.82254293  44.31159923  77.50538503
  78.5767247   37.76444152  21.36338876  17.26500035  29.44502645
  57.74636436 114.58708825  27.08277628  46.39569043  42.38457636
  29.27503772  59.38073671  56.06289809  67.90758212  43.3434109
  28.74972658  34.32509313  34.34006695  36.36507021  13.8072975
  34.57660549  30.82398941  15.11481095  73.47517739  18.68668909
  49.88113025  71.06199953  22.96130722  93.12709904  74.73755175
  59.73743775  28.32404544  58.84619362  25.15973929  22.84663397
  54.55753924  18.04948318  12.01312741  26.67220422  20.44153663
  15.1891302   75.2385818   26.65226421  28.86296303  27.87011852
  23.36004924  27.47038961  77.02975359  22.65573393  16.45770933
  41.23324217  15.46114821  19.19833001  62.30732363  27.26533537
  43.90516217  38.00886066  14.7428616   21.61108987  30.71571484
  36.22915088  61.94323482  22.1023799   47.84708703  23.1388992
  41.70871479  18.26418927  29.38171157  52.51371971  70.70409593
 124.48290042  66.30041553  65.98645864  15.0315267   32.45759982
  26.24604214  15.72359642  37.75821832  38.04720234  33.03881589
  40.47964964  44.45196557  62.0769361   37.26673709  28.79162504
  45.62065264  23.85284948  54.90887289  59.55231412  73.03904179
  35.76645953  39.06572628  50.88120221  28.35829527  55.96512989
  37.05526778  26.24513936  57.12448229  35.77623323  39.84946023
  45.54667958  19.41753798  48.03422975  15.95621453  25.22612831
  59.36485022 104.82064615  23.26175749  23.05222661  56.20243868
  45.56044454  58.71745516  64.11814291  40.12367699  34.46294273
  76.32991262  24.61361749  57.27385559  28.75456395  26.21959602
  48.22825127  32.90490904  36.30897232  35.98142111  24.19822501
  17.29131687  41.63092625  44.55504063  20.89792568  65.30991253
  57.46121213  62.24279288  50.13057199  57.29098215  58.99216015
  64.85155091  50.03989965  23.2930522   68.23615901  54.25503568
  55.71987898  45.63968376  81.90046744  70.48091662  41.5950657
  12.99984475  19.79792881  29.74534549  38.83609583  47.01896932
  91.07881378  48.67984777  77.22031921  54.16560773  52.19486765
  40.64643217  20.39202348  22.61746436  61.22866171  50.07405403
  41.95344579  23.82248726  69.78925254  72.53444974  53.53652929
  26.2369213   58.72279478  23.0145724   27.88848156  52.68631781
  64.61239322  41.05324362  48.42505038  36.0654782   45.38023733
  32.53017529  71.51956688  22.68102282  45.09343951  27.59143024
  54.20903518  27.37720386  30.79054729  53.0400594   28.83205508
  45.90443172  38.86578174  29.71940322  31.87600852  91.92061732
  32.10790872  69.74978816  47.3085957   79.26111584  47.27119955
 103.74319602  38.99670109  80.04158696  42.83808646  66.19700536
  24.50782098  42.91598694  49.8046777   30.85396838  23.38550815
  88.29592874  72.83298885  25.14495539  43.96264385  49.23024883
  51.26434601  19.0354089   47.52086954  56.82079402  27.9324407
  70.04364273  32.37956275  23.21474685  64.17420564  59.42142596
  29.07470115  23.41692395  25.30644924  41.01095473  26.71822678
  46.94451404  27.43874455  61.09629046  31.4261272   38.7876836
  31.09644139  26.34469078  46.33356968  45.97210386  24.39112928
  26.84401368  39.1517447   26.9935513   37.42920946  19.85979887
  70.46138558  24.82336618  33.19257654  16.50795092  22.70328168
  24.28814617  22.63962074  27.60862938  34.24246101  16.59816284
  29.35647969  48.64832161  18.83032357  27.28908263  24.06595476
  19.86738911  60.29206578  54.48113686  63.32604516  44.53269228
  48.23237935  57.57476567  91.92284     28.76625567  55.48809443
 108.99241445  29.39638258  19.76111334  46.08861733  86.84629848
  67.58414961  22.62115905 100.31702657  46.27709016  61.48140157
  36.06237412  55.19252882  41.97356535  39.69589847  25.39342449
  51.07988256  31.27506503  31.86389538  26.34091894  28.69080023
  44.08177303  42.93035677  27.53554691  66.86609965  54.79721088
  17.47898499  31.55108409  17.24229754  30.44473245  27.89151369
  48.843753    25.95350533 107.48050509  17.22414442 106.07580762
  32.72074106  54.92495692  21.91657913  50.98534726  53.25205517
  70.83986374  53.45730509  23.71594565  52.66227594  58.04349163
  94.64140188  42.44692443  48.23312735  66.61452783  33.48955018
  39.24139265  33.05557424  63.23304299  83.27218182  25.14763221
  16.57366341  14.13793938  82.66343576  62.7415638   33.4495351
  31.72013455  23.14690022  92.57011746  59.84245869  23.40209487
  65.87223897  28.72989935  33.49291265  19.42889129  22.45423882
  35.40330593  38.6130255   78.00545974  30.34813347  20.72353866
  40.59293066  13.82801899  29.48506365  56.53442919  42.98465666
  33.48688765  66.26385167  58.80577696  69.75301185  15.32427117
  30.70822576  60.8042256   22.13959632  69.01263334  61.27889187
  33.81086872  67.67089914  37.67522088  42.99227546  29.96559991
  43.06417998  83.4650098   30.46087812  48.7518777   69.40801993
  44.5554217   47.50064732  45.82634138  30.3041501  104.12000243
  45.91401028  67.92549435  86.26557164  59.93687994  36.71221503
  69.89356194  42.36849165  41.9275894   27.69633815  48.39865696
  48.49441686  34.32761919  68.64148762  26.04835918  29.12173051
  23.21235856  22.6853101   19.70172257  64.41201495  18.42472696
  41.70800969  48.29234929  66.58683102  28.33483145  35.61499605
  20.43748034  33.44675486  26.78688647  41.76221271  93.31319096
  55.57664898  17.49257233  52.60789049  52.68344539  47.17771977
  50.73718993  30.37642588  24.31622197  47.20598209  56.24675215
  36.69483335  34.7518691   20.0039828   72.63107803  96.27281097
  61.07887588  49.56238374  79.91258164  27.04338183  32.38066113
  57.91011818  27.01262295  46.96974708  36.45191692  31.52908658
  59.23959349  57.94360706  41.11031921  46.81712441  27.48293627
  53.12623067  18.27332151  70.61561561  19.5885184   18.69165814
  38.21255539  39.54559416  22.80543892  35.04797803  61.52391889
  72.03919193  68.37531585  53.44599805  40.93577147  31.53182466
  53.48674515  35.16846947  48.73418371  41.43707863  24.50296076
  36.91006089  35.24025968  18.33260703  25.04653813  36.12042851
  54.51879682  57.43026668  34.47982047  75.85442116  32.8276124
  23.53443783  55.73353877  52.76701993  34.83221215  39.47791633
  75.91793374  59.65344628  48.45660147  42.62305538  69.5813758
  58.03503582  46.66319447  66.74012143  72.06807897  82.22644894
  58.46795392  68.90340075  19.29659392  64.7598456   26.24956497
  25.67749997  19.72664666  47.87428261  67.7767731   23.85309887
  22.77889138  69.50692117  54.64131402  27.94253237  44.17282538
  31.13899902  52.39528232  21.25009282  25.19541251  37.01956472
  17.54192638  43.01261791  32.9259701   29.47403662  27.83504278
  65.45385806  31.062166    24.09361705  33.99707939  24.88427999
  27.00170305  33.55584654  25.40783593  47.41832848  73.80955618
  36.18782599  47.85585586  43.30741019  73.21309023  49.96809775
  26.56803116  25.51694122  40.31767794  58.73324608  35.99901507
  54.75190548  44.42589454  16.71357452  65.32979921  32.82499522
  73.68717638  30.60101947  27.07258072  28.73241582  34.86387226
  32.16673693  30.94219805  66.19815408  41.33925698  17.95659657
  59.75462496  39.77118359  20.25205795  23.92810766  55.69912352
  46.3428586   49.02641861  48.40362541  45.04662837  22.32490867
  40.02423585  17.51149547  50.10199547  19.99905377  61.16814442
  31.3133186   63.34881209  22.25106873  51.09342262  37.39847758
  40.07246483  39.50806455  38.73845161  41.23758559  53.16280822
 100.22351685  42.30665511  33.56406283  41.84945335  36.83446349
  23.7453276   59.7810081   54.67489224  37.90345843  58.17967394
  20.22262914  35.47729039  19.13211485  54.83537145  30.92866326
  36.65546351  62.08373626  40.75533042  27.12328603  39.93325948
  65.15718475  69.55516585  40.09257703  20.33508397  69.14921978
 103.08235982  51.69354427  18.98595107  39.71276858  24.17901244
  21.47661054  31.22653069  23.75269973  56.87348196  56.57380807
  50.03391044  27.48519385  55.32593544  61.59110914 100.30142719
  19.33512654  62.30725704  43.78127301  39.98295769  51.914297
  54.63556705  29.32974805  25.60586374  18.21987273  35.32323691
  34.15252753  39.19230048  40.09816692  75.54176717  63.93403418
  63.00501792  75.15159893  23.44342318  32.94302009  29.58987151
  36.41287222  50.17247415  44.11754398  70.16059148  27.71711021
  39.82795704  26.97341745  32.72258944  18.68443842  27.12796008
  86.04708818  49.72625782  17.03315592  34.0682902   39.99546287
  32.90443546  60.1951586   48.29463776]
Test abnormal scores: [81.88024451 14.17868523 50.56768398 ... 87.18395323 66.48948789
 31.95216684]
