Logging output to: /home/guest/Thesis/MotionCLIP_experiment/results/finetune/fullContras/anomaly_results_dropping.txt
Loaded embeddings:
Z_train_normal: (3016, 512)
Z_test_normal: (755, 512)
Z_test_abnormal: (52944, 512)
Normal classes in training: [ 6  7  9 10]
class 6: n=738
class 7: n=763
class 9: n=762
class 10: n=753

AUROC : 0.8133
PR-AUC: 0.9961
Threshold (95.0th percentile of train-normal scores): 26.2728

Confusion Matrix:
[[  127   628]
 [  833 52111]]

Classification Report:
              precision    recall  f1-score   support

      normal       0.13      0.17      0.15       755
    abnormal       0.99      0.98      0.99     52944

    accuracy                           0.97     53699
   macro avg       0.56      0.58      0.57     53699
weighted avg       0.98      0.97      0.97     53699

Train normal scores:  [19.64207363 24.17451574 26.71727573 ... 20.04311409 24.23431385
 21.01205316]
Test normal scores:   [ 37.64329479  60.83325419  29.36374022  39.98930259  64.0117851
  22.29031001  39.58997914  59.65274098  37.43812207  19.51272146
  50.86199413  59.89683137  26.55590151  60.13987248  41.5084785
  17.07609519  59.12281791  32.02153068  41.06710537  89.66156579
  26.16194271  36.46758767  48.25639686  60.34170802  49.5981732
  31.3286784   66.52444018  40.53129455  67.6739825   34.86634018
  58.69227388  29.45890327  75.94320161  32.90220637  23.98947299
  27.74241676  50.11879867  41.40640234  33.25992351  36.87495606
  26.29297594  40.23052318  39.4776356   24.9157267   52.40658795
  22.60373096  57.12115946  41.30291376  46.73749018  29.48598869
  21.7354736   77.86016566 117.36338323  27.72416856  49.4841094
  30.87409229  35.18839381  17.3336791   32.52958792  37.96846064
  40.24248808  47.08207297  15.79453951  39.61786164  37.22859085
  48.01893507  55.97035296  45.37147672  39.0908616   78.94290401
  95.06160324  42.85424274  29.47705037  21.98407101  30.44772325
  36.09867846  33.88854498  43.93944403  63.37583724  27.13303444
  29.76686255  33.73894677  23.31501003  72.57490422  39.9414213
  49.2928115   37.9939133   35.78328914  30.24775266  38.47462178
  26.76375519  20.85331954  30.08373218  55.61292864  35.7077393
  26.97330982  48.14092826  61.36608438  23.97302139  43.12050113
  91.59824741  32.59940971  38.90997519  24.63834892  32.27291355
  23.00708528  35.81181554  27.20313214 103.7220422   95.31419535
  35.60660317  33.22463772  52.11005312  33.96952661  20.73423262
  30.98526743  29.43067039  25.60574537  23.8156806   30.078219
  56.70206228  73.65209094  52.45421591  33.28697902  29.29568266
  51.26753349  39.18852173  49.46288935  48.30323738  48.06275956
 121.6167767   21.28039032  49.55903465  41.71267424  30.0672549
  30.36345736  97.87824678  35.91738715  48.02626887  21.79201107
  42.45672636  94.53303531  18.65854168  67.18169209  27.68661662
  51.75642383 106.88483176  70.60384372  26.79332534  24.35268094
  28.57533045  24.35195372  58.78919435  44.59436086  43.95697962
  69.36068827  39.95368953  47.25002449  25.64737157  19.26651735
  29.9787655   63.58233632  32.63808294  59.60733287  23.00972192
  38.93108994  43.99509369  47.21224553  40.51814575  36.59863431
  35.48295494  30.18869074  38.08591989  37.52240093  54.46393453
  42.07767842  45.2134512   23.30788703  52.82392294  20.48321831
  27.09214911  47.78518916  27.55427799  47.6552073   42.02564
  48.96384741  73.65115028  23.35557305  39.24153026  33.09647981
  20.50307921  36.55097062  35.9595969   24.68786672  37.20820515
  95.3827901   29.70870907  93.55115628  48.59291293  25.83651337
  76.25323177  22.88765719  31.74272593  22.12645615  25.84616624
  25.10968761  86.81365922  15.39077714  50.20732799  59.34308415
  31.27610352  35.20668108  98.4289941   33.78949311  65.18308605
  31.44574093  43.1348299   26.24472746  57.47874699  32.56735346
  45.80017118  37.41463523  29.80760115  46.86294436  31.80737567
  37.54349982  46.56172578  45.07852897  44.49119158  34.01246152
  80.98708359  60.62656584  56.4482672   30.79752467  73.9311899
  29.76507593  60.16377072  41.07841234  67.259205    70.9270615
  56.56619732  23.79926451  32.73953423  43.56629785  76.97315799
  44.81251563  38.15412168  39.27798156  40.54894464  96.61909521
  32.63364019  26.99918235  42.5290156   83.10588952  29.68899217
  34.04475004  24.9514087   47.43816987  83.76923142  63.36386778
  67.70243861  60.56420224  32.00292573  26.93869298  31.40346823
  67.22345198  54.25013153  60.37355463  36.79759225  40.29128842
  53.44233048  18.96026262  39.12418605  19.28142773  25.27943575
  44.07232318  26.86624125  56.74666891  60.46437024  35.46764044
  44.37794397  42.14369178  27.70682647  38.09103199  29.33945361
  20.28070412  46.35319172  21.92409852  48.19913494  34.75560378
  53.60945766  19.03710534  25.04524096  48.65867114  48.07367423
  45.89276276  38.93009346  21.12441323  30.09349233  21.54409931
  28.95344826  22.87073899  31.71474086  74.43434012  69.00783124
  22.52741045  22.71770377  23.17599762  33.9410311   20.44668217
  21.74616255  40.59212196  43.63496064  69.99149991  64.5893348
  43.24664294  28.46096871  83.00519728  31.68556     43.05422898
  65.41306785  20.81540803  28.18971068  28.50145977  52.15901832
  68.59362239  24.304992    38.33669027  31.09606897  42.9442148
  35.07142961  47.86784113  20.05052469  69.00619462  43.77381467
  41.78620724  39.02981179  49.63995345  53.56414862  31.70546614
  31.02576822  43.71155176  33.73362053  21.67880734  28.92949533
  32.64141124  44.38962359  83.20488883  32.98137185  46.60559843
  27.2119314   21.69850903  35.13355408  35.47640667  38.15889817
  33.32414561  59.57134942  52.89464554  19.68236012  47.18798545
  38.70989693  46.02828084  39.02527689 112.87445686  43.76625927
  60.5920786   47.408669    18.68844087  22.17837002  43.88650794
  29.63568888  29.20343279  31.55795341  43.97179413  16.43640512
  54.61336652  30.25254109  36.59824871  42.8175237   40.97548228
  74.71522827  56.03670871  42.29087799  50.03185206  45.2296784
  54.88499265  41.79158525  36.75747313  30.2214906  114.29940089
  33.45171985  49.82272098  34.27565391  56.16268388  44.1878779
  37.03374423  37.70677213  42.48854065  40.93954582  31.36591459
  42.80612246  34.43255276  45.76036677  57.28637093  48.45296645
  18.1067746   38.68479642  32.47183921  43.85054595  38.63598188
  89.81036225  35.44416162  85.07791978  39.97730074  37.29218812
  60.48486313  29.08887281  24.17540727  38.39093409  37.33707882
  46.06588252  41.63685207  37.94929762  38.67784968  48.37439388
  27.53265547  44.50887471  65.93007154  50.93129389  42.31916482
  71.6739435   36.800762    27.43786962  56.7699617   42.74322826
  29.18760536  40.2348881   16.96974273  22.45004042  47.03660884
  25.53856081  44.65396422  32.53857393  25.37255299  43.9797446
  37.8207129   72.39735105  56.9009601   27.67867633  45.44597632
  52.68367733  24.28183046  27.30134233  27.73581678  24.36673889
  29.44756899  63.54731867  24.44277824  31.27304851  33.63085385
  51.08642669  93.00967036  26.90447338  22.84860761  23.42987644
  32.94704572  47.8447614   97.54823141  86.84365427  40.65241078
  41.63324324  51.47844255  37.11414487  40.83631013  17.59367152
  33.75922462  16.68716788  34.58000792  74.79581134  40.10798785
 106.64226471  16.04631452  73.24902176  25.33099018  38.75146808
  37.27777324  36.13696707  25.40580525  56.43841921  18.70905322
  43.61027195  80.55996964  44.07539813  23.65215402  26.89909497
  46.51693517  40.93399378  51.07956088  75.55535819  22.20811091
  39.02579307  41.74411326  36.03302401  43.22184983  31.81877954
  29.02433155  87.19727121  95.35803262  31.3443369   43.08372643
  44.63646913  39.20406962  24.66446047  67.93224135  40.83170514
  61.37409518  30.88124743  21.80322923  31.84275964  78.9055958
  44.20808899  19.72915532  20.07088106  34.2531353   19.61353621
  33.01727957  28.24621139  21.22294481  38.56345503  41.1187785
  32.32268482  21.90444068  25.10579511  42.36022359  92.84626086
  50.20692226  32.99579965  22.31046195  55.69456162  54.55270498
  22.18339547  59.35788392  35.33871419  29.39764118  44.72358537
  33.77221152  24.67841606  47.09484127  48.31207332  38.5232729
  85.1469754   30.82496629  25.95575378  26.53836553  18.68828547
 104.93854444  55.12226642  45.85358363  33.30226693  43.96575923
  30.01538555  35.03853838  31.69073373  56.65353641  47.57665666
  53.05639945  61.75285543  28.41844584  36.611945    32.04772228
  38.73834212  57.53961358  20.74188364  62.72654532  69.1496931
  40.52305754  53.04700972  69.27071663  30.47379022  71.72066311
  94.42944773  37.3944617   30.20650559  60.44038259  67.30209135
  45.93875102  28.3690725   36.56387777  55.13418498  22.38678442
  34.27200238  23.11646327  56.54631129  58.90411751  46.67813957
  44.85872504  26.59610119  37.95658753  30.34802559  36.06720394
  37.40123688  62.12365391  47.120066    69.85191804  40.46856371
  40.48622884  43.97614981  63.41190173  69.46008945  27.92220323
  22.83992091  42.673683    48.08005018  75.67007638  45.2959109
  55.25270676  45.7910685   24.8556857   28.85932526  26.03282761
  40.19437444  43.63893439  33.77316449  64.28683448  54.36186078
  26.56955932  34.31989586 157.12116071  39.54059282  63.80657467
  23.80414654  40.60992259  62.98478994  71.36485985  32.30790953
  36.96802079  29.65738028  27.79905289  30.79606827  22.52378612
  46.57112577  35.2952958   42.14219973  65.43324493  26.81482998
  36.63406762  20.19142177  41.41306899  32.43005599  23.81302476
  21.15108058  28.7374656   63.44975341  62.61385164  37.34115493
  43.82274404  28.54955143 127.56509579  20.30465383  43.67304461
  40.61639933  37.58655275  57.94050094  23.08757943  47.21110762
 104.9323108   39.74457684  80.14104073  29.50433651  35.51442128
  42.03027408  28.47439792  50.2191722   21.79060276  71.34497828
  56.57208665  27.56712985  73.89546821 109.40590842  30.46583736
  30.47228917 107.02525133  16.6762445   43.3500987   40.90874524
  59.30837139  31.25446285  34.49438648  39.60542489  20.05893918
  81.84537233  38.33873274  42.41241681  29.35392706  20.96645808
  26.63328306  29.70010714  27.49068228  33.57997178  25.75717676
  32.58802432  24.22638884  42.25524252  38.38551274  43.41662376
  49.25177315  62.57674402  27.64215378  79.13906593  74.60391253
  25.83367799  25.37376412  40.13398202  40.29806749  24.52660247
  51.01234451  80.57343351  29.69136808  25.31976414  31.54987342
  44.38361093  41.41353823  36.89391122  37.41368184  36.1031716
  27.73175576  23.49560222  51.4976807   24.3882196   50.62688372
  22.62667667  30.77239526  21.1136984   44.00727997  46.44074803
  68.66903851  38.01534988  53.52272459  21.3708984   32.59938016
  32.76752847  43.34450507  47.33352464  33.30998169  44.03952641
  33.65690574  47.42340447  24.60259422  65.62438449  45.34982425
  46.45640933  39.12406934  28.65555728  45.59579328  16.89595592]
Test abnormal scores: [ 50.12151178  89.32536186  65.94288355 ...  88.4958005   55.09778866
 100.81167619]
